4.75 7.02911 8.84416 10.2231 8.87343
5.25 7.02911 8.84416 10.2231 8.87343
5.75 7.02911 8.84416 10.2231 8.87343
6.25 7.02911 8.48376 10.2231 8.87343
6.75 7.02911 8.48376 10.2231 8.87343
7.25 7.02911 8.48376 10.2231 8.87343
7.75 7.02911 8.48376 8.6594 8.87343
8.25 7.02911 8.48376 8.48066 8.84933
8.75 7.02911 8.48376 8.48066 8.71661
9.25 7.02911 8.48376 8.48066 8.71661
9.75 7.02911 8.48376 8.40488 8.51551
10.25 7.02911 8.48376 8.40488 8.51551
10.75 7.02911 8.04331 8.01568 8.51551
11.25 7.02911 7.71154 7.96616 8.18037
11.75 7.02911 7.42224 7.95671 8.18037
12.25 7.02911 7.41474 7.7857 7.94351
12.75 7.02911 7.41474 7.64381 7.94351
13.25 7.02911 7.11441 7.51881 7.64179
13.75 7.02911 7.11441 7.51881 7.64179
14.25 7.02911 7.11441 7.51881 7.64179
14.75 7.02911 6.98091 7.22073 7.30183
15.25 6.87661 6.96777 7.14503 7.00725
15.75 6.87661 6.87244 6.91587 6.87888
16.25 6.43978 6.67644 6.91587 6.72944
16.75 6.37297 6.51317 6.91587 6.53166
17.25 6.36753 6.35816 6.79809 6.42977
17.75 6.1245 6.30287 6.79809 6.22468
18.25 6.01573 6.30287 6.30341 6.19094
18.75 5.87062 6.30287 6.30059 6.02102
19.25 5.87062 6.03738 6.21256 5.90658
19.75 5.54771 5.86412 5.98161 5.79863
20.25 5.54771 5.81305 5.93595 5.65611
20.75 5.38354 5.73317 5.74007 5.49802
21.25 5.22589 5.54606 5.72789 5.41326
21.75 5.09374 5.48423 5.59673 5.26533
22.25 5.06242 5.32725 5.42961 5.1539
22.75 4.90993 5.18579 5.30533 4.98333
23.25 4.68763 4.96841 5.20416 4.98333
23.75 4.56888 4.81593 5.06221 4.87538
24.25 4.39732 4.65827 4.92218 4.78973
24.75 4.23606 4.55854 4.81653 4.65281
25.25 4.16636 4.45186 4.71503 4.49985
25.75 4.05524 4.38822 4.63921 4.47469
26.25 3.99536 4.25227 4.56961 4.41688
26.75 3.94019 4.18974 4.53994 4.33797
27.25 3.90933 4.13354 4.44493 4.27441
27.75 3.84316 4.07403 4.39172 4.23108
28.25 3.84316 3.97508 4.29332 4.15937
28.75 3.78308 3.89963 4.25179 4.10145
29.25 3.72016 3.85569 4.22435 4.05855
29.75 3.60957 3.75024 4.16919 3.99002
30.25 3.56992 3.69435 4.12388 3.9484
30.75 3.53693 3.67475 4.03498 3.84577
31.25 3.40009 3.55081 3.97783 3.84577
31.75 3.34297 3.50905 3.91516 3.78515
32.25 3.28554 1.01801 3.8596 3.78515
32.75 1.00597 0.958299 3.82181 1.38371
33.25 1.00597 0.906726 1.25909 1.37422
33.75 1.00597 0.876737 1.18473 1.24226
34.25 0.891236 0.85558 1.16267 1.24226
34.75 0.8766 0.852098 1.13174 1.19981
35.25 0.8766 0.839027 1.12759 1.16951
35.75 0.8766 0.839027 1.09134 1.1692
36.25 0.8766 0.790246 1.02325 1.1692
36.75 0.8766 0.776364 0.99241 1.15518
37.25 0.820524 0.753972 0.968355 1.12523
37.75 0.796975 0.742498 0.934187 1.10023
38.25 0.796975 0.712188 0.934187 1.08659
38.75 0.761815 0.700656 0.882476 1.08108
39.25 0.760749 0.670304 0.872932 1.07328
39.75 0.760749 0.662965 0.857166 1.07328
40.25 0.760749 0.641474 0.857166 1.06822
40.75 0.760749 0.600754 0.823225 1.03615
41.25 0.73086 0.571031 0.811005 0.980489
41.75 0.73086 0.522621 0.764675 0.935377
42.25 0.73086 0.475945 0.721614 0.917665
42.75 0.73086 0.442365 0.665806 0.917665
43.25 0.655363 0.397036 0.642649 0.906848
43.75 0.601144 0.39174 0.634395 0.879506
44.25 0.595828 0.362498 0.618214 0.859267
44.75 0.595069 0.341813 0.613492 0.832769
45.25 0.595069 0.314081 0.583985 0.832769
45.75 0.595069 0.258885 0.566969 0.82912
46.25 0.52887 0.244968 0.539008 0.822174
46.75 0.51592 0.230183 0.499018 0.801646
47.25 0.459168 0.198305 0.485249 0.777074
47.75 0.455036 0.147426 0.442936 0.744848
48.25 0.446284 0.114875 0.420021 0.716167
48.75 0.390796 0.0890165 0.396157 0.698646
49.25 0.342573 0.0554177 0.36269 0.68368
49.75 0.310736 0.0197463 0.352717 0.668712
50.25 0.247167 -0.031202 0.312481 0.65432
50.75 0.247167 -0.0648128 0.272385 0.611418
51.25 0.18769 -0.0871508 0.241489 0.592483
51.75 0.18769 -0.125787 0.216273 0.578889
52.25 0.168294 -0.153204 0.189254 0.571916
52.75 0.118972 -0.192832 0.16088 0.531495
53.25 0.113687 -0.218202 0.12496 0.531495
53.75 0.0712827 -0.24722 0.114201 0.499523
54.25 0.0178594 -0.278643 0.0866735 0.449259
54.75 0.0142232 -0.290527 0.0711791 0.449259
55.25 0.0142232 -0.31243 0.0534558 0.404583
55.75 0.0142232 -0.344746 0.0190863 0.392854
56.25 0.0142232 -0.35095 0.00279151 0.363506
56.75 -0.0849996 -0.395803 -0.0419152 0.338459
57.25 -0.0849996 -0.430984 -0.0654047 0.315613
57.75 -0.119497 -0.4615 -0.0946159 0.306846
58.25 -0.169245 -0.493599 -0.111588 0.271083
58.75 -0.174179 -0.523048 -0.144162 0.25991
59.25 -0.174179 -0.536076 -0.159668 0.207132
59.75 -0.174179 -0.554031 -0.173152 0.192877
60.25 -0.174179 -0.567326 -0.193404 0.168858
60.75 -0.174179 -0.591508 -0.208971 0.132641
61.25 -0.174179 -0.608945 -0.242853 0.127604
61.75 -0.174179 -0.608945 -0.256133 0.10546
62.25 -0.278749 -0.653562 -0.298429 0.102802
62.75 -0.278749 -0.65468 -0.298429 0.088246
63.25 -0.302958 -0.663885 -0.316646 0.088246
63.75 -0.302958 -0.694621 -0.353558 0.0684532
64.25 -0.302958 -0.721105 -0.395924 0.0384759
64.75 -0.302958 -0.769178 -0.399358 0.0179857
65.25 -0.303232 -0.787138 -0.405455 0.0130836
65.75 -0.315195 -0.787138 -0.42154 -0.0250289
66.25 -0.373687 -0.836351 -0.426482 -0.0564788
66.75 -0.373687 -0.853335 -0.468875 -0.0682925
67.25 -0.407735 -0.870565 -0.489763 -0.0879474
67.75 -0.407735 -0.905196 -0.538249 -0.0879474
68.25 -0.407735 -0.912188 -0.549626 -0.129466
68.75 -0.432437 -0.912188 -0.578632 -0.158772
69.25 -0.432437 -0.956356 -0.591308 -0.158772
69.75 -0.432437 -0.964646 -0.631611 -0.160121
70.25 -0.46207 -0.964646 -0.645995 -0.186933
70.75 -0.46207 -1.01676 -0.645995 -0.188765
71.25 -0.46207 -1.03636 -0.647892 -0.199484
71.75 -0.527038 -1.03636 -0.666718 -0.206463
72.25 -0.527038 -1.04666 -0.666718 -0.227464
72.75 -0.537785 -1.04666 -0.666718 -0.256896
73.25 -0.570399 -1.10089 -0.684459 -0.268414
73.75 -0.611321 -1.11045 -0.693228 -0.271984
74.25 -0.659582 -1.11294 -0.703054 -0.285064
74.75 -0.659582 -1.14888 -0.703054 -0.318891
75.25 -0.659582 -1.18692 -0.703054 -0.318891
75.75 -0.659582 -1.19403 -0.703054 -0.318891
76.25 -0.659582 -1.2072 -0.703054 -0.318891
76.75 -0.684277 -1.2072 -0.703054 -0.318891
77.25 -0.743391 -1.2072 -0.703054 -0.318891
77.75 -0.743391 -1.2072 -0.703054 -0.318891
78.25 -0.743391 -1.2072 -0.703054 -0.318891
78.75 -0.743391 -1.2072 -0.703054 -0.318891
79.25 -0.743391 -1.2072 -0.703054 -0.318891
79.75 -0.743391 -1.2072 -0.703054 -0.318891
80.25 -0.743391 -1.2072 -0.703054 -0.318891
80.75 -0.743391 -1.2072 -0.703054 -0.318891
81.25 -0.743391 -1.2072 -0.703054 -0.318891
81.75 -0.743391 -1.2072 -0.703054 -0.318891
82.25 -0.743391 -1.2072 -0.703054 -0.318891
82.75 -0.743391 -1.2072 -0.703054 -0.318891
83.25 -0.743391 -1.2072 -0.703054 -0.318891
83.75 -0.743391 -1.2072 -0.703054 -0.318891
84.25 -0.743391 -1.2072 -0.703054 -0.318891
84.75 -0.743391 -1.2072 -0.703054 -0.318891
85.25 -0.743391 -1.2072 -0.703054 -0.318891
85.75 -0.743391 -1.2072 -0.703054 -0.318891
86.25 -0.743391 -1.2072 -0.703054 -0.318891
86.75 -0.743391 -1.2072 -0.703054 -0.318891
87.25 -0.743391 -1.2072 -0.703054 -0.318891
87.75 -0.743391 -1.2072 -0.703054 -0.318891
88.25 -0.743391 -1.2072 -0.703054 -0.318891
88.75 -0.743391 -1.2072 -0.703054 -0.318891
89.25 -0.743391 -1.2072 -0.703054 -0.318891
89.75 -0.743391 -1.2072 -0.703054 -0.318891
90.25 -0.743391 -1.2072 -0.703054 -0.318891
90.75 -0.743391 -1.2072 -0.703054 -0.318891
91.25 -0.743391 -1.2072 -0.703054 -0.318891
91.75 -0.743391 -1.2072 -0.703054 -0.318891
92.25 -0.743391 -1.2072 -0.703054 -0.318891
92.75 -0.743391 -1.2072 -0.703054 -0.318891
93.25 -0.743391 -1.2072 -0.703054 -0.473353
93.75 -0.743391 -1.24885 -0.703054 -0.478288
94.25 -0.743391 -1.29981 -0.703054 -0.518207
94.75 -0.743391 -1.31555 -0.83625 -0.559172
95.25 -0.743391 -1.38689 -0.878027 -0.617388
95.75 -0.743391 -1.43642 -0.966653 -0.670397
96.25 -0.811963 -1.54975 -1.04996 -0.745036
96.75 -0.856012 -1.54975 -1.11943 -0.796636
97.25 -0.904255 -1.59122 -1.18391 -0.870052
97.75 -0.967274 -1.64041 -1.24577 -0.933634
98.25 -1.05081 -1.70294 -1.31843 -1.01116
98.75 -1.08593 -1.7456 -1.3885 -1.08883
99.25 -1.1567 -1.80645 -1.44474 -1.15605
99.75 -1.20286 -1.85091 -1.52663 -1.24763
100.25 -1.3186 -1.89749 -1.59686 -1.32603
100.75 -1.32786 -1.94792 -1.66429 -1.39213
101.25 -1.37402 -1.99821 -1.7303 -1.45774
101.75 -1.47067 -2.02381 -1.80321 -1.52895
102.25 -1.52479 -2.07844 -1.89685 -1.59267
102.75 -1.55507 -2.10281 -1.89685 -1.65117
103.25 -1.58178 -2.12432 -1.97215 -1.70668
103.75 -1.59229 -2.18176 -2.03009 -1.76369
104.25 -1.67964 -2.20661 -2.0951 -1.82052
104.75 -1.80146 -2.27246 -2.12931 -1.86414
105.25 -1.80259 -2.28408 -2.17271 -1.91656
105.75 -1.84871 -2.30331 -2.2122 -1.93825
106.25 -1.91236 -2.30854 -2.24371 -2.00364
106.75 -1.91236 -2.30938 -2.27308 -2.05609
107.25 -1.91236 -2.3449 -2.32208 -2.06826
107.75 -1.95253 -2.41895 -2.38284 -2.06826
108.25 -1.95253 -2.42136 -2.38284 -2.07635
108.75 -2.00899 -2.43104 -2.38284 -2.07635
109.25 -2.07268 -2.43466 -2.38284 -2.0794
109.75 -2.07268 -2.43466 -2.38284 -2.10769
110.25 -2.07268 -2.44846 -2.38284 -2.10769
110.75 -2.07268 -2.44846 -2.38284 -2.13589
111.25 -2.07268 -2.44846 -2.38284 -2.13589
111.75 -2.07268 -2.44846 -2.38284 -2.13589
112.25 -2.07268 -2.44846 -2.38284 -2.28825
