# This file contains the slewing correction parameters for HAC in 2016. 
# The correction functions are structured on two region depending on ToT: 
# 1) ToT < 32.49 ns => pol2 for both thresholds 
# 2) ToT >= 32.49 ns => pol3 for the first threshold and pol2 for the second one
#
Channel-00_Threshold-0= +0.0000e+00 +0.0000e+00 +0.0000e+00 +0.0000e+00 +0.0000e+00 +0.0000e+00 +0.0000e+00 
Channel-00_Threshold-1= +0.0000e+00 +0.0000e+00 +0.0000e+00 +0.0000e+00 +0.0000e+00 +0.0000e+00 
Channel-01_Threshold-0= +1.0614e+01 -4.6837e-01 +5.9261e-03 +6.1999e+00 -1.6797e-01 +6.8756e-04 +1.4864e-06 
Channel-01_Threshold-1= +1.0940e+01 -4.7577e-01 +6.0632e-03 +6.2845e+00 -1.5155e-01 +3.0432e-04 
Channel-02_Threshold-0= +9.6368e+00 -4.7123e-01 +5.9040e-03 +9.9393e+00 -4.6368e-01 +6.4132e-03 -3.4309e-05 
Channel-02_Threshold-1= +9.9583e+00 -4.7500e-01 +5.6686e-03 +8.7595e+00 -3.4969e-01 +2.8734e-03 
Channel-03_Threshold-0= +8.1177e+00 -4.6481e-01 +5.6343e-03 +4.1797e+00 -2.0147e-01 +1.1567e-03 +4.4186e-07 
Channel-03_Threshold-1= +8.3644e+00 -4.8121e-01 +5.7260e-03 +4.1410e+00 -2.0336e-01 +1.1384e-03 
Channel-04_Threshold-0= +7.6708e+00 -4.8520e-01 +5.8875e-03 +4.9739e+00 -2.9394e-01 +2.8671e-03 -1.0275e-05 
Channel-04_Threshold-1= +7.9660e+00 -4.9890e-01 +6.3526e-03 +4.8951e+00 -2.5544e-01 +1.6609e-03 
Channel-05_Threshold-0= +7.0592e+00 -4.6638e-01 +5.6280e-03 +3.7293e+00 -2.3708e-01 +1.8178e-03 -4.5975e-06 
Channel-05_Threshold-1= +7.7711e+00 -5.2717e-01 +6.6080e-03 +3.9480e+00 -2.4668e-01 +1.5207e-03 
Channel-06_Threshold-0= +5.8296e+00 -4.9751e-01 +6.2777e-03 +3.3021e+00 -3.0101e-01 +2.9184e-03 -1.0386e-05 
Channel-06_Threshold-1= +6.2151e+00 -5.2060e-01 +6.5615e-03 +2.2343e+00 -2.3830e-01 +1.5031e-03 
Channel-07_Threshold-0= +5.9272e+00 -5.2589e-01 +6.5626e-03 +1.3962e+00 -2.1735e-01 +1.3534e-03 -1.7614e-06 
Channel-07_Threshold-1= +6.1600e+00 -5.3962e-01 +6.5829e-03 +1.2241e+00 -2.1652e-01 +1.2139e-03 
Channel-08_Threshold-0= +1.9854e+01 -8.2017e-01 +1.0525e-02 +1.4772e+01 -5.0716e-01 +5.9074e-03 -2.4315e-05 
Channel-08_Threshold-1= +0.0000e+00 +0.0000e+00 +0.0000e+00 +0.0000e+00 +0.0000e+00 +0.0000e+00 
Channel-09_Threshold-0= +1.3177e+00 -5.2460e-01 +6.6036e-03 -2.8466e+00 -2.5510e-01 +2.3545e-03 -8.1267e-06 
Channel-09_Threshold-1= +1.4792e+00 -5.6064e-01 +7.5952e-03 -3.7671e+00 -2.0023e-01 +1.1301e-03 
Channel-10_Threshold-0= +1.0997e+01 -5.2194e-01 +7.1595e-03 +5.1492e+00 -7.1619e-02 -2.3715e-03 +3.0131e-05 
Channel-10_Threshold-1= +1.0232e+01 -4.7452e-01 +5.8799e-03 +5.9321e+00 +9.4094e-03 -4.8517e-03 
Channel-11_Threshold-0= +8.1980e+00 -4.7483e-01 +5.8160e-03 +5.4255e+00 -2.4238e-01 +6.7056e-04 +1.4357e-05 
Channel-11_Threshold-1= +8.4551e+00 -4.8537e-01 +6.1522e-03 +4.4928e+01 -2.5219e+00 +3.4227e-02 
Channel-12_Threshold-0= +8.7085e+00 -4.0875e-01 +3.1445e-03 +1.3822e+01 -9.1594e-01 +1.8394e-02 -1.3154e-04 
Channel-12_Threshold-1= +7.1119e+00 -4.8041e-01 +5.9121e-03 +1.1374e+01 -6.8618e-01 +7.9962e-03 
Channel-13_Threshold-0= +4.3094e+00 -4.4208e-01 +5.1037e-03 +3.6610e+00 -3.9624e-01 +5.0128e-03 -2.5094e-05 
Channel-13_Threshold-1= +4.8778e+00 -4.7457e-01 +5.6714e-03 +4.6018e+00 -3.9922e-01 +3.5237e-03 
Channel-14_Threshold-0= +1.3675e-01 -4.6037e-01 +5.4846e-03 -8.9178e-01 -3.6152e-01 +3.9243e-03 -1.4218e-05 
Channel-14_Threshold-1= +6.2595e-01 -4.7643e-01 +5.7321e-03 -4.4168e-01 -3.5280e-01 +2.9889e-03 
Channel-15_Threshold-0= +7.7668e+00 -4.9259e-01 +6.1865e-03 +9.7554e+00 -5.9224e-01 +8.9214e-03 -5.0311e-05 
Channel-15_Threshold-1= +8.1247e+00 -5.2203e-01 +6.9048e-03 +1.2666e+01 -6.6974e-01 +7.0455e-03 
Channel-16_Threshold-0= +7.5010e+00 -4.9524e-01 +6.3521e-03 +5.4421e+00 -3.4135e-01 +4.0181e-03 -1.9240e-05 
Channel-16_Threshold-1= +8.2056e+00 -5.0458e-01 +6.1410e-03 +7.2012e+00 -3.8340e-01 +3.2370e-03 
Channel-17_Threshold-0= +0.0000e+00 +0.0000e+00 +0.0000e+00 +0.0000e+00 +0.0000e+00 +0.0000e+00 +0.0000e+00 
Channel-17_Threshold-1= +0.0000e+00 +0.0000e+00 +0.0000e+00 +0.0000e+00 +0.0000e+00 +0.0000e+00 
Channel-18_Threshold-0= +9.0775e+00 -5.5304e-01 +7.4526e-03 +4.0080e+00 -1.9241e-01 +9.6263e-04 +9.7589e-07 
Channel-18_Threshold-1= +9.4761e+00 -5.6254e-01 +7.4495e-03 +5.9252e+00 -2.7190e-01 +1.7694e-03 
Channel-19_Threshold-0= +8.3616e+00 -5.1498e-01 +6.7383e-03 +4.5921e+00 -2.3948e-01 +1.7822e-03 -3.7625e-06 
Channel-19_Threshold-1= +8.7759e+00 -5.4226e-01 +7.1662e-03 +4.9657e+00 -2.5070e-01 +1.6238e-03 
Channel-20_Threshold-0= +9.9625e+00 -4.9452e-01 +6.3436e-03 +1.5290e+01 -8.7750e-01 +1.6975e-02 -1.2412e-04 
Channel-20_Threshold-1= +9.8289e+00 -5.0552e-01 +6.7255e-03 +1.2255e-01 +3.7707e-03 +1.1602e-04 
Channel-21_Threshold-0= +6.4935e+00 -4.4559e-01 +5.1763e-03 +4.1157e+01 -3.1004e+00 +7.3327e-02 -5.9477e-04 
Channel-21_Threshold-1= +6.1361e+00 -4.0387e-01 +3.9851e-03 -9.0641e-01 -2.7890e-02 -8.5814e-04 
Channel-22_Threshold-0= +1.3532e+01 -4.6288e-01 +5.4299e-03 +4.3000e+01 -2.7829e+00 +6.6887e-02 -5.5498e-04 
Channel-22_Threshold-1= +1.5235e+01 -6.3105e-01 +9.2964e-03 +0.0000e+00 +0.0000e+00 +0.0000e+00 
Channel-23_Threshold-0= +8.1681e+00 -4.8118e-01 +5.5783e-03 +9.9160e+00 -6.1431e-01 +1.0026e-02 -6.2834e-05 
Channel-23_Threshold-1= +7.9316e+00 -5.0826e-01 +6.2981e-03 +1.3330e+01 -7.3562e-01 +8.2357e-03 
Channel-24_Threshold-0= +6.5462e+00 -5.0425e-01 +6.4486e-03 +7.7073e+00 -5.6520e-01 +8.7573e-03 -5.1748e-05 
Channel-24_Threshold-1= +6.9468e+00 -5.1565e-01 +6.5486e-03 +3.8468e+00 -2.7950e-01 +2.0857e-03 
Channel-25_Threshold-0= +7.5597e+00 -4.9618e-01 +6.2065e-03 +7.3481e+00 -4.7895e-01 +7.1448e-03 -4.2779e-05 
Channel-25_Threshold-1= +7.6907e+00 -5.0613e-01 +6.3361e-03 +7.1352e+00 -3.9753e-01 +3.4789e-03 
Channel-26_Threshold-0= +6.7369e+00 -4.7450e-01 +5.7087e-03 +1.0397e+00 -8.4907e-02 -1.8032e-03 +2.4737e-05 
Channel-26_Threshold-1= +6.3129e+00 -4.5815e-01 +5.2892e-03 +5.3588e+00 -3.6908e-01 +3.3344e-03 
Channel-27_Threshold-0= +9.7046e+00 -5.2063e-01 +6.3510e-03 +7.5726e+00 -3.8985e-01 +5.0874e-03 -2.6969e-05 
Channel-27_Threshold-1= +1.0426e+01 -5.7553e-01 +8.0579e-03 +8.7193e+00 -3.7916e-01 +3.2129e-03 
Channel-28_Threshold-0= +4.3221e+00 -5.3430e-01 +6.8533e-03 +4.1269e+00 -5.1400e-01 +7.7010e-03 -4.4076e-05 
Channel-28_Threshold-1= +4.6068e+00 -5.7135e-01 +7.7812e-03 +1.1394e+00 -2.8406e-01 +1.9928e-03 
Channel-29_Threshold-0= +1.3948e+00 -5.3253e-01 +6.5479e-03 -1.6144e+00 -3.4120e-01 +3.9341e-03 -1.7627e-05 
Channel-29_Threshold-1= +1.6834e+00 -5.8204e-01 +7.8651e-03 -2.5253e+00 -2.6397e-01 +1.8174e-03 
Channel-30_Threshold-0= +8.2578e+00 -4.8265e-01 +6.3527e-03 +6.3124e+00 -3.1738e-01 +3.4109e-03 -1.4132e-05 
Channel-30_Threshold-1= +8.5470e+00 -5.0689e-01 +6.7966e-03 +5.1875e+00 -2.4025e-01 +1.5404e-03 
Channel-31_Threshold-0= +4.4316e+00 -4.7466e-01 +6.0566e-03 +3.1808e+00 -3.4958e-01 +3.8038e-03 -1.5596e-05 
Channel-31_Threshold-1= +4.1732e+00 -4.4264e-01 +5.1816e-03 +2.2434e+00 -2.8317e-01 +2.0047e-03 
Channel-32_Threshold-0= +6.1874e+00 -4.6563e-01 +6.1382e-03 +4.5210e+00 -3.2075e-01 +3.4831e-03 -1.4441e-05 
Channel-32_Threshold-1= +7.0504e+00 -4.8411e-01 +6.2148e-03 +4.0678e+00 -2.4766e-01 +1.6054e-03 
Channel-33_Threshold-0= +5.6636e+00 -4.6086e-01 +5.6611e-03 +2.8416e+00 -2.4818e-01 +2.0226e-03 -5.7894e-06 
Channel-33_Threshold-1= +6.1370e+00 -4.7756e-01 +5.7496e-03 +2.6397e+00 -2.2773e-01 +1.3395e-03 
Channel-34_Threshold-0= +7.4793e+00 -4.6984e-01 +5.9177e-03 +4.4649e+00 -2.4294e-01 +1.9812e-03 -5.7883e-06 
Channel-34_Threshold-1= +8.0552e+00 -4.7169e-01 +5.5220e-03 +4.0506e+00 -2.0822e-01 +1.1670e-03 
Channel-35_Threshold-0= +9.4027e+00 -4.7319e-01 +5.2751e-03 +6.8934e+00 -3.2192e-01 +3.3924e-03 -1.3260e-05 
Channel-35_Threshold-1= +8.4245e+00 -4.9884e-01 +6.2718e-03 +3.8348e+00 -1.9690e-01 +1.0731e-03 
Channel-36_Threshold-0= +1.9875e+00 -4.2731e-01 +4.9688e-03 -8.0527e-01 -2.4696e-01 +2.1783e-03 -7.3549e-06 
Channel-36_Threshold-1= +2.8031e+00 -4.6891e-01 +5.4322e-03 -1.8124e+00 -1.9045e-01 +1.0330e-03 
Channel-37_Threshold-0= +1.0263e+01 -5.0456e-01 +6.8741e-03 +7.3467e+00 -2.7672e-01 +2.6647e-03 -9.7836e-06 
Channel-37_Threshold-1= +1.0218e+01 -4.9020e-01 +6.0200e-03 +5.5893e+00 -1.9471e-01 +1.0569e-03 
Channel-38_Threshold-0= +1.2943e+01 -5.2591e-01 +6.9062e-03 +1.0384e+01 -3.1337e-01 +3.0972e-03 -1.1275e-05 
Channel-38_Threshold-1= +1.3088e+01 -5.1588e-01 +6.4640e-03 +8.5693e+00 -2.1276e-01 +1.2301e-03 
Channel-39_Threshold-0= +1.6367e+01 -5.2336e-01 +6.8006e-03 +1.3266e+01 -2.9727e-01 +2.9833e-03 -1.1040e-05 
Channel-39_Threshold-1= +1.6080e+01 -5.1011e-01 +6.5655e-03 +1.1361e+01 -1.9566e-01 +1.1097e-03 
Channel-40_Threshold-0= +7.3100e+00 -4.8561e-01 +6.3574e-03 -6.8612e-01 +1.2772e-01 -7.5539e-03 +7.4312e-05 
Channel-40_Threshold-1= +8.7790e+00 -5.6940e-01 +8.0836e-03 +6.7429e+00 -3.4776e-01 +2.9643e-03 
Channel-41_Threshold-0= +2.9484e-01 -4.8577e-01 +6.4095e-03 -1.0719e+00 -3.5501e-01 +4.0762e-03 -1.8049e-05 
Channel-41_Threshold-1= +6.0585e-01 -5.0986e-01 +6.8026e-03 -1.7802e+00 -2.9840e-01 +2.2980e-03 
Channel-42_Threshold-0= +5.7529e+00 -4.4970e-01 +5.4330e-03 +5.7042e+00 -4.4932e-01 +6.5679e-03 -3.8457e-05 
Channel-42_Threshold-1= +6.2349e+00 -4.7043e-01 +5.4768e-03 +4.7823e+00 -3.3954e-01 +2.7687e-03 
Channel-43_Threshold-0= +7.8672e+00 -4.8467e-01 +6.1315e-03 +5.7322e+00 -3.1034e-01 +3.0947e-03 -1.1630e-05 
Channel-43_Threshold-1= +8.2619e+00 -5.0281e-01 +6.4069e-03 +5.1780e+00 -2.5840e-01 +1.6945e-03 
Channel-44_Threshold-0= +5.7589e+00 -4.7483e-01 +5.7312e-03 +2.9266e+00 -2.9086e-01 +3.0278e-03 -1.2478e-05 
Channel-44_Threshold-1= +6.3350e+00 -5.1073e-01 +6.5964e-03 +2.5181e+00 -2.3647e-01 +1.4964e-03 
Channel-45_Threshold-0= +6.5569e-01 -4.8511e-01 +6.0689e-03 -7.3074e-01 -3.6116e-01 +4.0431e-03 -1.7072e-05 
Channel-45_Threshold-1= +1.2336e+00 -5.2887e-01 +6.8571e-03 -1.9425e+00 -2.7384e-01 +1.8509e-03 
Channel-46_Threshold-0= +3.8780e+00 -5.1358e-01 +6.7710e-03 +1.5781e+00 -3.2767e-01 +3.5434e-03 -1.4709e-05 
Channel-46_Threshold-1= +4.2545e+00 -5.2634e-01 +6.7923e-03 +7.5411e-02 -2.3176e-01 +1.4539e-03 
Channel-47_Threshold-0= +1.3767e+01 -4.9519e-01 +6.2335e-03 +1.1557e+01 -3.2851e-01 +3.5028e-03 -1.4464e-05 
Channel-47_Threshold-1= +1.4035e+01 -5.1888e-01 +6.3902e-03 +9.1415e+00 -2.0514e-01 +1.1722e-03 
Channel-48_Threshold-0= +6.9024e+00 -5.2596e-01 +7.1741e-03 +4.1667e+00 -2.9916e-01 +2.9643e-03 -1.0915e-05 
Channel-48_Threshold-1= +7.2066e+00 -5.2268e-01 +6.6834e-03 +2.5253e+00 -2.0816e-01 +1.2071e-03 
Channel-49_Threshold-0= +5.2597e+00 -5.2641e-01 +6.6652e-03 +9.5530e-01 -2.4869e-01 +2.3255e-03 -8.2642e-06 
Channel-49_Threshold-1= +5.4176e+00 -5.3451e-01 +6.9518e-03 +3.6120e-01 -1.9743e-01 +1.1259e-03 
Channel-50_Threshold-0= +6.9012e+00 -4.6928e-01 +5.6975e-03 +6.5749e+00 -4.3631e-01 +5.8940e-03 -3.1472e-05 
Channel-50_Threshold-1= +6.7939e+00 -4.7698e-01 +6.1162e-03 +1.5868e+01 -8.9911e-01 +1.0404e-02 
Channel-51_Threshold-0= +7.7277e+00 -4.7480e-01 +5.7274e-03 +5.9016e+00 -3.3604e-01 +3.4567e-03 -1.1703e-05 
Channel-51_Threshold-1= +7.5253e+00 -4.8090e-01 +5.8073e-03 +5.0973e-01 -2.2051e-02 -1.7657e-03 
Channel-52_Threshold-0= +0.0000e+00 +0.0000e+00 +0.0000e+00 +0.0000e+00 +0.0000e+00 +0.0000e+00 +0.0000e+00 
Channel-52_Threshold-1= +0.0000e+00 +0.0000e+00 +0.0000e+00 +0.0000e+00 +0.0000e+00 +0.0000e+00 
Channel-53_Threshold-0= +8.9035e+00 -4.6321e-01 +5.4127e-03 +6.7577e+00 -3.1408e-01 +3.1299e-03 -1.1291e-05 
Channel-53_Threshold-1= +9.4456e+00 -5.1472e-01 +6.6854e-03 +8.4783e+00 -3.7276e-01 +3.0648e-03 
Channel-54_Threshold-0= +8.1884e-01 -4.8319e-01 +5.9937e-03 -1.3483e+00 -3.2109e-01 +3.2800e-03 -1.1333e-05 
Channel-54_Threshold-1= +1.3537e+00 -5.0349e-01 +6.3742e-03 -2.5245e+00 -2.2775e-01 +1.4021e-03 
Channel-55_Threshold-0= +4.1343e+00 -4.9518e-01 +5.9940e-03 +4.0091e+00 -4.9925e-01 +7.5265e-03 -4.3953e-05 
Channel-55_Threshold-1= +4.2817e+00 -5.2562e-01 +6.7681e-03 +2.4886e+00 -3.5547e-01 +3.0721e-03 
Channel-56_Threshold-0= +9.8419e+00 -5.1898e-01 +6.9113e-03 +7.3342e+00 -3.2090e-01 +3.3783e-03 -1.2983e-05 
Channel-56_Threshold-1= +1.0483e+01 -5.3924e-01 +7.1813e-03 +8.1087e+00 -3.2174e-01 +2.5175e-03 
Channel-57_Threshold-0= +5.1633e+00 -5.5050e-01 +7.3955e-03 +3.6550e+00 -4.1539e-01 +5.3358e-03 -2.6256e-05 
Channel-57_Threshold-1= +5.1995e+00 -5.5477e-01 +7.5294e-03 +1.5249e+00 -2.6035e-01 +1.6865e-03 
Channel-58_Threshold-0= +7.8299e+00 -5.4557e-01 +7.1630e-03 +5.6986e+00 -3.7611e-01 +4.4446e-03 -2.0047e-05 
Channel-58_Threshold-1= +8.2834e+00 -5.7673e-01 +7.8615e-03 +4.0643e+00 -2.5461e-01 +1.6544e-03 
Channel-59_Threshold-0= +1.1128e+00 -5.3154e-01 +6.6582e-03 -2.9368e+00 -2.6667e-01 +2.4368e-03 -8.3266e-06 
Channel-59_Threshold-1= +0.0000e+00 +0.0000e+00 +0.0000e+00 +0.0000e+00 +0.0000e+00 +0.0000e+00 
Channel-60_Threshold-0= +5.4227e+00 -4.8287e-01 +6.0695e-03 +1.3006e+00 -2.0137e-01 +1.1141e-03 +4.6152e-07 
Channel-60_Threshold-1= +5.6014e+00 -5.1124e-01 +6.7115e-03 +1.4217e+00 -2.0220e-01 +1.0173e-03 
Channel-61_Threshold-0= +7.2549e+00 -4.5335e-01 +5.6462e-03 +5.2108e+00 -2.8490e-01 +2.4455e-03 -5.6870e-06 
Channel-61_Threshold-1= +8.3475e+00 -5.3467e-01 +7.2456e-03 +5.1212e+00 -2.6468e-01 +1.7175e-03 
Channel-62_Threshold-0= +6.3863e+00 -4.4240e-01 +5.1787e-03 +1.8505e+00 -1.3101e-01 -6.3507e-04 +1.3623e-05 
Channel-62_Threshold-1= +6.7552e+00 -4.6438e-01 +5.5619e-03 +1.5151e+00 -1.3415e-01 +1.9264e-04 
Channel-63_Threshold-0= +2.3880e+00 -4.4674e-01 +5.0570e-03 -8.7375e-02 -2.8753e-01 +2.9099e-03 -1.2335e-05 
Channel-63_Threshold-1= +2.4838e+00 -4.5561e-01 +5.1997e-03 -8.0809e-01 -2.3373e-01 +1.4358e-03 
Channel-64_Threshold-0= +6.9494e+00 -4.7807e-01 +6.2135e-03 +5.9148e+00 -3.5794e-01 +3.9397e-03 -1.6055e-05 
Channel-64_Threshold-1= +8.1627e+00 -5.2863e-01 +7.0195e-03 +5.1547e+00 -2.6701e-01 +1.7030e-03 
Channel-65_Threshold-0= +9.5843e+00 -5.1193e-01 +6.8576e-03 +8.1526e+00 -3.6283e-01 +4.0457e-03 -1.7001e-05 
Channel-65_Threshold-1= +1.0086e+01 -5.2561e-01 +6.8929e-03 +7.1282e+00 -2.7543e-01 +1.8338e-03 
Channel-66_Threshold-0= +3.3916e+00 -5.0406e-01 +6.6346e-03 -3.4326e-01 -2.3445e-01 +1.9064e-03 -5.8947e-06 
Channel-66_Threshold-1= +4.2424e+00 -5.1587e-01 +6.5416e-03 +2.5846e-02 -2.2448e-01 +1.3718e-03 
Channel-67_Threshold-0= +7.6075e+00 -5.1519e-01 +6.7946e-03 +6.3802e+00 -3.8603e-01 +4.4688e-03 -1.9390e-05 
Channel-67_Threshold-1= +7.9590e+00 -5.1779e-01 +6.3371e-03 +3.8726e+00 -2.3998e-01 +1.4653e-03 
Channel-68_Threshold-0= +9.5325e+00 -5.1646e-01 +6.5848e-03 +7.0618e+00 -3.1419e-01 +3.0204e-03 -1.0708e-05 
Channel-68_Threshold-1= +9.5603e+00 -5.0953e-01 +6.1408e-03 +5.6879e+00 -2.4200e-01 +1.4765e-03 
Channel-69_Threshold-0= +3.7709e+00 -5.1666e-01 +6.5145e-03 +3.9725e-02 -2.5583e-01 +2.1325e-03 -6.3349e-06 
Channel-69_Threshold-1= +3.4477e+00 -5.1301e-01 +6.3705e-03 -1.1232e+00 -2.0927e-01 +1.2041e-03 
Channel-70_Threshold-0= +4.5361e+00 -4.7333e-01 +5.7729e-03 -7.7472e+00 +4.0947e-01 -1.3550e-02 +1.1372e-04 
Channel-70_Threshold-1= +5.1198e+00 -5.1228e-01 +6.4690e-03 -9.1814e+01 +5.0990e+00 -7.4832e-02 
Channel-71_Threshold-0= +5.6066e+00 -4.6148e-01 +5.6508e-03 +7.5574e+00 -5.9698e-01 +1.0006e-02 -6.5286e-05 
Channel-71_Threshold-1= +6.1098e+00 -5.0289e-01 +6.4335e-03 +1.8071e+01 -1.1166e+00 +1.3954e-02 
Channel-72_Threshold-0= +8.1739e+00 -4.4021e-01 +5.2885e-03 -1.0385e+01 +9.5870e-01 -2.7986e-02 +2.3808e-04 
Channel-72_Threshold-1= +8.2769e+00 -3.9669e-01 +3.8590e-03 -1.7024e-01 -5.0819e-03 -1.5170e-04 
Channel-73_Threshold-0= +9.5015e+00 -4.7509e-01 +5.9400e-03 -4.2187e+00 +4.9649e-01 -1.5282e-02 +1.2606e-04 
Channel-73_Threshold-1= +9.8790e+00 -5.0445e-01 +6.3846e-03 +2.1441e+00 -6.4208e-03 -1.8005e-03 
Channel-74_Threshold-0= +1.3236e+01 -4.6257e-01 +5.6056e-03 +1.3659e+01 -4.6792e-01 +6.4878e-03 -3.5581e-05 
Channel-74_Threshold-1= +1.3373e+01 -4.7507e-01 +5.6252e-03 +2.6543e+01 -1.1550e+00 +1.4146e-02 
Channel-75_Threshold-0= +4.1928e+00 -4.7303e-01 +5.6618e-03 +2.5715e+00 -3.3538e-01 +3.3005e-03 -1.1414e-05 
Channel-75_Threshold-1= +5.4404e+00 -5.4144e-01 +6.6223e-03 +2.7885e+00 -3.1786e-01 +2.3160e-03 
Channel-76_Threshold-0= +6.7086e+00 -4.9361e-01 +6.3596e-03 +7.5755e+00 -5.3165e-01 +8.0724e-03 -4.7003e-05 
Channel-76_Threshold-1= +6.6889e+00 -4.9079e-01 +6.0115e-03 +4.9034e+00 -3.2760e-01 +2.5691e-03 
Channel-77_Threshold-0= +8.0773e+00 -5.1460e-01 +6.5895e-03 +6.6913e+00 -3.7227e-01 +3.8887e-03 -1.4422e-05 
Channel-77_Threshold-1= +8.3507e+00 -5.2675e-01 +6.5425e-03 +5.6433e+00 -3.0346e-01 +2.1527e-03 
Channel-78_Threshold-0= +1.2083e+01 -5.2225e-01 +6.7841e-03 +1.0063e+01 -3.4660e-01 +3.6841e-03 -1.4623e-05 
Channel-78_Threshold-1= +1.2557e+01 -5.4518e-01 +7.1058e-03 +8.7948e+00 -2.5938e-01 +1.6999e-03 
Channel-79_Threshold-0= +1.2099e+00 -4.9497e-01 +5.8730e-03 -2.2708e+00 -2.6200e-01 +2.1468e-03 -6.0644e-06 
Channel-79_Threshold-1= +1.7626e+00 -5.4274e-01 +6.7653e-03 -3.1919e+00 -2.1461e-01 +1.2368e-03 
Channel-80_Threshold-0= +1.4093e+01 -4.9742e-01 +6.4294e-03 +5.6277e+01 -3.7550e+00 +9.1428e-02 -7.6208e-04 
Channel-80_Threshold-1= +1.4427e+01 -5.4219e-01 +7.5680e-03 +1.4599e+00 +4.3578e-02 +1.3008e-03 
Channel-81_Threshold-0= +2.0819e+01 -4.7379e-01 +5.9657e-03 +1.2628e+01 +1.7370e-01 -9.4843e-03 +9.5978e-05 
Channel-81_Threshold-1= +2.1211e+01 -5.1224e-01 +6.9920e-03 +3.8099e+00 +1.1373e-01 +3.3949e-03 
Channel-82_Threshold-0= +3.2628e+00 -4.5729e-01 +5.4286e-03 -9.2246e-01 -1.7517e-01 +2.9446e-04 +8.3168e-06 
Channel-82_Threshold-1= +3.7495e+00 -4.6778e-01 +5.5301e-03 +7.7963e+00 -6.4898e-01 +7.1733e-03 
Channel-83_Threshold-0= +5.6268e+00 -6.1729e-01 +7.9573e-03 +1.0857e+01 -9.6789e-01 +1.7389e-02 -1.1533e-04 
Channel-83_Threshold-1= +1.5836e+00 -3.9881e-01 +4.2676e-03 -3.1650e+00 -6.8795e-02 -1.3523e-03 
Channel-84_Threshold-0= +6.8874e+00 -4.8326e-01 +5.7204e-03 +8.2978e+00 -5.8715e-01 +9.3475e-03 -5.6505e-05 
Channel-84_Threshold-1= +6.7277e+00 -4.8714e-01 +5.9203e-03 +3.9962e+00 -2.8170e-01 +2.1022e-03 
Channel-85_Threshold-0= +7.0050e+00 -4.8541e-01 +5.9657e-03 +3.4063e+00 -2.2818e-01 +1.1912e-03 +3.6169e-06 
Channel-85_Threshold-1= +7.4867e+00 -5.2847e-01 +6.8000e-03 +8.2185e+00 -4.8086e-01 +4.5716e-03 
Channel-86_Threshold-0= +9.2460e+00 -5.1568e-01 +6.3883e-03 +9.3249e+00 -5.1942e-01 +7.8585e-03 -4.6028e-05 
Channel-86_Threshold-1= +9.2844e+00 -5.2869e-01 +6.6754e-03 +8.6578e+00 -4.2086e-01 +3.8568e-03 
Channel-87_Threshold-0= +0.0000e+00 +0.0000e+00 +0.0000e+00 +0.0000e+00 +0.0000e+00 +0.0000e+00 +0.0000e+00 
Channel-87_Threshold-1= +1.3394e+01 -5.5458e-01 +7.1319e-03 +6.3397e+00 -1.0912e-01 -8.8499e-05 
Channel-88_Threshold-0= +1.2479e+01 -5.2167e-01 +6.7655e-03 +1.2829e+00 +2.8912e-01 -1.0987e-02 +9.7882e-05 
Channel-88_Threshold-1= +1.2583e+01 -5.1174e-01 +6.3946e-03 +1.0852e+01 -3.5166e-01 +2.9458e-03 
Channel-89_Threshold-0= +2.5196e-01 -5.3103e-01 +7.0026e-03 -4.1549e+00 -2.2180e-01 +1.5502e-03 -2.9719e-06 
Channel-89_Threshold-1= +6.0062e-01 -5.3943e-01 +6.9683e-03 -3.4612e+00 -2.4133e-01 +1.5183e-03 
