# This file contains the slewing correction parameters for HAC in 2017. 
# The correction functions are structured on two region depending on ToT: 
# 1) ToT < 32.49 ns => pol2 for both thresholds 
# 2) ToT >= 32.49 ns => pol3 for the first threshold and pol2 for the second one
#
Channel-000_Threshold-0= -3.4751e+00 +1.1702e+00 -5.6562e-02 -5.0432e+05 +0.0000e+00 +0.0000e+00 +0.0000e+00
Channel-000_Threshold-1= +0.0000e+00 +0.0000e+00 +0.0000e+00 +0.0000e+00 +0.0000e+00 +0.0000e+00
Channel-001_Threshold-0= +1.0057e+01 -3.9779e-01 +4.6233e-03 +8.0693e+00 -2.6066e-01 +2.4293e-03 -9.3192e-06
Channel-001_Threshold-1= +1.0237e+01 -4.0152e-01 +4.7136e-03 +6.6112e+00 -1.7332e-01 +7.8192e-04
Channel-002_Threshold-0= +8.8065e+00 -3.8256e-01 +4.2583e-03 +7.4528e+00 -2.8813e-01 +2.8625e-03 -1.1423e-05
Channel-002_Threshold-1= +9.1013e+00 -3.7647e-01 +3.9523e-03 +5.7720e+00 -1.8081e-01 +8.2933e-04
Channel-003_Threshold-0= +7.9106e+00 -4.1936e-01 +4.7891e-03 +7.1909e+00 -3.5173e-01 +3.8908e-03 -1.6716e-05
Channel-003_Threshold-1= +7.5952e+00 -3.9550e-01 +4.3546e-03 +4.1872e+00 -1.8478e-01 +8.8403e-04
Channel-004_Threshold-0= +6.9143e+00 -4.1073e-01 +4.7752e-03 +5.5189e+00 -3.0956e-01 +3.2153e-03 -1.3298e-05
Channel-004_Threshold-1= +6.7754e+00 -3.8680e-01 +4.1528e-03 +3.1875e+00 -1.7624e-01 +8.1947e-04
Channel-005_Threshold-0= +6.4003e+00 -3.7630e-01 +3.5945e-03 +4.9696e+00 -2.9767e-01 +2.9737e-03 -1.1704e-05
Channel-005_Threshold-1= +5.8851e+00 -3.2745e-01 +2.7842e-03 +3.4345e+00 -1.9102e-01 +9.3203e-04
Channel-006_Threshold-0= +4.8854e+00 -3.9272e-01 +4.1643e-03 +3.8866e+00 -3.3307e-01 +3.6885e-03 -1.5845e-05
Channel-006_Threshold-1= +5.1970e+00 -4.2558e-01 +4.9197e-03 +1.3291e+00 -1.8141e-01 +8.7158e-04
Channel-007_Threshold-0= +4.5537e+00 -3.7027e-01 +3.1142e-03 +1.9917e+00 -2.5559e-01 +2.2475e-03 -7.9169e-06
Channel-007_Threshold-1= +4.2825e+00 -3.5240e-01 +2.8111e-03 +8.5625e-01 -1.8298e-01 +8.6386e-04
Channel-008_Threshold-0= +7.1175e+00 -3.9120e-01 +3.4713e-03 +4.3567e+00 -2.5549e-01 +2.2036e-03 -7.4385e-06
Channel-008_Threshold-1= +7.0292e+00 -3.8719e-01 +3.5782e-03 +2.9914e+00 -1.7326e-01 +7.9116e-04
Channel-009_Threshold-0= -1.0762e+00 -2.8652e-01 +1.5766e-03 -1.8859e+00 -2.9884e-01 +3.1298e-03 -1.3029e-05
Channel-009_Threshold-1= +4.8252e-01 -4.2543e-01 +4.5881e-03 -3.6396e+00 -1.8377e-01 +9.2183e-04
Channel-010_Threshold-0= +9.4494e+00 -3.5902e-01 +3.6665e-03 +8.9861e+00 -3.1383e-01 +3.0844e-03 -1.1974e-05
Channel-010_Threshold-1= +9.6872e+00 -3.9024e-01 +4.2038e-03 +6.3431e+00 -1.8633e-01 +8.8647e-04
Channel-011_Threshold-0= +6.6179e+00 -3.4031e-01 +3.0643e-03 +4.1812e+00 -2.1161e-01 +1.6001e-03 -4.9505e-06
Channel-011_Threshold-1= +6.7142e+00 -3.2258e-01 +2.6175e-03 +4.1610e+00 -1.8569e-01 +8.6584e-04
Channel-012_Threshold-0= +6.2599e+00 -3.2725e-01 +2.8120e-03 +3.9768e+00 -2.0945e-01 +1.4269e-03 -3.5701e-06
Channel-012_Threshold-1= +6.3250e+00 -3.3873e-01 +2.8277e-03 +3.7783e+00 -2.0014e-01 +9.8541e-04
Channel-013_Threshold-0= +3.2756e+00 -3.5145e-01 +3.3195e-03 +2.7280e+00 -3.2016e-01 +3.3124e-03 -1.3692e-05
Channel-013_Threshold-1= +3.2539e+00 -3.4332e-01 +3.1514e-03 +6.5229e-01 -1.9054e-01 +8.8160e-04
Channel-014_Threshold-0= -1.5600e+00 -2.9233e-01 +2.0181e-03 -2.5129e+00 -2.5721e-01 +2.0880e-03 -6.2181e-06
Channel-014_Threshold-1= -3.3971e-01 -4.0080e-01 +3.9893e-03 -3.5029e+00 -2.0755e-01 +1.1220e-03
Channel-015_Threshold-0= +6.4471e+00 -3.7138e-01 +3.7289e-03 +4.4755e+00 -2.5008e-01 +2.0861e-03 -6.7119e-06
Channel-015_Threshold-1= +6.9371e+00 -3.8949e-01 +3.7993e-03 +3.6268e+00 -1.9586e-01 +9.9799e-04
Channel-016_Threshold-0= +6.1910e+00 -3.6148e-01 +3.4998e-03 +5.8960e+00 -3.4128e-01 +3.7556e-03 -1.6249e-05
Channel-016_Threshold-1= +6.9235e+00 -3.6889e-01 +3.4958e-03 +3.7943e+00 -1.8613e-01 +8.8875e-04
Channel-017_Threshold-0= +7.2105e+00 -4.4376e-01 +4.9667e-03 +4.9614e+00 -3.0268e-01 +3.0640e-03 -1.2560e-05
Channel-017_Threshold-1= +7.1554e+00 -4.2135e-01 +4.3778e-03 +3.8026e+00 -2.2272e-01 +1.3046e-03
Channel-018_Threshold-0= +7.7798e+00 -4.0573e-01 +4.1072e-03 +5.2240e+00 -2.5931e-01 +2.3246e-03 -8.3778e-06
Channel-018_Threshold-1= +7.7518e+00 -4.2486e-01 +4.6195e-03 +3.9987e+00 -1.9207e-01 +9.6728e-04
Channel-019_Threshold-0= +7.9486e+00 -4.5441e-01 +5.4284e-03 +4.8326e+00 -2.5067e-01 +2.1122e-03 -6.9621e-06
Channel-019_Threshold-1= +7.6675e+00 -4.3555e-01 +4.8658e-03 +4.4880e+00 -2.2792e-01 +1.3417e-03
Channel-020_Threshold-0= +8.4926e+00 -3.8416e-01 +4.3711e-03 +8.2409e+00 -3.3927e-01 +3.6465e-03 -1.5380e-05
Channel-020_Threshold-1= +8.6257e+00 -4.0900e-01 +4.6750e-03 +5.1411e+00 -1.8786e-01 +9.4406e-04
Channel-021_Threshold-0= +5.5587e+00 -3.6479e-01 +3.7504e-03 +4.4803e+00 -2.9618e-01 +2.9769e-03 -1.2107e-05
Channel-021_Threshold-1= +5.7639e+00 -3.6493e-01 +3.7681e-03 +3.1295e+00 -1.9960e-01 +1.0047e-03
Channel-022_Threshold-0= +1.2195e+01 -3.4728e-01 +3.3310e-03 +1.0858e+01 -2.7993e-01 +2.7843e-03 -1.1494e-05
Channel-022_Threshold-1= +1.2567e+01 -3.6379e-01 +3.7565e-03 +9.6187e+00 -1.8605e-01 +9.0241e-04
Channel-023_Threshold-0= +6.5261e+00 -3.4606e-01 +3.2394e-03 +6.1467e+00 -3.2969e-01 +3.4777e-03 -1.4481e-05
Channel-023_Threshold-1= +6.3657e+00 -3.4532e-01 +3.1435e-03 +3.5480e+00 -1.9021e-01 +9.3529e-04
Channel-024_Threshold-0= +5.3976e+00 -3.6663e-01 +3.3733e-03 +4.3453e+00 -3.1003e-01 +3.0178e-03 -1.1411e-05
Channel-024_Threshold-1= +5.3775e+00 -3.6478e-01 +3.3595e-03 +3.1334e+00 -2.2733e-01 +1.2789e-03
Channel-025_Threshold-0= +6.1952e+00 -3.4647e-01 +2.9695e-03 +4.4428e+00 -2.6499e-01 +2.3843e-03 -8.5787e-06
Channel-025_Threshold-1= +6.0702e+00 -3.5249e-01 +3.1015e-03 +3.2767e+00 -2.0204e-01 +1.0783e-03
Channel-026_Threshold-0= +5.9080e+00 -3.6870e-01 +3.4539e-03 +3.7193e+00 -2.5523e-01 +2.1888e-03 -7.2578e-06
Channel-026_Threshold-1= +6.6213e+00 -4.3636e-01 +4.9803e-03 +3.1035e+00 -2.0862e-01 +1.1363e-03
Channel-027_Threshold-0= +8.5694e+00 -4.0446e-01 +4.2133e-03 +7.9659e+00 -3.5999e-01 +3.8264e-03 -1.5514e-05
Channel-027_Threshold-1= +8.5801e+00 -4.0402e-01 +4.3010e-03 +6.1394e+00 -2.3935e-01 +1.4206e-03
Channel-028_Threshold-0= +3.2361e+00 -4.0791e-01 +4.1879e-03 +2.0316e+00 -3.3054e-01 +3.3241e-03 -1.2634e-05
Channel-028_Threshold-1= +3.7202e+00 -4.4871e-01 +5.0437e-03 +4.9304e-01 -2.3038e-01 +1.3345e-03
Channel-029_Threshold-0= -5.7395e-02 -3.9834e-01 +4.0288e-03 -1.4038e+00 -3.1651e-01 +3.1426e-03 -1.1918e-05
Channel-029_Threshold-1= +3.2590e-01 -4.2246e-01 +4.4332e-03 -2.7444e+00 -2.2697e-01 +1.3176e-03
Channel-030_Threshold-0= -2.1040e+01 +1.1762e+00 +1.5301e-03 -2.1112e+01 +3.0455e+00 -6.5149e-02 +3.9540e-04
Channel-030_Threshold-1= +6.1487e+00 -3.4493e-01 +3.2242e-03 +2.3895e+00 -1.5126e-01 +6.3481e-04
Channel-031_Threshold-0= +3.0629e+00 -3.7375e-01 +4.5721e-03 +1.7154e+00 -2.5304e-01 +2.2046e-03 -7.8482e-06
Channel-031_Threshold-1= +3.9482e+00 -3.7838e-01 +3.9069e-03 +2.6853e-01 -1.6845e-01 +7.4938e-04
Channel-032_Threshold-0= +4.3883e+00 -2.6755e-01 +1.8045e-03 +2.7705e+00 -2.1455e-01 +1.8741e-03 -7.4826e-06
Channel-032_Threshold-1= +5.6211e+00 -3.6426e-01 +3.7171e-03 +1.8723e+00 -1.5503e-01 +6.3117e-04
Channel-033_Threshold-0= +6.5352e+00 -4.8855e-01 +6.1544e-03 +4.4530e+00 -3.1271e-01 +3.1446e-03 -1.2698e-05
Channel-033_Threshold-1= +0.0000e+00 +0.0000e+00 +0.0000e+00 +0.0000e+00 +0.0000e+00 +0.0000e+00
Channel-034_Threshold-0= -8.6622e+00 -3.3215e-01 +2.8646e-03 -1.2386e+01 -1.4924e-01 +7.6224e-04 -1.5730e-06
Channel-034_Threshold-1= +7.0553e+00 -3.7048e-01 +3.8779e-03 +3.9066e+00 -1.7714e-01 +7.9595e-04
Channel-035_Threshold-0= +8.1043e+00 -3.5300e-01 +3.1076e-03 +4.3979e+00 -1.7403e-01 +1.1704e-03 -3.6527e-06
Channel-035_Threshold-1= +7.5154e+00 -2.9252e-01 +2.1533e-03 +4.7677e+00 -1.6265e-01 +6.7886e-04
Channel-036_Threshold-0= +1.4109e+00 -3.1137e-01 +1.9659e-03 -2.0732e+00 -1.7568e-01 +1.2445e-03 -4.0693e-06
Channel-036_Threshold-1= +1.4365e+00 -3.3731e-01 +2.7774e-03 -1.9782e+00 -1.6186e-01 +6.8259e-04
Channel-037_Threshold-0= +9.5202e+00 -3.5850e-01 +2.8552e-03 +5.9012e+00 -1.9713e-01 +1.5471e-03 -5.2513e-06
Channel-037_Threshold-1= +8.4082e+00 -2.9230e-01 +1.6568e-03 +5.4283e+00 -1.6162e-01 +6.9174e-04
Channel-038_Threshold-0= +1.2168e+01 -4.3355e-01 +5.0382e-03 +1.1275e+01 -3.4875e-01 +3.8053e-03 -1.6076e-05
Channel-038_Threshold-1= +1.1857e+01 -3.9268e-01 +4.0249e-03 +8.3440e+00 -1.8265e-01 +8.5267e-04
Channel-039_Threshold-0= +1.5949e+01 -4.4009e-01 +4.6420e-03 +1.3689e+01 -3.0685e-01 +3.1652e-03 -1.2946e-05
Channel-039_Threshold-1= +1.5316e+01 -4.1159e-01 +4.2802e-03 +1.1222e+01 -1.7044e-01 +7.5237e-04
Channel-040_Threshold-0= +5.6786e+00 -3.0528e-01 +2.2890e-03 +4.7533e+00 -2.6735e-01 +2.3921e-03 -8.4856e-06
Channel-040_Threshold-1= +5.8638e+00 -3.2626e-01 +2.7821e-03 +3.0881e+00 -1.7855e-01 +8.4156e-04
Channel-041_Threshold-0= -1.1745e+00 -3.3128e-01 +2.8591e-03 -3.4000e+00 -2.1874e-01 +1.7456e-03 -5.8606e-06
Channel-041_Threshold-1= -1.3727e+00 -3.2294e-01 +2.8393e-03 -3.9114e+00 -1.7753e-01 +7.9299e-04
Channel-042_Threshold-0= +4.6986e+00 -3.5334e-01 +3.5081e-03 +3.1682e+00 -2.7450e-01 +2.7938e-03 -1.1655e-05
Channel-042_Threshold-1= +4.7879e+00 -3.8250e-01 +4.2928e-03 +1.1601e+00 -1.5981e-01 +6.6912e-04
Channel-043_Threshold-0= +6.3473e+00 -3.2189e-01 +2.4274e-03 +2.9073e+00 -1.7310e-01 +1.1528e-03 -3.4338e-06
Channel-043_Threshold-1= +6.1996e+00 -3.2410e-01 +2.7812e-03 +3.0831e+00 -1.6131e-01 +6.6528e-04
Channel-044_Threshold-0= +4.6094e+00 -3.6132e-01 +3.3626e-03 +3.1714e+00 -2.9308e-01 +2.9816e-03 -1.2188e-05
Channel-044_Threshold-1= +4.3678e+00 -3.5984e-01 +3.5589e-03 +1.2334e+00 -1.7607e-01 +7.8762e-04
Channel-045_Threshold-0= -4.4813e-01 -3.6843e-01 +3.4210e-03 -3.0837e+00 -2.4338e-01 +2.2772e-03 -8.9146e-06
Channel-045_Threshold-1= -4.8978e-01 -3.7526e-01 +3.8287e-03 -4.2860e+00 -1.6067e-01 +6.9384e-04
Channel-046_Threshold-0= +2.4138e+00 -3.4862e-01 +2.8340e-03 -4.0639e-01 -2.2389e-01 +1.8634e-03 -6.2015e-06
Channel-046_Threshold-1= +2.1107e+00 -3.6455e-01 +3.3350e-03 -1.6123e+00 -1.6330e-01 +7.3009e-04
Channel-047_Threshold-0= +1.1959e+01 -3.2055e-01 +2.4118e-03 +9.3514e+00 -2.1118e-01 +1.6317e-03 -5.0720e-06
Channel-047_Threshold-1= +0.0000e+00 +0.0000e+00 +0.0000e+00 +0.0000e+00 +0.0000e+00 +0.0000e+00
Channel-048_Threshold-0= +5.4129e+00 -3.6656e-01 +3.5148e-03 +3.0240e+00 -2.4401e-01 +2.2596e-03 -8.7292e-06
Channel-048_Threshold-1= +5.7737e+00 -3.9249e-01 +4.1279e-03 +1.6204e+00 -1.5476e-01 +6.7012e-04
Channel-049_Threshold-0= +4.0053e+00 -4.0749e-01 +4.2542e-03 +1.9734e+00 -2.9630e-01 +3.1421e-03 -1.3254e-05
Channel-049_Threshold-1= +3.8484e+00 -4.0406e-01 +4.3081e-03 -6.5793e-01 -1.5080e-01 +6.4520e-04
Channel-050_Threshold-0= +5.0511e+00 -3.2142e-01 +2.8921e-03 +4.0535e+00 -2.6870e-01 +2.4689e-03 -9.3012e-06
Channel-050_Threshold-1= +5.4729e+00 -3.5980e-01 +3.6176e-03 +2.2873e+00 -1.7527e-01 +8.0162e-04
Channel-051_Threshold-0= +6.2564e+00 -3.7535e-01 +4.1716e-03 +5.3744e+00 -3.0664e-01 +3.1833e-03 -1.3413e-05
Channel-051_Threshold-1= +6.4429e+00 -3.6344e-01 +3.7534e-03 +3.5558e+00 -1.8622e-01 +8.8624e-04
Channel-052_Threshold-0= +5.9814e+00 -3.6146e-01 +3.7274e-03 +5.5918e+00 -3.3182e-01 +3.6208e-03 -1.5524e-05
Channel-052_Threshold-1= +6.1173e+00 -3.7458e-01 +3.9350e-03 +2.7054e+00 -1.7307e-01 +7.9092e-04
Channel-053_Threshold-0= +7.5018e+00 -3.4887e-01 +3.3275e-03 +6.9511e+00 -3.2393e-01 +3.4236e-03 -1.4487e-05
Channel-053_Threshold-1= +7.7706e+00 -3.7486e-01 +3.7364e-03 +4.5118e+00 -1.8959e-01 +9.2657e-04
Channel-054_Threshold-0= -5.1395e-01 -3.4631e-01 +2.9831e-03 -1.2960e+00 -3.1949e-01 +3.3474e-03 -1.3741e-05
Channel-054_Threshold-1= -4.5733e-01 -3.7544e-01 +3.7493e-03 -3.6899e+00 -1.8569e-01 +9.0003e-04
Channel-055_Threshold-0= +2.7229e+00 -3.6738e-01 +3.5580e-03 +3.0862e+00 -3.8591e-01 +4.3330e-03 -1.8579e-05
Channel-055_Threshold-1= +2.8635e+00 -3.8518e-01 +3.9456e-03 -2.9811e-01 -1.9780e-01 +1.0087e-03
Channel-056_Threshold-0= +8.4276e+00 -3.5558e-01 +3.2135e-03 +8.3269e+00 -3.6150e-01 +4.0008e-03 -1.6931e-05
Channel-056_Threshold-1= +8.7660e+00 -4.0152e-01 +4.2976e-03 +5.3938e+00 -1.9739e-01 +1.0162e-03
Channel-057_Threshold-0= +3.9219e+00 -3.8055e-01 +3.3164e-03 +1.9065e+00 -2.8460e-01 +2.5604e-03 -8.7552e-06
Channel-057_Threshold-1= +3.8280e+00 -3.8992e-01 +3.7414e-03 +5.5830e-01 -2.0454e-01 +1.0815e-03
Channel-058_Threshold-0= +6.3942e+00 -3.8797e-01 +3.6598e-03 +4.7656e+00 -3.0200e-01 +2.9203e-03 -1.0922e-05
Channel-058_Threshold-1= +6.6457e+00 -4.1840e-01 +4.3366e-03 +2.9571e+00 -1.9725e-01 +1.0028e-03
Channel-059_Threshold-0= +5.9943e-02 -4.3464e-01 +4.6535e-03 -4.0720e-01 -3.9696e-01 +4.4896e-03 -1.9286e-05
Channel-059_Threshold-1= -2.0640e-01 -4.2499e-01 +4.4221e-03 -3.3533e+00 -2.3212e-01 +1.3872e-03
Channel-060_Threshold-0= +4.2532e+00 -3.6644e-01 +3.7141e-03 +3.2422e+00 -2.8656e-01 +2.5980e-03 -9.1418e-06
Channel-060_Threshold-1= +4.2808e+00 -3.7476e-01 +3.8215e-03 +9.5958e-01 -1.7699e-01 +8.1163e-04
Channel-061_Threshold-0= +6.3979e+00 -3.8131e-01 +4.3565e-03 +3.9904e+00 -2.2112e-01 +1.7602e-03 -5.8672e-06
Channel-061_Threshold-1= +6.2749e+00 -3.4259e-01 +3.4427e-03 +3.1744e+00 -1.6783e-01 +7.3891e-04
Channel-062_Threshold-0= +5.5023e+00 -3.6852e-01 +3.8218e-03 +2.0367e+00 -1.7296e-01 +1.0714e-03 -2.7383e-06
Channel-062_Threshold-1= +5.4299e+00 -3.6158e-01 +3.8121e-03 +2.2422e+00 -1.6812e-01 +7.2949e-04
Channel-063_Threshold-0= +5.6117e-01 -2.9080e-01 +2.0321e-03 -1.6030e+00 -1.8476e-01 +1.0373e-03 -1.6172e-06
Channel-063_Threshold-1= +1.5752e+00 -3.4929e-01 +3.1253e-03 -1.5162e+00 -1.7994e-01 +8.0840e-04
Channel-064_Threshold-0= +4.8435e+00 -2.5034e-01 +1.0497e-03 +2.8962e+00 -1.9868e-01 +1.5319e-03 -5.2406e-06
Channel-064_Threshold-1= +0.0000e+00 +0.0000e+00 +0.0000e+00 +0.0000e+00 +0.0000e+00 +0.0000e+00
Channel-065_Threshold-0= +7.9198e+00 -3.3450e-01 +2.9053e-03 +5.3583e+00 -2.0536e-01 +1.5058e-03 -4.5710e-06
Channel-065_Threshold-1= +8.0428e+00 -3.2705e-01 +2.7264e-03 +5.1447e+00 -1.7676e-01 +8.1688e-04
Channel-066_Threshold-0= +2.3274e+00 -3.8662e-01 +4.1380e-03 +1.8302e+00 -3.5038e-01 +4.0118e-03 -1.7824e-05
Channel-066_Threshold-1= +2.6821e+00 -4.2690e-01 +5.1160e-03 -1.2558e+00 -1.6986e-01 +7.5655e-04
Channel-067_Threshold-0= +5.3191e+00 -2.7663e-01 +1.5073e-03 +3.1282e+00 -2.0205e-01 +1.4708e-03 -4.4166e-06
Channel-067_Threshold-1= +6.1238e+00 -3.2878e-01 +2.5287e-03 +2.9070e+00 -1.7285e-01 +7.7991e-04
Channel-068_Threshold-0= +7.9281e+00 -3.4950e-01 +2.9737e-03 +5.0513e+00 -2.1926e-01 +1.8062e-03 -6.4293e-06
Channel-068_Threshold-1= +8.8606e+00 -4.3070e-01 +4.7090e-03 +4.2777e+00 -1.6352e-01 +6.8181e-04
Channel-069_Threshold-0= +2.3368e+00 -3.8735e-01 +3.9729e-03 +8.1039e-01 -2.9106e-01 +2.8121e-03 -1.0567e-05
Channel-069_Threshold-1= +2.6747e+00 -4.0559e-01 +4.2678e-03 -8.1467e-01 -1.9223e-01 +9.6384e-04
Channel-070_Threshold-0= +2.6830e+00 -3.0934e-01 +2.5350e-03 +6.5609e-01 -2.1196e-01 +1.5635e-03 -4.5468e-06
Channel-070_Threshold-1= +2.9445e+00 -3.3910e-01 +3.1216e-03 -4.3002e-02 -1.7452e-01 +8.0726e-04
Channel-071_Threshold-0= +3.8279e+00 -3.1981e-01 +2.9274e-03 +1.9718e+00 -2.1879e-01 +1.7322e-03 -5.7346e-06
Channel-071_Threshold-1= +3.8999e+00 -3.1058e-01 +2.5370e-03 +1.3185e+00 -1.7393e-01 +7.7470e-04
Channel-072_Threshold-0= +6.4372e+00 -2.7759e-01 +1.8210e-03 +4.2453e+00 -1.9388e-01 +1.4239e-03 -4.5346e-06
Channel-072_Threshold-1= +6.9033e+00 -3.2678e-01 +3.0607e-03 +3.9800e+00 -1.6467e-01 +7.0183e-04
Channel-073_Threshold-0= +8.2930e+00 -3.6304e-01 +3.5789e-03 +6.9890e+00 -2.9626e-01 +3.0801e-03 -1.3099e-05
Channel-073_Threshold-1= +8.1795e+00 -3.6012e-01 +3.6107e-03 +5.1224e+00 -1.7987e-01 +8.2620e-04
Channel-074_Threshold-0= +1.1708e+01 -3.1499e-01 +2.3942e-03 +9.7043e+00 -2.2587e-01 +1.7087e-03 -4.9459e-06
Channel-074_Threshold-1= +1.1294e+01 -3.1652e-01 +2.5930e-03 +9.0349e+00 -1.9457e-01 +9.5242e-04
Channel-075_Threshold-0= +2.6841e+00 -3.2549e-01 +2.5829e-03 +1.8294e+00 -2.9271e-01 +2.7894e-03 -1.0644e-05
Channel-075_Threshold-1= +2.8307e+00 -3.4354e-01 +3.0454e-03 +6.1300e-02 -1.8663e-01 +8.6945e-04
Channel-076_Threshold-0= +6.1138e+00 -4.1046e-01 +4.2668e-03 +4.7053e+00 -3.2643e-01 +3.5017e-03 -1.4454e-05
Channel-076_Threshold-1= +5.2263e+00 -3.5836e-01 +3.4882e-03 +2.0723e+00 -1.7339e-01 +8.0339e-04
Channel-077_Threshold-0= +5.7484e+00 -2.9508e-01 +1.8353e-03 +4.3751e+00 -2.6365e-01 +2.4483e-03 -9.0249e-06
Channel-077_Threshold-1= +6.3373e+00 -3.5959e-01 +3.2640e-03 +2.3802e+00 -1.5566e-01 +6.5754e-04
Channel-078_Threshold-0= +1.0210e+01 -3.3137e-01 +2.5811e-03 +8.4697e+00 -2.5669e-01 +2.1887e-03 -6.9901e-06
Channel-078_Threshold-1= +1.0687e+01 -4.0217e-01 +4.2186e-03 +6.9581e+00 -1.8003e-01 +8.6135e-04
Channel-079_Threshold-0= +1.3543e-03 -3.8861e-01 +3.8554e-03 -2.8975e+00 -2.3906e-01 +2.1069e-03 -7.9615e-06
Channel-079_Threshold-1= -3.2608e-01 -3.9503e-01 +4.0748e-03 -4.3758e+00 -1.6838e-01 +7.9229e-04
Channel-080_Threshold-0= +1.1980e+01 -3.2674e-01 +3.1639e-03 +1.0704e+01 -2.5305e-01 +2.2743e-03 -8.5347e-06
Channel-080_Threshold-1= +1.2872e+01 -3.6217e-01 +3.6493e-03 +9.8601e+00 -1.8059e-01 +8.7002e-04
Channel-081_Threshold-0= +1.9628e+01 -3.8109e-01 +4.2452e-03 +1.9107e+01 -3.3143e-01 +3.6049e-03 -1.5217e-05
Channel-081_Threshold-1= +1.9838e+01 -3.7720e-01 +4.1021e-03 +1.6967e+01 -1.9100e-01 +9.6649e-04
Channel-082_Threshold-0= +1.4052e+00 -3.0983e-01 +2.7197e-03 +1.7435e+00 -3.4142e-01 +3.8441e-03 -1.6785e-05
Channel-082_Threshold-1= +1.9336e+00 -3.7607e-01 +4.1496e-03 -1.5575e+00 -1.6652e-01 +7.6393e-04
Channel-083_Threshold-0= +1.7968e+00 -3.6845e-01 +3.8549e-03 +9.3783e-01 -3.1003e-01 +3.1754e-03 -1.3007e-05
Channel-083_Threshold-1= +1.7639e+00 -3.7981e-01 +3.9681e-03 -1.1861e+00 -1.9777e-01 +1.0030e-03
Channel-084_Threshold-0= +5.0633e+00 -3.2554e-01 +2.6690e-03 +3.8548e+00 -2.6953e-01 +2.3926e-03 -8.2227e-06
Channel-084_Threshold-1= +5.3169e+00 -3.7482e-01 +3.6109e-03 +2.4942e+00 -2.0720e-01 +1.1067e-03
Channel-085_Threshold-0= +6.2707e+00 -3.9573e-01 +3.9981e-03 +5.1051e+00 -3.2179e-01 +3.2738e-03 -1.2834e-05
Channel-085_Threshold-1= +5.9915e+00 -3.5204e-01 +3.0251e-03 +3.6425e+00 -2.1985e-01 +1.2147e-03
Channel-086_Threshold-0= +7.3965e+00 -3.4053e-01 +2.9813e-03 +6.8275e+00 -3.2859e-01 +3.5654e-03 -1.5149e-05
Channel-086_Threshold-1= +7.9733e+00 -4.0227e-01 +4.2503e-03 +4.1769e+00 -1.7989e-01 +8.4931e-04
Channel-087_Threshold-0= +9.7485e+00 -4.0861e-01 +4.3021e-03 +8.5892e+00 -3.3756e-01 +3.5574e-03 -1.4534e-05
Channel-087_Threshold-1= +9.5855e+00 -4.0335e-01 +4.2013e-03 +6.4035e+00 -2.1377e-01 +1.2174e-03
Channel-088_Threshold-0= +1.1840e+01 -4.3589e-01 +4.9727e-03 +1.0363e+01 -3.2928e-01 +3.4021e-03 -1.3364e-05
Channel-088_Threshold-1= +1.2107e+01 -4.4169e-01 +5.1001e-03 +9.5992e+00 -2.5669e-01 +1.6573e-03
Channel-089_Threshold-0= -5.1384e-01 -4.2664e-01 +4.6485e-03 -3.0933e+00 -2.7618e-01 +2.6952e-03 -1.0632e-05
Channel-089_Threshold-1= -1.0569e+00 -3.9448e-01 +3.9684e-03 -3.8353e+00 -2.2713e-01 +1.4103e-03
Channel-090_Threshold-0= +2.4491e+00 -4.5068e-01 +4.6644e-03 -6.0015e-01 -2.7666e-01 +2.5136e-03 -8.6601e-06
Channel-090_Threshold-1= +2.4459e+00 -4.6419e-01 +4.9752e-03 -2.4579e+00 -1.8088e-01 +8.7918e-04
Channel-091_Threshold-0= +9.8706e+00 -3.9207e-01 +3.6730e-03 +9.9479e+00 -4.0200e-01 +4.5417e-03 -1.8965e-05
Channel-091_Threshold-1= +1.0627e+01 -4.6755e-01 +5.3467e-03 +6.3351e+00 -1.9945e-01 +1.0360e-03
Channel-092_Threshold-0= +3.8225e+00 -4.3637e-01 +4.8255e-03 +1.9817e+00 -3.2134e-01 +3.3410e-03 -1.3463e-05
Channel-092_Threshold-1= +4.0323e+00 -4.5300e-01 +5.1546e-03 -4.9352e-01 -1.8331e-01 +9.0583e-04
Channel-093_Threshold-0= +6.3230e+00 -5.8307e-01 +7.7435e-03 +3.5956e+00 -3.5905e-01 +3.8324e-03 -1.5381e-05
Channel-093_Threshold-1= +4.5148e+00 -4.3076e-01 +4.7822e-03 +9.4072e-01 -2.0533e-01 +1.0942e-03
Channel-094_Threshold-0= +1.1280e+01 -6.3307e-01 +8.8528e-03 +7.9059e+00 -3.5732e-01 +3.9249e-03 -1.6613e-05
Channel-094_Threshold-1= +9.7177e+00 -5.4462e-01 +7.4620e-03 +4.2063e+00 -1.7426e-01 +8.2544e-04
Channel-095_Threshold-0= +6.1985e+00 -4.2133e-01 +4.2639e-03 +2.2181e+00 -1.9894e-01 +1.2801e-03 -2.7795e-06
Channel-095_Threshold-1= +5.7330e+00 -3.9927e-01 +4.0348e-03 -1.4581e+00 -2.8012e-02 -8.1279e-04
Channel-096_Threshold-0= +0.0000e+00 +0.0000e+00 +0.0000e+00 +0.0000e+00 +0.0000e+00 +0.0000e+00 +0.0000e+00
Channel-096_Threshold-1= +0.0000e+00 +0.0000e+00 +0.0000e+00 +0.0000e+00 +0.0000e+00 +0.0000e+00
Channel-097_Threshold-0= +1.0263e+01 -3.2579e-01 +2.8457e-03 +7.8729e+00 -2.1138e-01 +1.6538e-03 -5.1528e-06
Channel-097_Threshold-1= +1.1576e+01 -4.1134e-01 +4.3685e-03 +7.4865e+00 -1.7618e-01 +8.4132e-04
Channel-098_Threshold-0= +9.7193e+00 -4.1516e-01 +4.7725e-03 +8.0033e+00 -2.8243e-01 +2.6057e-03 -9.1205e-06
Channel-098_Threshold-1= +1.1057e+01 -4.8762e-01 +5.9090e-03 +7.1895e+00 -2.1590e-01 +1.1814e-03
Channel-099_Threshold-0= +1.2319e+01 -4.5486e-01 +6.0060e-03 +9.6449e+00 -2.5349e-01 +2.2446e-03 -7.8145e-06
Channel-099_Threshold-1= +1.3000e+01 -4.8744e-01 +6.1241e-03 +7.8936e+00 -1.6813e-01 +7.7373e-04
Channel-100_Threshold-0= +9.3435e+00 -3.2044e-01 +2.7101e-03 +8.9187e+00 -3.1734e-01 +3.2311e-03 -1.2382e-05
Channel-100_Threshold-1= +1.0978e+01 -4.4829e-01 +4.9074e-03 +6.9204e+00 -2.0523e-01 +1.1404e-03
Channel-101_Threshold-0= +1.2537e+01 -5.7347e-01 +7.0288e-03 +9.9183e+00 -3.7927e-01 +4.0974e-03 -1.6381e-05
Channel-101_Threshold-1= +1.0253e+01 -4.3521e-01 +4.4636e-03 +6.5676e+00 -2.1885e-01 +1.2439e-03
Channel-102_Threshold-0= +9.9250e+00 -3.4977e-01 +2.4009e-03 +7.6728e+00 -2.6581e-01 +2.3190e-03 -7.5747e-06
Channel-102_Threshold-1= +9.8873e+00 -3.9609e-01 +3.7507e-03 +6.3628e+00 -2.0187e-01 +1.0770e-03
Channel-103_Threshold-0= +7.0262e+00 -1.7120e-01 -4.5252e-04 +8.7663e+00 -3.3666e-01 +3.5223e-03 -1.4273e-05
Channel-103_Threshold-1= +9.4994e+00 -3.6912e-01 +3.1957e-03 +5.9783e+00 -1.9042e-01 +9.4976e-04
Channel-104_Threshold-0= +8.2839e+00 -2.7741e-01 +1.5960e-03 +9.1872e+00 -3.6694e-01 +4.0173e-03 -1.6745e-05
Channel-104_Threshold-1= +9.5293e+00 -3.9432e-01 +3.9341e-03 +6.1402e+00 -2.0219e-01 +1.0718e-03
Channel-105_Threshold-0= +9.9357e+00 -3.5899e-01 +3.1652e-03 +9.5952e+00 -3.3711e-01 +3.2431e-03 -1.1421e-05
Channel-105_Threshold-1= +1.0151e+01 -3.7255e-01 +3.2311e-03 +7.3073e+00 -2.1866e-01 +1.1921e-03
Channel-106_Threshold-0= +7.3485e+00 -3.1621e-01 +2.5361e-03 +7.4729e+00 -3.3411e-01 +3.3746e-03 -1.2820e-05
Channel-106_Threshold-1= +8.5138e+00 -3.9250e-01 +3.7485e-03 +6.2149e+00 -2.5011e-01 +1.5347e-03
Channel-107_Threshold-0= +6.4854e+00 -1.6959e-01 -4.0328e-04 +7.4284e+00 -2.8718e-01 +2.6295e-03 -8.9075e-06
Channel-107_Threshold-1= +9.0267e+00 -3.8923e-01 +3.8800e-03 +5.5876e+00 -1.9341e-01 +9.8025e-04
Channel-108_Threshold-0= +1.0454e+01 -5.1773e-01 +6.6190e-03 +9.0240e+00 -3.8287e-01 +4.2559e-03 -1.7808e-05
Channel-108_Threshold-1= +9.3260e+00 -4.1675e-01 +4.5678e-03 +6.0821e+00 -2.0768e-01 +1.1081e-03
Channel-109_Threshold-0= +7.4941e+00 -3.1326e-01 +2.6692e-03 +8.6750e+00 -3.7400e-01 +4.0037e-03 -1.5904e-05
Channel-109_Threshold-1= +8.3622e+00 -3.7319e-01 +3.4774e-03 +4.9047e+00 -1.8717e-01 +9.3782e-04
Channel-110_Threshold-0= +1.3262e+01 -7.1256e-01 +1.0015e-02 +6.7432e+00 -2.4764e-01 +1.9314e-03 -4.8422e-06
Channel-110_Threshold-1= +9.1552e+00 -3.9503e-01 +3.9459e-03 +6.1217e+00 -2.1272e-01 +1.2143e-03
Channel-111_Threshold-0= +7.1982e+00 -3.2742e-01 +3.1195e-03 +7.8317e+00 -3.6435e-01 +4.1811e-03 -1.8495e-05
Channel-111_Threshold-1= +7.1235e+00 -3.6914e-01 +4.0487e-03 +5.1020e+00 -2.2772e-01 +1.4739e-03
Channel-112_Threshold-0= +8.9570e+00 -4.0525e-01 +4.2140e-03 +6.1908e+00 -2.4550e-01 +2.1506e-03 -7.3878e-06
Channel-112_Threshold-1= +8.6504e+00 -3.7907e-01 +3.7111e-03 +4.9959e+00 -1.7701e-01 +8.8251e-04
Channel-113_Threshold-0= +1.0115e+01 -6.1498e-01 +8.1327e-03 +4.7567e+00 -2.5319e-01 +2.1432e-03 -6.5742e-06
Channel-113_Threshold-1= +7.3162e+00 -4.1640e-01 +4.3903e-03 +3.6627e+00 -1.9972e-01 +1.1102e-03
Channel-114_Threshold-0= +7.5073e+00 -3.6047e-01 +3.6309e-03 +8.2291e+00 -4.0455e-01 +4.9323e-03 -2.2895e-05
Channel-114_Threshold-1= +7.8994e+00 -3.8704e-01 +3.9650e-03 +4.4327e+00 -1.9160e-01 +1.0384e-03
Channel-115_Threshold-0= +1.2934e+01 -5.4631e-01 +7.2996e-03 +1.0650e+01 -3.5199e-01 +3.7742e-03 -1.5525e-05
Channel-115_Threshold-1= +1.1616e+01 -4.2604e-01 +4.6596e-03 +8.7347e+00 -2.3666e-01 +1.4757e-03
Channel-116_Threshold-0= +9.4363e+00 -4.4918e-01 +5.4071e-03 +9.0584e+00 -3.8741e-01 +4.3354e-03 -1.8364e-05
Channel-116_Threshold-1= +1.0694e+01 -5.2881e-01 +6.7874e-03 +7.4717e+00 -2.7402e-01 +1.8195e-03
Channel-117_Threshold-0= +7.5809e+00 -4.1783e-01 +4.8233e-03 +7.9018e+00 -4.2018e-01 +5.1731e-03 -2.4147e-05
Channel-117_Threshold-1= +7.6633e+00 -4.0955e-01 +4.6625e-03 +4.9994e+00 -2.3045e-01 +1.3885e-03
Channel-118_Threshold-0= +7.6673e+00 -4.7772e-01 +6.6621e-03 +6.9327e+00 -3.6390e-01 +3.9964e-03 -1.6662e-05
Channel-118_Threshold-1= +7.8312e+00 -4.4023e-01 +5.1773e-03 +5.2017e+00 -2.4680e-01 +1.5501e-03
Channel-119_Threshold-0= +1.2086e+01 -3.6634e-01 +3.9480e-03 +1.3413e+01 -4.2209e-01 +5.0340e-03 -2.2488e-05
Channel-119_Threshold-1= +1.2879e+01 -4.4277e-01 +5.4563e-03 +9.9288e+00 -2.2765e-01 +1.3651e-03
Channel-120_Threshold-0= +9.5460e+00 -3.9248e-01 +4.0340e-03 +8.1294e+00 -3.0089e-01 +2.8803e-03 -1.0033e-05
Channel-120_Threshold-1= +9.4659e+00 -4.1013e-01 +4.4774e-03 +5.5702e+00 -1.7640e-01 +8.8634e-04
Channel-121_Threshold-0= +8.6028e+00 -2.9471e-01 +2.0821e-03 +8.1146e+00 -2.8728e-01 +2.6123e-03 -8.6940e-06
Channel-121_Threshold-1= +9.3495e+00 -3.2137e-01 +2.3930e-03 +6.0660e+00 -1.7169e-01 +8.1758e-04
Channel-122_Threshold-0= +9.9641e+00 -4.0274e-01 +4.0069e-03 +9.7019e+00 -3.7770e-01 +4.0970e-03 -1.6426e-05
Channel-122_Threshold-1= +1.1951e+01 -4.9483e-01 +5.4429e-03 +6.6927e+00 -1.9454e-01 +9.9368e-04
Channel-123_Threshold-0= +6.9799e+00 -1.8660e-01 -2.1634e-04 +7.5812e+00 -2.8133e-01 +2.5887e-03 -8.8727e-06
Channel-123_Threshold-1= +9.5440e+00 -3.8277e-01 +3.4774e-03 +5.2178e+00 -1.6138e-01 +7.4759e-04
Channel-124_Threshold-0= +8.5643e+00 -3.3536e-01 +2.5737e-03 +7.6384e+00 -3.0183e-01 +2.8998e-03 -1.0548e-05
Channel-124_Threshold-1= +9.2289e+00 -3.9237e-01 +3.8778e-03 +5.0725e+00 -1.6514e-01 +7.4411e-04
Channel-125_Threshold-0= +1.1636e+01 -5.0787e-01 +5.9672e-03 +1.1219e+01 -4.3185e-01 +4.6882e-03 -1.8624e-05
Channel-125_Threshold-1= +0.0000e+00 +0.0000e+00 +0.0000e+00 +0.0000e+00 +0.0000e+00 +0.0000e+00
Channel-126_Threshold-0= +9.6301e+00 -4.2480e-01 +4.9286e-03 +9.6789e+00 -3.8286e-01 +4.1764e-03 -1.6850e-05
Channel-126_Threshold-1= +8.7250e+00 -3.8161e-01 +3.6238e-03 +4.7848e+00 -1.6950e-01 +7.8399e-04
Channel-127_Threshold-0= +9.8579e+00 -3.6394e-01 +3.4320e-03 +8.7082e+00 -2.8909e-01 +2.6254e-03 -8.9740e-06
Channel-127_Threshold-1= +1.0369e+01 -3.7389e-01 +3.4555e-03 +6.5004e+00 -1.6992e-01 +7.8008e-04
Channel-128_Threshold-0= +7.2632e+00 -3.2352e-01 +2.9648e-03 +6.0049e+00 -2.5386e-01 +2.2679e-03 -7.7689e-06
Channel-128_Threshold-1= +8.8568e+00 -3.9878e-01 +4.1123e-03 +4.6077e+00 -1.5954e-01 +7.1694e-04
Channel-129_Threshold-0= +1.1342e+01 -4.0842e-01 +4.7135e-03 +8.7292e+00 -2.2472e-01 +1.5843e-03 -4.1362e-06
Channel-129_Threshold-1= +1.1704e+01 -4.3290e-01 +4.4173e-03 +6.7775e+00 -1.6389e-01 +7.4326e-04
Channel-130_Threshold-0= +1.1339e+01 -4.9559e-01 +5.5491e-03 +8.5260e+00 -3.1907e-01 +3.1640e-03 -1.1420e-05
Channel-130_Threshold-1= +1.1221e+01 -4.9694e-01 +5.6622e-03 +6.5012e+00 -2.0793e-01 +1.1664e-03
Channel-131_Threshold-0= +1.1662e+01 -5.4903e-01 +6.7826e-03 +8.1880e+00 -3.0510e-01 +2.7866e-03 -9.1243e-06
Channel-131_Threshold-1= +1.0017e+01 -4.1796e-01 +4.0886e-03 +6.3004e+00 -2.1051e-01 +1.1681e-03
Channel-132_Threshold-0= +8.4886e+00 -2.9763e-01 +1.7769e-03 +7.1946e+00 -2.7086e-01 +2.4358e-03 -8.2765e-06
Channel-132_Threshold-1= +9.8568e+00 -3.9280e-01 +3.8401e-03 +6.4395e+00 -2.0472e-01 +1.1120e-03
Channel-133_Threshold-0= +8.4681e+00 -2.9336e-01 +1.6932e-03 +7.6906e+00 -2.8069e-01 +2.3294e-03 -6.5478e-06
Channel-133_Threshold-1= +9.1632e+00 -3.3035e-01 +2.0326e-03 +6.4480e+00 -2.1668e-01 +1.1996e-03
Channel-134_Threshold-0= +1.0084e+01 -4.3727e-01 +4.6511e-03 +9.9185e+00 -4.1505e-01 +4.7533e-03 -1.9948e-05
Channel-134_Threshold-1= +9.6678e+00 -4.3752e-01 +4.7760e-03 +5.7761e+00 -2.0299e-01 +1.0949e-03
Channel-135_Threshold-0= +8.4750e+00 -3.1651e-01 +1.9484e-03 +7.9631e+00 -3.2497e-01 +3.1343e-03 -1.1014e-05
Channel-135_Threshold-1= +9.0553e+00 -3.7830e-01 +3.2614e-03 +5.1019e+00 -1.8325e-01 +8.8777e-04
Channel-136_Threshold-0= +7.6776e+00 -3.1295e-01 +2.6213e-03 +9.4598e+00 -4.1683e-01 +4.7663e-03 -1.9772e-05
Channel-136_Threshold-1= +8.6047e+00 -3.9696e-01 +4.0230e-03 +4.7368e+00 -1.8411e-01 +9.2285e-04
Channel-137_Threshold-0= +9.0515e+00 -3.8038e-01 +3.5814e-03 +9.8932e+00 -4.2839e-01 +4.9260e-03 -2.0910e-05
Channel-137_Threshold-1= +9.2618e+00 -3.8075e-01 +3.4634e-03 +5.8222e+00 -1.9921e-01 +1.0259e-03
Channel-138_Threshold-0= +8.8211e+00 -3.9379e-01 +4.0683e-03 +8.2470e+00 -3.5691e-01 +3.8746e-03 -1.5945e-05
Channel-138_Threshold-1= +8.6599e+00 -4.0567e-01 +4.2255e-03 +4.4174e+00 -1.6913e-01 +7.6368e-04
Channel-139_Threshold-0= +1.4515e+01 -4.4959e-01 +5.0992e-03 +1.2922e+01 -3.2605e-01 +3.1390e-03 -1.1151e-05
Channel-139_Threshold-1= +1.3847e+01 -3.8531e-01 +3.5684e-03 +1.0453e+01 -2.0017e-01 +1.0333e-03
Channel-140_Threshold-0= +8.6968e+00 -3.3780e-01 +2.7689e-03 +6.8897e+00 -2.5234e-01 +2.0293e-03 -5.4424e-06
Channel-140_Threshold-1= +9.7007e+00 -3.9963e-01 +3.8917e-03 +6.5172e+00 -2.1894e-01 +1.2934e-03
Channel-141_Threshold-0= +9.2480e+00 -3.9635e-01 +4.0723e-03 +8.6019e+00 -3.4674e-01 +3.5954e-03 -1.3763e-05
Channel-141_Threshold-1= +9.2465e+00 -4.0085e-01 +4.0120e-03 +6.7708e+00 -2.4433e-01 +1.5395e-03
Channel-142_Threshold-0= +9.5579e+00 -4.2052e-01 +4.4191e-03 +7.5014e+00 -2.8894e-01 +2.6199e-03 -8.6597e-06
Channel-142_Threshold-1= +8.9142e+00 -3.7445e-01 +3.4406e-03 +6.3509e+00 -2.2353e-01 +1.3076e-03
Channel-143_Threshold-0= +8.7294e+00 -3.5673e-01 +3.2230e-03 +7.8427e+00 -3.0793e-01 +2.9519e-03 -1.0468e-05
Channel-143_Threshold-1= +9.7094e+00 -3.9737e-01 +3.8333e-03 +6.8230e+00 -2.2727e-01 +1.3594e-03
Channel-144_Threshold-0= +6.6549e+00 -2.7225e-01 +1.8001e-03 +8.7039e+00 -4.1541e-01 +4.9028e-03 -2.1731e-05
Channel-144_Threshold-1= +8.9292e+00 -4.4387e-01 +4.9020e-03 +5.7800e+00 -2.3991e-01 +1.4800e-03
Channel-145_Threshold-0= +9.9087e+00 -4.6084e-01 +5.3515e-03 +9.4430e+00 -3.9987e-01 +4.4627e-03 -1.8390e-05
Channel-145_Threshold-1= +1.7408e+01 -5.2457e-01 -1.8981e-03 +8.3737e+00 -2.5093e-01 +1.4938e-03
Channel-146_Threshold-0= +9.1031e+00 -4.0824e-01 +4.0976e-03 +7.9365e+00 -3.3584e-01 +3.4077e-03 -1.2853e-05
Channel-146_Threshold-1= +9.2697e+00 -4.3099e-01 +4.5732e-03 +5.1684e+00 -1.9211e-01 +9.8786e-04
Channel-147_Threshold-0= +8.5441e+00 -4.0675e-01 +4.4862e-03 +8.4563e+00 -3.7736e-01 +4.1389e-03 -1.7111e-05
Channel-147_Threshold-1= +8.5100e+00 -4.0456e-01 +4.0962e-03 +4.8742e+00 -1.9819e-01 +1.0426e-03
Channel-148_Threshold-0= +1.4668e+01 -4.7246e-01 +5.3545e-03 +1.3548e+01 -3.8216e-01 +4.2275e-03 -1.7634e-05
Channel-148_Threshold-1= +1.4382e+01 -4.5922e-01 +5.1498e-03 +1.0519e+01 -2.1529e-01 +1.1932e-03
Channel-149_Threshold-0= +9.6236e+00 -2.9735e-01 +1.6239e-03 +9.0550e+00 -3.0500e-01 +2.7847e-03 -9.2034e-06
Channel-149_Threshold-1= +1.1175e+01 -4.8578e-01 +5.6105e-03 +7.1157e+00 -2.1871e-01 +1.2109e-03
Channel-150_Threshold-0= +9.2460e+00 -4.4368e-01 +5.3030e-03 +8.6417e+00 -3.6985e-01 +4.1052e-03 -1.6969e-05
Channel-150_Threshold-1= +9.4138e+00 -4.2920e-01 +4.7965e-03 +5.4887e+00 -1.8843e-01 +9.6219e-04
Channel-151_Threshold-0= +9.7794e+00 -4.0847e-01 +4.2816e-03 +8.8611e+00 -3.5450e-01 +3.9278e-03 -1.6250e-05
Channel-151_Threshold-1= +1.0594e+01 -4.8215e-01 +5.7393e-03 +5.4013e+00 -1.7166e-01 +8.3967e-04
Channel-152_Threshold-0= +8.7599e+00 -8.8078e-02 -2.8680e-03 -3.2182e+01 +1.1395e+00 -1.0851e-02 +1.3408e-05
Channel-152_Threshold-1= +9.3472e+00 -4.7675e-01 +5.4655e-03 +4.2392e+00 -1.7451e-01 +8.5303e-04
Channel-153_Threshold-0= +7.4662e+00 -3.4282e-01 +2.9133e-03 +5.6250e+00 -2.6341e-01 +2.4454e-03 -8.6740e-06
Channel-153_Threshold-1= +8.5973e+00 -4.5097e-01 +5.3283e-03 +3.9089e+00 -1.6667e-01 +7.8888e-04
Channel-154_Threshold-0= +9.8998e+00 -3.3681e-01 +2.8122e-03 +7.4927e+00 -2.1834e-01 +1.5325e-03 -3.6646e-06
Channel-154_Threshold-1= +1.0441e+01 -3.7777e-01 +3.4352e-03 +7.0515e+00 -1.9405e-01 +9.8152e-04
Channel-155_Threshold-0= +1.2311e+01 -3.6935e-01 +3.6321e-03 +1.2157e+01 -3.5689e-01 +3.8447e-03 -1.5431e-05
Channel-155_Threshold-1= +1.1796e+01 -3.7974e-01 +4.2224e-03 +8.0625e+00 -1.6107e-01 +7.3570e-04
Channel-156_Threshold-0= +9.4440e+00 -4.6288e-01 +5.4954e-03 +8.0940e+00 -3.5052e-01 +3.7291e-03 -1.4731e-05
Channel-156_Threshold-1= +8.4612e+00 -3.8268e-01 +3.9109e-03 +4.7833e+00 -1.7447e-01 +8.5406e-04
Channel-157_Threshold-0= +1.2671e+01 -3.8779e-01 +4.1375e-03 +1.2981e+01 -3.8473e-01 +4.3180e-03 -1.7838e-05
Channel-157_Threshold-1= +1.2503e+01 -3.6805e-01 +3.5706e-03 +8.8061e+00 -1.6790e-01 +7.9518e-04
Channel-158_Threshold-0= +8.3880e+00 -3.8336e-01 +3.7589e-03 +5.8887e+00 -2.4975e-01 +2.2343e-03 -7.7528e-06
Channel-158_Threshold-1= +9.0106e+00 -4.2326e-01 +4.5601e-03 +4.3370e+00 -1.5920e-01 +7.1188e-04
Channel-159_Threshold-0= +9.6035e+00 -4.8144e-01 +6.2136e-03 +7.7946e+00 -3.2817e-01 +3.4458e-03 -1.3603e-05
Channel-159_Threshold-1= +8.9142e+00 -4.2442e-01 +4.8208e-03 +4.5632e+00 -1.6898e-01 +8.1146e-04
Channel-160_Threshold-0= +9.3734e+00 -3.4353e-01 +2.7215e-03 +7.7206e+00 -2.7817e-01 +2.5853e-03 -9.0385e-06
Channel-160_Threshold-1= +1.0819e+01 -4.6256e-01 +5.0432e-03 +6.1311e+00 -1.9014e-01 +1.0039e-03
Channel-161_Threshold-0= +8.2421e+00 -3.0994e-01 +2.3861e-03 +8.8358e+00 -3.5687e-01 +3.8054e-03 -1.5137e-05
Channel-161_Threshold-1= +9.8124e+00 -4.2815e-01 +4.5799e-03 +6.4869e+00 -2.2092e-01 +1.2806e-03
Channel-162_Threshold-0= +8.4415e+00 -2.6406e-01 +9.9735e-04 +7.0733e+00 -2.3866e-01 +1.7462e-03 -4.0568e-06
Channel-162_Threshold-1= +9.7614e+00 -3.8526e-01 +3.3717e-03 +6.2487e+00 -2.0178e-01 +1.0694e-03
Channel-163_Threshold-0= +8.9786e+00 -3.6195e-01 +3.3309e-03 +9.0706e+00 -3.6004e-01 +3.7002e-03 -1.3961e-05
Channel-163_Threshold-1= +9.3058e+00 -3.8230e-01 +3.5005e-03 +6.4023e+00 -2.2056e-01 +1.2443e-03
Channel-164_Threshold-0= +1.0530e+01 -5.1740e-01 +6.2787e-03 +9.0284e+00 -3.8315e-01 +4.0913e-03 -1.5985e-05
Channel-164_Threshold-1= +9.2186e+00 -4.3605e-01 +4.8837e-03 +5.3903e+00 -1.9872e-01 +1.0425e-03
Channel-165_Threshold-0= +1.1310e+01 -5.3858e-01 +6.7577e-03 +1.0070e+01 -4.1363e-01 +4.6545e-03 -1.9358e-05
Channel-165_Threshold-1= +0.0000e+00 +0.0000e+00 +0.0000e+00 +0.0000e+00 +0.0000e+00 +0.0000e+00
Channel-166_Threshold-0= +8.1790e+00 -3.6177e-01 +3.3934e-03 +8.7920e+00 -4.0610e-01 +4.7744e-03 -2.1100e-05
Channel-166_Threshold-1= +8.9969e+00 -4.3437e-01 +4.8380e-03 +5.1211e+00 -1.9695e-01 +1.0339e-03
Channel-167_Threshold-0= +1.0143e+01 -4.3461e-01 +4.7947e-03 +9.8497e+00 -3.9269e-01 +4.4177e-03 -1.8553e-05
Channel-167_Threshold-1= +9.6304e+00 -3.6896e-01 +3.3224e-03 +6.7523e+00 -2.0906e-01 +1.1330e-03
Channel-168_Threshold-0= +9.3121e+00 -3.9949e-01 +4.3264e-03 +9.2804e+00 -3.7014e-01 +3.9349e-03 -1.5515e-05
Channel-168_Threshold-1= +1.0136e+01 -4.7309e-01 +5.8066e-03 +6.1962e+00 -2.0586e-01 +1.1015e-03
Channel-169_Threshold-0= +8.1459e+00 -3.9528e-01 +4.1032e-03 +7.6381e+00 -3.5702e-01 +3.8233e-03 -1.5452e-05
Channel-169_Threshold-1= +8.0676e+00 -3.7405e-01 +3.3025e-03 +4.0026e+00 -1.7359e-01 +8.4980e-04
Channel-170_Threshold-0= +9.8472e+00 -3.6302e-01 +2.9447e-03 +7.4610e+00 -2.6605e-01 +2.4965e-03 -8.9511e-06
Channel-170_Threshold-1= +1.0378e+01 -4.4727e-01 +5.0313e-03 +6.4189e+00 -2.0291e-01 +1.1470e-03
Channel-171_Threshold-0= +7.8220e+00 -2.5786e-01 +1.2643e-03 +7.5355e+00 -2.8736e-01 +2.8264e-03 -1.0784e-05
Channel-171_Threshold-1= +9.5487e+00 -4.0525e-01 +4.0253e-03 +5.7489e+00 -1.9441e-01 +1.0679e-03
Channel-172_Threshold-0= +7.8507e+00 -3.2739e-01 +2.8484e-03 +7.3619e+00 -2.9523e-01 +2.7170e-03 -9.0134e-06
Channel-172_Threshold-1= +1.0085e+01 -4.7644e-01 +5.4805e-03 +6.1229e+00 -2.2061e-01 +1.2986e-03
Channel-173_Threshold-0= +1.1521e+01 -5.6280e-01 +7.5448e-03 +8.1005e+00 -2.9375e-01 +2.6019e-03 -7.9708e-06
Channel-173_Threshold-1= +1.0052e+01 -4.1777e-01 +4.3650e-03 +7.4407e+00 -2.4535e-01 +1.5163e-03
Channel-174_Threshold-0= +9.7218e+00 -4.4620e-01 +4.7835e-03 +6.9369e+00 -2.7776e-01 +2.4939e-03 -8.3464e-06
Channel-174_Threshold-1= +8.9807e+00 -3.8480e-01 +3.6238e-03 +6.2549e+00 -2.2969e-01 +1.4006e-03
Channel-175_Threshold-0= +7.6801e+00 -2.7863e-01 +1.7430e-03 +6.8341e+00 -2.6378e-01 +2.2808e-03 -7.1584e-06
Channel-175_Threshold-1= +9.4936e+00 -4.1210e-01 +4.2467e-03 +6.0258e+00 -2.1100e-01 +1.1861e-03
Channel-176_Threshold-0= +8.6940e+00 -3.8257e-01 +3.4963e-03 +8.2916e+00 -3.7210e-01 +4.1582e-03 -1.7638e-05
Channel-176_Threshold-1= +8.9395e+00 -4.0364e-01 +3.9659e-03 +5.7207e+00 -2.2149e-01 +1.2980e-03
Channel-177_Threshold-0= +8.6911e+00 -3.4759e-01 +3.3491e-03 +9.1193e+00 -3.6128e-01 +3.8637e-03 -1.5486e-05
Channel-177_Threshold-1= +8.4240e+00 -2.9565e-01 +2.3864e-03 +6.5196e+00 -1.9556e-01 +1.0213e-03
Channel-178_Threshold-0= +1.0571e+01 -5.3587e-01 +6.8467e-03 +9.5283e+00 -4.2338e-01 +5.0243e-03 -2.2162e-05
Channel-178_Threshold-1= +1.0165e+01 -5.0081e-01 +6.3409e-03 +5.6519e+00 -2.0046e-01 +1.0986e-03
Channel-179_Threshold-0= +9.4195e+00 -2.7231e-01 +1.7875e-03 +1.0036e+01 -3.4166e-01 +3.8160e-03 -1.6141e-05
Channel-179_Threshold-1= +1.0581e+01 -3.6300e-01 +3.1906e-03 +6.6870e+00 -1.6938e-01 +7.8773e-04
