# This file contains the slewing correction parameters for HAC in 2017. 
# The correction functions are structured on two region depending on ToT: 
# 1) ToT < 32.49 ns => pol2 for both thresholds 
# 2) ToT >= 32.49 ns => pol3 for the first threshold and pol2 for the second one
#
Channel-00_Threshold-0= +1.1062e+01 -4.8635e-01 +5.9421e-03 +8.9205e+00 -3.2471e-01 +3.2532e-03 -1.2218e-05 
Channel-00_Threshold-1= +2.1593e+00 -8.2581e-02 -1.6889e-04 +2.6719e+00 -1.2230e-01 +6.0325e-04 
Channel-01_Threshold-0= +1.1558e+01 -4.8342e-01 +5.9393e-03 +9.8168e+00 -3.3953e-01 +3.4507e-03 -1.3309e-05 
Channel-01_Threshold-1= +2.4640e+00 -6.1856e-02 -7.0792e-04 +3.1908e+00 -1.2343e-01 +5.7839e-04 
Channel-02_Threshold-0= +1.0551e+01 -4.8727e-01 +5.8875e-03 +8.0688e+00 -3.0512e-01 +2.8394e-03 -1.0011e-05 
Channel-02_Threshold-1= +1.3106e+00 -6.3511e-02 -5.4422e-04 +2.3477e+00 -1.3521e-01 +6.7810e-04 
Channel-03_Threshold-0= +9.2028e+00 -5.0035e-01 +6.1387e-03 +6.2184e+00 -2.9097e-01 +2.6584e-03 -9.1509e-06 
Channel-03_Threshold-1= -2.3728e-01 -5.9737e-02 -6.3627e-04 +6.8675e-01 -1.2930e-01 +6.4516e-04 
Channel-04_Threshold-0= +8.5426e+00 -5.0171e-01 +5.9019e-03 +5.2568e+00 -2.8480e-01 +2.5682e-03 -8.8713e-06 
Channel-04_Threshold-1= -1.1517e+00 -5.0703e-02 -8.8763e-04 -1.2286e-01 -1.3010e-01 +6.2392e-04 
Channel-05_Threshold-0= +8.0979e+00 -5.0155e-01 +6.0249e-03 +5.0456e+00 -2.9387e-01 +2.7383e-03 -9.8132e-06 
Channel-05_Threshold-1= -1.4467e+00 -5.6013e-02 -7.2083e-04 -5.2286e-01 -1.2667e-01 +5.8925e-04 
Channel-06_Threshold-0= +6.5836e+00 -5.1073e-01 +6.1652e-03 +3.1950e+00 -2.8929e-01 +2.7735e-03 -1.0236e-05 
Channel-06_Threshold-1= -3.1560e+00 -5.3152e-02 -7.5423e-04 -2.4041e+00 -1.1645e-01 +5.2914e-04 
Channel-07_Threshold-0= +6.7087e+00 -5.4623e-01 +6.6761e-03 +2.2429e+00 -2.6291e-01 +2.2586e-03 -7.3598e-06 
Channel-07_Threshold-1= -3.7690e+00 -4.3932e-02 -9.9201e-04 -2.5316e+00 -1.3289e-01 +6.6470e-04 
Channel-08_Threshold-0= +9.1860e+00 -5.8155e-01 +7.6392e-03 +5.3485e+00 -3.0947e-01 +3.0959e-03 -1.1821e-05 
Channel-08_Threshold-1= -1.2291e+00 -7.3552e-02 -3.0572e-04 -4.5022e-01 -1.2597e-01 +6.3388e-04 
Channel-09_Threshold-0= +2.3245e+00 -5.5782e-01 +6.8374e-03 -1.6781e+00 -2.9809e-01 +2.9174e-03 -1.0904e-05 
Channel-09_Threshold-1= -7.9551e+00 -6.8946e-02 -4.3720e-04 -7.2807e+00 -1.2230e-01 +5.9563e-04 
Channel-10_Threshold-0= +1.1264e+01 -4.8482e-01 +5.8880e-03 +8.5110e+00 -2.9041e-01 +2.6493e-03 -9.0646e-06 
Channel-10_Threshold-1= +2.0607e+00 -6.3866e-02 -5.2847e-04 +3.0382e+00 -1.3319e-01 +6.9602e-04 
Channel-11_Threshold-0= +8.6676e+00 -4.8768e-01 +5.9374e-03 +5.9771e+00 -2.9591e-01 +2.7801e-03 -1.0104e-05 
Channel-11_Threshold-1= -5.0468e-01 -6.7236e-02 -4.3488e-04 +4.6929e-01 -1.3038e-01 +6.2000e-04 
Channel-12_Threshold-0= +8.5859e+00 -4.8632e-01 +5.7726e-03 +6.0608e+00 -3.1162e-01 +3.0004e-03 -1.1059e-05 
Channel-12_Threshold-1= -8.2675e-01 -6.4883e-02 -4.8778e-04 -2.2678e-01 -1.1426e-01 +4.7001e-04 
Channel-13_Threshold-0= +5.0767e+00 -4.7172e-01 +5.4495e-03 +2.9576e+00 -3.1913e-01 +3.0292e-03 -1.0701e-05 
Channel-13_Threshold-1= -4.2048e+00 -5.3831e-02 -8.1297e-04 -3.1173e+00 -1.3628e-01 +7.2616e-04 
Channel-14_Threshold-0= +1.2495e+00 -5.1418e-01 +6.3237e-03 -2.6243e+00 -2.6208e-01 +2.3683e-03 -8.3708e-06 
Channel-14_Threshold-1= -8.3999e+00 -5.2618e-02 -7.1587e-04 -7.3424e+00 -1.2609e-01 +5.9991e-04 
Channel-15_Threshold-0= +1.0846e+01 -6.3675e-01 +7.9493e-03 +8.2399e+00 -4.4581e-01 +5.1943e-03 -2.2750e-05 
Channel-15_Threshold-1= +0.0000e+00 +0.0000e+00 +0.0000e+00 +0.0000e+00 +0.0000e+00 +0.0000e+00 
Channel-16_Threshold-0= +8.4504e+00 -5.2561e-01 +6.5237e-03 +4.9264e+00 -2.8824e-01 +2.7257e-03 -9.7890e-06 
Channel-16_Threshold-1= -1.3388e+00 -6.0301e-02 -5.9045e-04 -6.9539e-01 -1.1477e-01 +5.1266e-04 
Channel-17_Threshold-0= +8.6180e+00 -5.5048e-01 +7.0054e-03 +5.5277e+00 -3.2977e-01 +3.4028e-03 -1.3471e-05 
Channel-17_Threshold-1= -1.3342e+00 -8.0477e-02 -1.6025e-04 -5.4994e-01 -1.3048e-01 +6.6276e-04 
Channel-18_Threshold-0= +9.7928e+00 -5.6242e-01 +7.2373e-03 +6.3683e+00 -3.2426e-01 +3.3628e-03 -1.3344e-05 
Channel-18_Threshold-1= -4.9734e-01 -6.0052e-02 -6.7856e-04 +1.2672e-01 -1.1569e-01 +5.0991e-04 
Channel-19_Threshold-0= +9.3102e+00 -5.4968e-01 +7.0048e-03 +6.2245e+00 -3.3576e-01 +3.6668e-03 -1.5470e-05 
Channel-19_Threshold-1= -7.3238e-01 -6.4142e-02 -5.2982e-04 -2.1606e-02 -1.1994e-01 +5.8071e-04 
Channel-20_Threshold-0= +1.0423e+01 -5.0168e-01 +6.1516e-03 +7.3814e+00 -2.8951e-01 +2.6645e-03 -9.3350e-06 
Channel-20_Threshold-1= +1.0684e+00 -7.2935e-02 -2.8627e-04 +1.8828e+00 -1.2727e-01 +6.2482e-04 
Channel-21_Threshold-0= +7.2231e+00 -4.7624e-01 +5.6230e-03 +4.7111e+00 -3.0285e-01 +2.8973e-03 -1.0541e-05 
Channel-21_Threshold-1= -2.0088e+00 -5.2611e-02 -8.4306e-04 -1.3160e+00 -1.1537e-01 +5.0338e-04 
Channel-22_Threshold-0= +1.4211e+01 -4.8171e-01 +5.5863e-03 +1.1130e+01 -2.7825e-01 +2.3536e-03 -6.9969e-06 
Channel-22_Threshold-1= +4.7004e+00 -5.0395e-02 -8.4368e-04 +5.6570e+00 -1.2778e-01 +6.3841e-04 
Channel-23_Threshold-0= +8.8732e+00 -5.0674e-01 +5.9137e-03 +5.8237e+00 -3.1293e-01 +3.1756e-03 -1.2931e-05 
Channel-23_Threshold-1= -1.1199e+00 -5.4110e-02 -6.8792e-04 -6.7938e-02 -1.2504e-01 +5.6147e-04 
Channel-24_Threshold-0= +7.1381e+00 -5.1299e-01 +6.3314e-03 +4.2702e+00 -3.1564e-01 +3.2674e-03 -1.3379e-05 
Channel-24_Threshold-1= -2.4741e+00 -6.5383e-02 -4.5118e-04 -1.8858e+00 -1.0926e-01 +4.0048e-04 
Channel-25_Threshold-0= +8.4358e+00 -5.3215e-01 +6.7225e-03 +5.7376e+00 -3.4142e-01 +3.8219e-03 -1.7594e-05 
Channel-25_Threshold-1= -1.3023e+00 -6.0037e-02 -7.2528e-04 -1.4324e-01 -1.4235e-01 +7.7206e-04 
Channel-26_Threshold-0= +7.7822e+00 -5.2629e-01 +6.6231e-03 +5.0232e+00 -3.3748e-01 +3.8153e-03 -1.7349e-05 
Channel-26_Threshold-1= -1.9692e+00 -6.3181e-02 -4.1601e-04 -2.5018e+00 -5.3476e-02 -2.2315e-04 
Channel-27_Threshold-0= +1.0621e+01 -5.7348e-01 +7.5178e-03 +7.4682e+00 -3.4144e-01 +3.6372e-03 -1.4835e-05 
Channel-27_Threshold-1= +3.8862e-01 -7.3419e-02 -3.1875e-04 +5.9947e-01 -1.0233e-01 +3.6923e-04 
Channel-28_Threshold-0= +5.1999e+00 -5.5637e-01 +6.9253e-03 +1.5094e+00 -3.1408e-01 +3.2486e-03 -1.3132e-05 
Channel-28_Threshold-1= -5.1334e+00 -6.3358e-02 -4.8178e-04 -4.4552e+00 -1.1614e-01 +5.1371e-04 
Channel-29_Threshold-0= +1.9503e+00 -5.4431e-01 +6.6765e-03 -1.2639e+00 -3.3680e-01 +3.7025e-03 -1.6049e-05 
Channel-29_Threshold-1= -8.3363e+00 -5.6096e-02 -7.2346e-04 -7.6462e+00 -1.1494e-01 +5.0551e-04 
Channel-30_Threshold-0= +9.2761e+00 -4.7296e-01 +5.4163e-03 +6.3469e+00 -2.8595e-01 +2.5896e-03 -8.7978e-06 
Channel-30_Threshold-1= +9.4851e-02 -6.3063e-02 -5.6469e-04 +9.9633e-01 -1.2952e-01 +6.4732e-04 
Channel-31_Threshold-0= +5.1922e+00 -4.5674e-01 +5.2261e-03 +2.4129e+00 -2.7068e-01 +2.2107e-03 -6.6711e-06 
Channel-31_Threshold-1= -3.6660e+00 -6.5648e-02 -6.0822e-04 -2.5078e+00 -1.4329e-01 +7.2637e-04 
Channel-32_Threshold-0= +7.3682e+00 -4.8663e-01 +5.9959e-03 +5.8676e+00 -3.5030e-01 +3.5788e-03 -1.3699e-05 
Channel-32_Threshold-1= -1.9407e+00 -7.2225e-02 -3.3130e-04 -1.4850e+00 -1.1503e-01 +5.4145e-04 
Channel-33_Threshold-0= +6.4487e+00 -4.6418e-01 +5.4788e-03 +4.7559e+00 -3.3417e-01 +3.3997e-03 -1.3161e-05 
Channel-33_Threshold-1= -2.3707e+00 -6.6893e-02 -5.4212e-04 -1.9182e+00 -1.1322e-01 +4.7723e-04 
Channel-34_Threshold-0= +8.5565e+00 -5.1081e-01 +6.6831e-03 +5.3656e+00 -2.7056e-01 +2.3909e-03 -8.2334e-06 
Channel-34_Threshold-1= -5.3731e-01 -6.3877e-02 -5.8281e-04 +3.2919e-01 -1.2679e-01 +5.7397e-04 
Channel-35_Threshold-0= +9.7821e+00 -4.7973e-01 +5.6612e-03 +7.0735e+00 -2.8920e-01 +2.5667e-03 -8.5841e-06 
Channel-35_Threshold-1= +5.9326e-01 -6.1541e-02 -6.1901e-04 +1.4767e+00 -1.2869e-01 +6.0681e-04 
Channel-36_Threshold-0= +3.9229e+00 -5.3461e-01 +6.8277e-03 +2.0826e-01 -2.7729e-01 +2.5197e-03 -8.8474e-06 
Channel-36_Threshold-1= -5.8161e+00 -6.6365e-02 -5.0021e-04 -5.0752e+00 -1.2272e-01 +5.6971e-04 
Channel-37_Threshold-0= +1.1552e+01 -5.4177e-01 +6.9499e-03 +7.4300e+00 -2.5804e-01 +2.1713e-03 -6.8115e-06 
Channel-37_Threshold-1= +1.6980e+00 -6.0595e-02 -5.9259e-04 +2.5981e+00 -1.2858e-01 +6.3826e-04 
Channel-38_Threshold-0= +1.4228e+01 -5.7505e-01 +7.5237e-03 +9.4827e+00 -2.5193e-01 +2.0763e-03 -6.4800e-06 
Channel-38_Threshold-1= +3.9636e+00 -6.7720e-02 -5.1493e-04 +4.8246e+00 -1.2930e-01 +6.1798e-04 
Channel-39_Threshold-0= +1.7442e+01 -5.6711e-01 +7.2810e-03 +1.3143e+01 -2.7567e-01 +2.5169e-03 -8.7444e-06 
Channel-39_Threshold-1= +7.2850e+00 -6.4361e-02 -6.4146e-04 +7.8766e+00 -1.2038e-01 +5.6922e-04 
Channel-40_Threshold-0= +8.3230e+00 -5.1923e-01 +6.7458e-03 +5.3361e+00 -2.9026e-01 +2.6413e-03 -9.0917e-06 
Channel-40_Threshold-1= -9.5775e-01 -7.6175e-02 -2.8541e-04 -9.1285e-02 -1.3376e-01 +6.8261e-04 
Channel-41_Threshold-0= +1.1107e+00 -5.1328e-01 +6.6799e-03 -1.4267e+00 -3.0518e-01 +2.8807e-03 -1.0304e-05 
Channel-41_Threshold-1= -8.2437e+00 -5.3643e-02 -7.7227e-04 -7.3490e+00 -1.2557e-01 +6.0619e-04 
Channel-42_Threshold-0= +6.9495e+00 -5.1951e-01 +6.8033e-03 +3.9277e+00 -2.8668e-01 +2.5936e-03 -9.0060e-06 
Channel-42_Threshold-1= -2.4850e+00 -5.0752e-02 -9.1860e-04 -1.3999e+00 -1.3282e-01 +6.4524e-04 
Channel-43_Threshold-0= +8.5072e+00 -5.0455e-01 +6.3769e-03 +6.0347e+00 -3.1320e-01 +3.0547e-03 -1.1264e-05 
Channel-43_Threshold-1= -9.8606e-01 -5.2412e-02 -7.7952e-04 -3.4067e-01 -1.1367e-01 +5.2604e-04 
Channel-44_Threshold-0= +6.7444e+00 -5.1557e-01 +6.2314e-03 +2.6799e+00 -2.5557e-01 +2.2081e-03 -7.5644e-06 
Channel-44_Threshold-1= -3.0481e+00 -6.2574e-02 -4.4695e-04 -2.1388e+00 -1.2169e-01 +5.3443e-04 
Channel-45_Threshold-0= +1.6069e+00 -5.2474e-01 +6.5012e-03 -2.1784e+00 -2.6755e-01 +2.3198e-03 -7.7191e-06 
Channel-45_Threshold-1= -8.1876e+00 -4.9966e-02 -9.2625e-04 -7.2544e+00 -1.2605e-01 +5.8851e-04 
Channel-46_Threshold-0= +4.6643e+00 -5.2485e-01 +6.3970e-03 +1.4622e+00 -3.0422e-01 +2.8928e-03 -1.0384e-05 
Channel-46_Threshold-1= -5.1865e+00 -5.4997e-02 -8.8383e-04 -4.0671e+00 -1.3791e-01 +7.2397e-04 
Channel-47_Threshold-0= +1.4789e+01 -5.4482e-01 +6.8601e-03 +1.1541e+01 -3.1414e-01 +3.1137e-03 -1.1914e-05 
Channel-47_Threshold-1= +4.7264e+00 -6.0724e-02 -6.6039e-04 +5.5806e+00 -1.2686e-01 +6.1961e-04 
Channel-48_Threshold-0= +7.8970e+00 -5.6164e-01 +7.4043e-03 +3.8052e+00 -2.7927e-01 +2.7012e-03 -1.0215e-05 
Channel-48_Threshold-1= -1.9364e+00 -7.2614e-02 -3.9455e-04 -1.3012e+00 -1.2082e-01 +5.6488e-04 
Channel-49_Threshold-0= +6.0334e+00 -5.4841e-01 +6.8877e-03 +3.9560e+00 -3.9576e-01 +4.6939e-03 -2.1359e-05 
Channel-49_Threshold-1= -4.0480e+00 -6.9037e-02 -4.9269e-04 -3.5309e+00 -1.1779e-01 +5.6719e-04 
Channel-50_Threshold-0= +7.3105e+00 -5.0029e-01 +6.4582e-03 +4.6391e+00 -2.9676e-01 +2.7951e-03 -1.0020e-05 
Channel-50_Threshold-1= -1.8861e+00 -7.0099e-02 -3.2124e-04 -1.1851e+00 -1.2074e-01 +5.6997e-04 
Channel-51_Threshold-0= +8.0917e+00 -4.9142e-01 +6.0779e-03 +5.6222e+00 -3.0724e-01 +2.9368e-03 -1.0762e-05 
Channel-51_Threshold-1= -1.0920e+00 -6.2905e-02 -6.0460e-04 -2.6562e-01 -1.2575e-01 +5.9101e-04 
Channel-52_Threshold-0= +7.9536e+00 -4.8761e-01 +5.8267e-03 +5.5184e+00 -3.1571e-01 +3.1228e-03 -1.1838e-05 
Channel-52_Threshold-1= -1.2910e+00 -6.4230e-02 -5.7632e-04 -2.7031e-01 -1.3483e-01 +6.9795e-04 
Channel-53_Threshold-0= +9.5426e+00 -4.8470e-01 +5.6083e-03 +6.9970e+00 -3.1533e-01 +3.0717e-03 -1.1660e-05 
Channel-53_Threshold-1= -1.0356e-02 -5.5468e-02 -7.5962e-04 +9.1628e-01 -1.2658e-01 +5.8777e-04 
Channel-54_Threshold-0= +1.6501e+00 -5.1669e-01 +6.3113e-03 -1.8233e+00 -2.8846e-01 +2.7959e-03 -1.0669e-05 
Channel-54_Threshold-1= -8.1453e+00 -4.8500e-02 -8.8136e-04 -7.2165e+00 -1.2006e-01 +5.4172e-04 
Channel-55_Threshold-0= +4.8276e+00 -5.2064e-01 +6.2516e-03 +2.0367e+00 -3.3336e-01 +3.5130e-03 -1.4445e-05 
Channel-55_Threshold-1= -5.2069e+00 -5.7071e-02 -6.4829e-04 -4.5486e+00 -1.1262e-01 +4.6889e-04 
Channel-56_Threshold-0= +1.0884e+01 -5.6401e-01 +7.4745e-03 +7.4541e+00 -3.0872e-01 +3.0022e-03 -1.0854e-05 
Channel-56_Threshold-1= +9.5171e-01 -7.1541e-02 -4.5531e-04 +2.0323e+00 -1.4395e-01 +8.1719e-04 
Channel-57_Threshold-0= +5.8142e+00 -5.6221e-01 +7.3225e-03 +2.3454e+00 -3.1320e-01 +3.1399e-03 -1.1986e-05 
Channel-57_Threshold-1= -4.3253e+00 -6.5193e-02 -5.0552e-04 -3.8538e+00 -1.1181e-01 +4.9970e-04 
Channel-58_Threshold-0= +8.3761e+00 -5.5638e-01 +7.1854e-03 +5.0724e+00 -3.2058e-01 +3.2572e-03 -1.2809e-05 
Channel-58_Threshold-1= -1.7257e+00 -6.8578e-02 -4.7127e-04 -9.7037e-01 -1.2634e-01 +6.2349e-04 
Channel-59_Threshold-0= +1.5285e+00 -5.7968e-01 +7.7540e-03 -2.1510e+00 -3.1799e-01 +3.3816e-03 -1.3780e-05 
Channel-59_Threshold-1= -8.5649e+00 -7.2283e-02 -3.7720e-04 -8.2859e+00 -1.0789e-01 +4.7069e-04 
Channel-60_Threshold-0= +6.3974e+00 -4.9169e-01 +5.6791e-03 +3.9301e+00 -3.2466e-01 +3.1574e-03 -1.1543e-05 
Channel-60_Threshold-1= -3.0503e+00 -7.1187e-02 -4.2991e-04 -2.3093e+00 -1.2878e-01 +6.3531e-04 
Channel-61_Threshold-0= +8.3092e+00 -4.7140e-01 +5.4628e-03 +6.4482e+00 -3.3389e-01 +3.2827e-03 -1.2288e-05 
Channel-61_Threshold-1= -7.6608e-01 -5.9095e-02 -8.5804e-04 +4.3226e-03 -1.2804e-01 +5.9270e-04 
Channel-62_Threshold-0= +7.4039e+00 -4.6033e-01 +5.1007e-03 +5.1888e+00 -3.1022e-01 +2.8202e-03 -9.6834e-06 
Channel-62_Threshold-1= -1.8564e+00 -4.8458e-02 -1.0515e-03 -8.4164e-01 -1.3310e-01 +6.3379e-04 
Channel-63_Threshold-0= +3.4961e+00 -4.8311e-01 +5.5326e-03 +5.9738e-01 -2.9287e-01 +2.6020e-03 -8.8786e-06 
Channel-63_Threshold-1= -5.9912e+00 -5.2918e-02 -9.1598e-04 -4.8332e+00 -1.3833e-01 +6.7215e-04 
Channel-64_Threshold-0= +8.0322e+00 -5.0401e-01 +6.2018e-03 +5.3040e+00 -3.0638e-01 +2.9235e-03 -1.0714e-05 
Channel-64_Threshold-1= -1.2668e+00 -6.7538e-02 -5.9019e-04 -3.4303e-01 -1.3371e-01 +6.5313e-04 
Channel-65_Threshold-0= +1.0363e+01 -5.0390e-01 +5.9645e-03 +7.7528e+00 -3.2811e-01 +3.3417e-03 -1.3046e-05 
Channel-65_Threshold-1= +9.4465e-01 -7.4713e-02 -4.2145e-04 +1.4706e+00 -1.2126e-01 +5.4665e-04 
Channel-66_Threshold-0= +4.4743e+00 -5.2234e-01 +6.3291e-03 +5.2213e-01 -2.6386e-01 +2.2248e-03 -7.0070e-06 
Channel-66_Threshold-1= -5.4397e+00 -5.3226e-02 -7.9808e-04 -4.4949e+00 -1.2891e-01 +6.2501e-04 
Channel-67_Threshold-0= +8.6415e+00 -5.2016e-01 +6.0751e-03 +6.0353e+00 -3.4143e-01 +3.4436e-03 -1.3224e-05 
Channel-67_Threshold-1= -1.3331e+00 -5.5693e-02 -9.1996e-04 -6.2438e-01 -1.2458e-01 +5.7233e-04 
Channel-68_Threshold-0= +1.0638e+01 -5.5828e-01 +7.0026e-03 +7.1658e+00 -3.1695e-01 +3.0794e-03 -1.1162e-05 
Channel-68_Threshold-1= +2.6111e-01 -5.8171e-02 -7.8705e-04 +1.2883e+00 -1.3862e-01 +7.7030e-04 
Channel-69_Threshold-0= +4.3956e+00 -5.2392e-01 +6.2957e-03 +9.1803e-01 -2.9122e-01 +2.6099e-03 -8.5037e-06 
Channel-69_Threshold-1= -5.5745e+00 -5.2490e-02 -9.6511e-04 -4.3459e+00 -1.4459e-01 +8.1059e-04 
Channel-70_Threshold-0= +5.2080e+00 -4.8329e-01 +5.7049e-03 +2.3661e+00 -2.9181e-01 +2.6661e-03 -9.1580e-06 
Channel-70_Threshold-1= -4.0080e+00 -5.9312e-02 -7.2504e-04 -3.1326e+00 -1.3074e-01 +6.5915e-04 
Channel-71_Threshold-0= +6.3333e+00 -4.7577e-01 +5.6240e-03 +3.6808e+00 -2.8922e-01 +2.5675e-03 -8.5815e-06 
Channel-71_Threshold-1= -2.8637e+00 -5.1165e-02 -8.8201e-04 -1.8059e+00 -1.3278e-01 +6.5236e-04 
Channel-72_Threshold-0= +9.1294e+00 -4.7720e-01 +5.8014e-03 +7.4269e+00 -3.3731e-01 +3.3973e-03 -1.2999e-05 
Channel-72_Threshold-1= -7.2478e-02 -6.1015e-02 -6.3632e-04 +6.3539e-01 -1.2002e-01 +5.5800e-04 
Channel-73_Threshold-0= +1.0290e+01 -4.8658e-01 +5.6182e-03 +7.4591e+00 -2.9720e-01 +2.6937e-03 -9.1054e-06 
Channel-73_Threshold-1= +9.3015e-01 -6.7718e-02 -5.2767e-04 +1.8640e+00 -1.3351e-01 +6.6449e-04 
Channel-74_Threshold-0= +1.4041e+01 -4.7845e-01 +5.4690e-03 +1.1200e+01 -2.9413e-01 +2.7529e-03 -1.0373e-05 
Channel-74_Threshold-1= +4.6004e+00 -6.0080e-02 -6.3499e-04 +5.4350e+00 -1.2152e-01 +5.1702e-04 
Channel-75_Threshold-0= +5.2053e+00 -4.4497e-01 +3.9134e-03 +4.1899e+00 -4.1779e-01 +4.7014e-03 -1.9653e-05 
Channel-75_Threshold-1= -4.9878e+00 -6.6672e-02 -4.4426e-04 -4.6668e+00 -1.0027e-01 +3.5807e-04 
Channel-76_Threshold-0= +7.7342e+00 -5.2388e-01 +6.4224e-03 +4.5277e+00 -2.9983e-01 +2.7864e-03 -9.6288e-06 
Channel-76_Threshold-1= -2.0499e+00 -5.3844e-02 -9.1771e-04 -7.0970e-01 -1.4892e-01 +8.6090e-04 
Channel-77_Threshold-0= +8.7583e+00 -5.3964e-01 +6.8125e-03 +4.3880e+00 -2.3581e-01 +1.4383e-03 -6.1105e-07 
Channel-77_Threshold-1= -1.1278e+00 -6.6193e-02 -5.7396e-04 -1.9989e-01 -1.3710e-01 +7.3809e-04 
Channel-78_Threshold-0= +1.3612e+01 -5.7415e-01 +6.9719e-03 +9.2982e+00 -3.0411e-01 +3.0132e-03 -1.1581e-05 
Channel-78_Threshold-1= +2.2884e+00 -5.5224e-02 -6.2910e-04 +3.2128e+00 -1.2222e-01 +6.0215e-04 
Channel-79_Threshold-0= +1.9585e+00 -5.3627e-01 +6.6398e-03 -1.8232e+00 -2.8571e-01 +2.6633e-03 -9.4958e-06 
Channel-79_Threshold-1= -8.1809e+00 -4.8764e-02 -8.9279e-04 -7.3754e+00 -1.2101e-01 +5.9003e-04 
Channel-80_Threshold-0= +1.4752e+01 -5.1503e-01 +6.4987e-03 +1.1547e+01 -2.8533e-01 +2.5375e-03 -8.4196e-06 
Channel-80_Threshold-1= +5.2393e+00 -6.9955e-02 -4.3026e-04 +6.1199e+00 -1.3147e-01 +6.5804e-04 
Channel-81_Threshold-0= +2.1499e+01 -5.0201e-01 +6.3115e-03 +1.9238e+01 -3.1815e-01 +3.0108e-03 -1.0481e-05 
Channel-81_Threshold-1= +1.2181e+01 -5.7316e-02 -7.3513e-04 +1.2854e+01 -1.2142e-01 +5.7498e-04 
Channel-82_Threshold-0= +6.1436e+00 -6.0045e-01 +7.3225e-03 +1.9446e+00 -3.2484e-01 +3.0476e-03 -1.0964e-05 
Channel-82_Threshold-1= +0.0000e+00 +0.0000e+00 +0.0000e+00 +0.0000e+00 +0.0000e+00 +0.0000e+00 
Channel-83_Threshold-0= +3.9536e+00 -4.9908e-01 +5.9234e-03 +5.3875e-01 -2.7452e-01 +2.3250e-03 -7.4634e-06 
Channel-83_Threshold-1= -5.6924e+00 -6.1160e-02 -6.5958e-04 -4.3220e+00 -1.4923e-01 +8.0909e-04 
Channel-84_Threshold-0= +7.4587e+00 -5.0110e-01 +5.9331e-03 +4.4790e+00 -3.0273e-01 +2.9240e-03 -1.1026e-05 
Channel-84_Threshold-1= -2.3324e+00 -4.7911e-02 -8.9888e-04 -1.7073e+00 -1.0956e-01 +4.4016e-04 
Channel-85_Threshold-0= +7.5641e+00 -4.9116e-01 +5.8124e-03 +4.7010e+00 -3.0167e-01 +2.9148e-03 -1.0795e-05 
Channel-85_Threshold-1= -1.8990e+00 -4.7941e-02 -9.8711e-04 -1.0339e+00 -1.2316e-01 +5.8310e-04 
Channel-86_Threshold-0= +9.9541e+00 -5.3003e-01 +6.4268e-03 +6.1280e+00 -2.7935e-01 +2.4782e-03 -8.2055e-06 
Channel-86_Threshold-1= -8.5078e-02 -5.5514e-02 -7.7802e-04 +8.1490e-01 -1.2661e-01 +6.1826e-04 
Channel-87_Threshold-0= -2.3743e+01 -1.3478e+00 +5.9949e-02 +0.0000e+00 +0.0000e+00 +0.0000e+00 +0.0000e+00 
Channel-87_Threshold-1= +0.0000e+00 +0.0000e+00 +0.0000e+00 +0.0000e+00 +0.0000e+00 +0.0000e+00 
Channel-88_Threshold-0= +1.3482e+01 -5.5383e-01 +7.0832e-03 +1.0271e+01 -3.3109e-01 +3.5947e-03 -1.5971e-05 
Channel-88_Threshold-1= +3.3597e+00 -6.1999e-02 -6.4592e-04 +5.1336e+00 -1.7230e-01 +1.1295e-03 
Channel-89_Threshold-0= +8.1176e-01 -5.3033e-01 +6.6593e-03 -1.8092e+00 -3.4509e-01 +3.8589e-03 -1.7476e-05 
Channel-89_Threshold-1= -8.8547e+00 -6.3677e-02 -6.5373e-04 -7.8969e+00 -1.4089e-01 +8.4693e-04 
