# channel, QEq. factor, function parameters 

QPositionFunction= 1./[0]*([0]*TMath::Exp(-([3]-[4]*x)/[1])+(1-[0])*TMath::Exp(-(2.*[5]-([3]-[4]*x))/[2])-[6]/(1+TMath::Exp((x-[7])/[8])))

101 1. 0.723187 2179.17 2998.95 1395.73 -1 2416 0 1 10000
102 1. 0.723187 2179.17 2998.95 1395.73 -1 2416 0 1 10000
103 0.7 0.723187 2179.17 2998.95 1395.73 -1 2416 0 1 10000
104 1.31595 0.891128 2500 3000 1208 -1 2416.06 0 1 10000
105 1.15385 0.500001 1352.94 2676.6 1406.99 -1 2416.02 0 1 10000
106 1.11935 0.724445 2500 3000 1345.19 -1 2416 0 1 10000
107 1.13895 0.703759 2500 3000 1386.59 -1 2416 0 1 10000
108 1.12752 0.557609 2060.05 2359.26 1241.29 -1 2416 0 1 10000
109 1.08728 0.652481 2500 3000 1315.33 -1 2416 0 1 10000
110 1.13393 0.67471 2500 3000 1287.55 -1 2416 0 1 10000
111 1.11305 0.714991 2500 3000 1238.89 -1 2416 0 1 10000
112 1.12418 0.62881 2264.92 3000 1379.56 -1 2416 0 1 10000
113 1.10655 0.683018 2500 3000 1238.43 -1 2416 0 1 10000
114 1.15244 0.712656 2500 3000 1237.43 -1 2416 0 1 10000
115 1.21211 0.642143 2081.9 3000 1405.22 -1 2416.01 0 1 10000
116 1.19704 0.725274 2500 3000 1405.19 -1 2416 0 1 10000
117 1.21975 0.710507 2500 3000 1389.1 -1 2416 0 1 10000
118 0.782343 0.500772 2133.07 2999.99 1237.34 -1 1108 0.220834 -18.8526 -105.4
119 0.840378 0.562368 2486.01 2999.94 1239.27 -1 1110.55 0.154522 -0.0034952 -131.346
120 0.794752 0.501147 2246.63 2988.11 1356.85 -1 1111.46 0.220175 -3.03295 -115.672
121 1.11308 0.796044 2500 3000 1257.16 -1 1036 0.182967 -50 -69.4933
122 0.876168 0.613356 2500 3000 1298.63 -1 1000 0.163472 -50 -150
123 0.962309 0.702304 2452.23 2590.5 1158.48 -1 1000.04 0.152074 -49.9827 -83.1453
124 1.04392 0.731875 2499.72 2997.42 1182 -1 1378.81 0.299998 -49.9886 -67.6064
125 0.843364 0.542877 2376.41 2689.74 1227.22 -1 1108.34 0.203138 -0.000449931 -131.767
126 0.761125 0.5 2500 3000 1408 -1 1108 0.214742 -49.9969 -99.6339
127 0.934018 0.620904 2499.44 3000 1251.4 -1 1108 0.142737 -45.5044 -150
128 1.20095 0.714841 2500 3000 1387.99 -1 2416 0 1 10000
129 1.23217 0.733692 2500 3000 1385.85 -1 2416 0 1 10000
130 1.24197 0.785197 2500 3000 1401.83 -1 2416 0 1 10000
131 1.13148 0.581487 1819.72 2999.99 1210.23 -1 2416.01 0 1 10000
132 1.04414 0.592127 2500 3000 1219.08 -1 2416 0 1 10000
133 1.05134 0.561413 2227.89 2999.98 1214.15 -1 2416.2 0 1 10000
134 1.11869 0.599223 2500 2405.55 1219.65 -1 2416.05 0 1 10000
135 1.14319 0.514066 1993.67 2349.94 1218.88 -1 2416.09 0 1 10000
136 1.24389 0.504865 1477.54 2650.98 1391.63 -1 2418.43 0 1 10000
137 1.09835 0.646212 2500 3000 1219.31 -1 2416 0 1 10000
138 1.26797 0.802385 2500 3000 1374.21 -1 2416 0 1 10000
139 1.08662 0.548779 2497.53 2995.91 1407.97 -1 2738.98 0 1 10000
140 1. 0.548779 2497.53 2995.91 1407.97 -1 2738.98 0 1 10000
141 1. 0.548779 2497.53 2995.91 1407.97 -1 2738.98 0 1 10000
142 1. 0.548779 2497.53 2995.91 1407.97 -1 2738.98 0 1 10000
143 1. 0.548779 2497.53 2995.91 1407.97 -1 2738.98 0 1 10000
144 1. 0.548779 2497.53 2995.91 1407.97 -1 2738.98 0 1 10000


151 1. 0.5 1814.58 3000 1408 -1 2416 0 1 10000
152 1. 0.5 1814.58 3000 1408 -1 2416 0 1 10000
153 1. 0.5 1814.58 3000 1408 -1 2416 0 1 10000
154 1.14301 0.5 1814.58 3000 1408 -1 2416 0 1 10000
155 1.06429 0.599772 2500 3000 1208.08 -1 2416 0 1 10000
156 1.05625 0.530054 1910.42 2999.46 1216.04 -1 2416.05 0 1 10000
157 1.15775 0.500001 2075 2124.3 1208.67 -1 2426.47 0 1 10000
158 1.08552 0.537831 1954.54 3000 1305.19 -1 2416.05 0 1 10000
159 1.09224 0.593287 2275.47 3000 1211.27 -1 2416 0 1 10000
160 1.05768 0.535464 2053.48 2999.9 1208.58 -1 2416.01 0 1 10000
161 1.19467 0.687819 2500 3000 1364.98 -1 2416 0 1 10000
162 1.09792 0.592734 2209.43 3000 1208.8 -1 2416 0 1 10000
163 1.15572 0.592046 2144.79 3000 1343.93 -1 2416 0 1 10000
164 1.22378 0.713182 2500 3000 1404.13 -1 2416.01 0 1 10000
165 1.10727 0.630076 2500 3000 1215.53 -1 2416 0 1 10000
166 1.10797 0.569379 2178.55 3000 1210.54 -1 2416 0 1 10000
167 1.1275 0.611097 2350.17 3000 1334.35 -1 2416 0 1 10000
168 1.10152 0.561103 2100.93 3000 1229.13 -1 2416 0 1 10000
169 0.862481 0.569587 2448.66 3000 1239.96 -1 1108 0.16935 -0.306125 -110.769
170 0.936845 0.614632 2495.87 3000 1398.68 -1 1108 0.150319 -41.9265 -89.1717
171 1.13549 0.803536 2500 3000 1141.88 -1 1036 0.135471 -49.9992 -99.7887
172 0.836696 0.510461 1583.55 2999.97 1294.09 -1 1000 0.299996 -50 -80.9299
173 0.856437 0.5 1499.18 2999.93 1300 -1 1000 0.299999 -50 -93.8579
174 0.92451 0.500001 1111.47 3000 1331.35 -1 1036 0.299973 -50 -96.4436
175 0.844957 0.500003 2294.74 2614.89 1379.41 -1 1108.01 0.207029 -47.8109 -135.741
176 0.911353 0.592278 2497.83 3000 1407.83 -1 1108 0.287882 -0.0750147 -72.9131
177 1.17115 0.622806 2283.09 3000 1299.84 -1 2416 0 1 10000
178 1.17592 0.605226 2174.75 2999.98 1364.31 -1 2416 0 1 10000
179 1.15317 0.63452 2356.78 3000 1315.39 -1 2416 0 1 10000
180 1.10846 0.609878 2337.33 3000 1245.49 -1 2416 0 1 10000
181 1.20561 0.675923 2500 3000 1384.77 -1 2416 0 1 10000
182 1.20798 0.655709 2203.33 3000 1340.67 -1 2416 0 1 10000
183 1.17608 0.579127 2498.52 1998.31 1254.48 -1 2416.19 0 1 10000
184 1.21568 0.704938 2500 3000 1383.93 -1 2416 0 1 10000
185 1.19286 0.691004 2458.92 3000 1359.09 -1 2416 0 1 10000
186 1.12249 0.605675 2179.77 3000 1314.27 -1 2416.03 0 1 10000
187 1.04295 0.584513 2408.48 2224.82 1208.02 -1 2416 0 1 10000
188 1.17554 0.567292 2079.59 3000 1221.23 -1 2416.01 0 1 10000
189 1.17369 0.584786 2122.35 3000 1403.48 -1 2416 0 1 10000
190 1.14105 0.559326 2359.33 2210.02 1212.92 -1 2473.4 0 1 10000
191 1.11525 0.601158 2500 2999.99 1233.85 -1 2416 0 1 10000
192 1. 0.601158 2500 2999.99 1233.85 -1 2416 0 1 10000
193 1. 0.601158 2500 2999.99 1233.85 -1 2416 0 1 10000
194 1. 0.601158 2500 2999.99 1233.85 -1 2416 0 1 10000


201 1. 0.723187 2179.17 2998.95 1395.73 1 2416 0 1 10000
202 1. 0.723187 2179.17 2998.95 1395.73 1 2416 0 1 10000
203 1.28628 0.723187 2179.17 2998.95 1395.73 1 2416 0 1 10000
204 1.09183 0.599224 2500 3000 1308.55 1 2416 0 1 10000
205 1.38106 0.510114 1149.41 2793.81 1405.64 1 2416.17 0 1 10000
206 1.11573 0.67832 2500 3000 1275.88 1 2416.17 0 1 10000
207 1.17088 0.715441 2500 3000 1298.49 1 2416 0 1 10000
208 1.17187 0.583102 2055.08 3000 1378.76 1 2416 0 1 10000
209 1.10119 0.673443 2500 3000 1210.58 1 2416.01 0 1 10000
210 1.20644 0.697264 2500 3000 1358.38 1 2416 0 1 10000
211 1.10148 0.634559 2500 3000 1273.57 1 2416 0 1 10000
212 1.07674 0.588399 2124.25 2999.99 1213.12 1 2416 0 1 10000
213 1.1927 0.692359 2500 3000 1323.71 1 2416 0 1 10000
214 1.16998 0.689129 2500 3000 1253.96 1 2416 0 1 10000
215 1.18168 0.649873 2272.94 3000 1218.56 1 2416.05 0 1 10000
216 1.14286 0.652822 2500 3000 1208.21 1 2416 0 1 10000
217 1.12596 0.623921 2500 3000 1239.92 1 2416 0 1 10000
218 0.786116 0.5 2500 3000 1408 1 1108 0.180934 8.02029e-07 109.53
219 0.837857 0.53352 2500 3000 1211.02 1 1108.06 0.102428 2.67627e-06 129.567
220 1.0487 0.673473 2500 3000 1343.44 1 1108.05 0.107731 1.60956e-08 76.9346
221 0.907166 0.611224 2494.55 2972.16 1145.64 1 1042.55 0.156186 49.9985 150
222 0.812233 0.51061 1491.92 2850.14 1221.42 1 1003.3 0.19732 0.154049 70.3804
223 0.46686 0.707483 2496.4 2993.32 1106.75 1 1000 0.08364 49.9994 107.663
224 2.15778 0.767835 2499.32 3000 1136.26 1 1036 0.150717 48.6428 50.0511
225 0.797043 0.504938 2140.81 3000 1306.01 1 1108 0.12143 1.9563e-06 127.216
226 0.870467 0.57354 2263.04 2998.82 1213.75 1 1108 0.121282 0.03458 73.3892
227 0.831081 0.500016 1805.23 3000 1213.27 1 1108 0.134999 0.000997912 113.487
228 1.19563 0.677425 2500 3000 1264.94 1 2418.15 0 1 10000
229 1.16519 0.604229 2500 3000 1219.36 1 2813.28 0 1 10000
230 1.18879 0.545162 1725.71 3000 1253.68 1 2416 0 1 10000
231 1.3032 0.529455 1697.94 2317 1253.05 1 2418.02 0 1 10000
232 1.23792 0.697709 2489.88 2999.98 1308.03 1 2416 0 1 10000
233 1.31625 0.698133 2192.4 2999.63 1391.36 1 2416 0 1 10000
234 1.10719 0.595346 2500 3000 1235.65 1 2416.01 0 1 10000
235 1.20718 0.568072 1870.83 2999.99 1296.82 1 2416 0 1 10000
236 1.37357 0.51654 1444.7 2733.24 1407.99 1 2428.48 0 1 10000
237 1.18728 0.56899 1918.34 2998.51 1278.42 1 2416 0 1 10000
238 1.22738 0.6973 2500 3000 1400.03 1 2416 0 1 10000
239 1.27083 0.770832 2500 2999.98 1208.11 1 2708.83 0 1 10000
240 1. 0.770832 2500 2999.98 1208.11 1 2708.83 0 1 10000
241 1. 0.770832 2500 2999.98 1208.11 1 2708.83 0 1 10000
242 1. 0.770832 2500 2999.98 1208.11 1 2708.83 0 1 10000
243 1. 0.770832 2500 2999.98 1208.11 1 2708.83 0 1 10000
244 1. 0.770832 2500 2999.98 1208.11 1 2708.83 0 1 10000


251 1. 0.60685 2500 3000 1213.58 1 2424.41 0 1 10000
252 1. 0.60685 2500 3000 1213.58 1 2424.41 0 1 10000
253 1. 0.60685 2500 3000 1213.58 1 2424.41 0 1 10000
254 1.11776 0.60685 2500 3000 1213.58 1 2424.41 0 1 10000
255 1.22468 0.57635 2251 2334.99 1236.58 1 2416.01 0 1 10000
256 1.1453 0.518014 1766.37 2999.98 1208 1 2416 0 1 10000
257 1.11645 0.589523 2225.71 3000 1223.89 1 2416 0 1 10000
258 1.17828 0.508168 2474.13 1853.06 1208.67 1 2418.87 0 1 10000
259 1.05006 0.523974 2485.48 2918.11 1253.39 1 2435.4 0 1 10000
260 1.11819 0.615862 2492.34 3000 1225.62 1 2416 0 1 10000
261 1.12453 0.54907 2500 3000 1285.02 1 2811.32 0 1 10000
262 1.15114 0.658322 2500 3000 1210.06 1 2416 0 1 10000
263 1.18992 0.679526 2500 3000 1307.29 1 2416 0 1 10000
264 1.22103 0.651018 2279.32 3000 1305.93 1 2416 0 1 10000
265 1.13076 0.621182 2500 3000 1231.65 1 2416 0 1 10000
266 1.18579 0.623451 2414.93 3000 1334.4 1 2416 0 1 10000
267 1.1698 0.608952 2211.11 3000 1225.61 1 2416 0 1 10000
268 1.1713 0.59505 2239.47 3000 1310.05 1 2416 0 1 10000
269 0.920094 0.599463 2182.49 3000 1208.5 1 1108 0.0500426 0.00281466 50.0007
270 0.909057 0.583636 2360.5 3000 1366.25 1 1108 0.0648821 34.1711 50.0002
271 1.05962 0.713966 2448.15 3000 1222.99 1 1036 0.176371 9.9134 148.281
272 0.780804 0.568726 2499.99 2999.76 1153.89 1 1007.32 0.125358 49.9999 150
273 0.86048 0.576545 2215.17 2982.66 1105.26 1 1000.83 0.153675 49.9956 110.665
274 1.14369 0.823231 2500 3000 1141.74 1 1036 0.183695 6.89597e-06 67.628
275 0.798206 0.500029 2498.7 2714.43 1407.07 1 1108.34 0.101388 43.4258 74.5856
276 0.79322 0.504142 2470.23 3000 1396.48 1 1108 0.127381 0.000827695 120.218
277 1.13506 0.595483 2406.12 3000 1255.1 1 2416.05 0 1 10000
278 1.15643 0.648145 2500 3000 1240.36 1 2416 0 1 10000
279 1.13283 0.642604 2444.32 3000 1224.27 1 2416 0 1 10000
280 1.18017 0.68381 2500 3000 1220.25 1 2416 0 1 10000
281 1.18457 0.670216 2500 3000 1317.58 1 2416 0 1 10000
282 1.19643 0.680777 2500 3000 1279.71 1 2416 0 1 10000
283 1.24467 0.644854 2245.29 3000 1401.54 1 2416 0 1 10000
284 1.11114 0.599287 2500 3000 1248.52 1 2416 0 1 10000
285 1.167 0.627033 2500 3000 1313.11 1 2416.01 0 1 10000
286 1.20624 0.669113 2500 3000 1356.65 1 2416 0 1 10000
287 1.40087 0.56303 2077.62 3000 1208 1 2416.01 0 1 10000
288 0.95581 0.556808 1961.66 3000 1228.22 1 2416 0 1 10000
289 1.28685 0.605604 1891.93 3000 1297.35 1 2416 0 1 10000
290 1.247 0.615528 2039.27 2999.96 1261.54 1 2417.49 0 1 10000
291 1.13738 0.605532 2500 3000 1230.01 1 2416 0 1 10000
292 1. 0.605532 2500 3000 1230.01 1 2416 0 1 10000
293 1. 0.605532 2500 3000 1230.01 1 2416 0 1 10000
294 1. 0.605532 2500 3000 1230.01 1 2416 0 1 10000



