# channel, QEq. factor, function ([0]*exp(x*[1]) + (1 - [0])*exp(x*[2])) parameters 

QPositionFunction= ([0]*exp(x*[1])+(1-[0])*exp(x*[2]))

101 0.970218 0.99 -0.000168764 -0.00684027
102 1.33333 0.99 0.000983266 -0.01
103 1.17814 0.99 -0.000115899 -0.00664906
104 1.14661 0.99 -0.00023784 -0.000843191
105 1.18489 0.99 -0.000219193 -0.0044668
106 1.18924 0.99 -0.000271746 -0.00186602
107 1.15961 0.99 -0.00025366 -0.00245871
108 1.11946 0.99 -0.000229469 -0.00336967
109 1.18997 0.995954 -0.000224422 -0.00412758
110 1.20874 0.99 -0.000239687 -0.00261067
111 1.13641 0.99 -0.000248046 -0.00275815
112 1.28205 0.99 -0.000218946 -0.00280581
113 1.07011 0.99 -0.000238228 -0.00266176
114 1.18239 0.99 -0.000256245 -0.0023839
115 1.19976 0.99 -0.000236482 -0.00289688
116 1.1304 0.99 -0.000273068 -0.00171276
117 1.17571 0.99 -0.000253285 -0.0020945
118 1.06096 0.990996 -0.000205305 -0.000205303
119 1.04381 0.991094 -0.000225767 -0.000225811
120 1.10033 0.990178 -0.000166213 -0.000166262
121 0.994191 1 -0.000301825 -0.000299674
122 1.07339 0.990313 -0.000187121 -0.000187132
123 1.10193 0.99277 -0.000212587 -0.000212601
124 1.04361 0.990017 -0.000281379 -0.000281407
125 1.17503 1 -0.000175738 -0.00017569
126 1.05632 0.990177 -0.000140672 -0.00014068
127 1.09799 0.990112 -0.00021653 -0.000216533
128 1.10474 0.99 -0.000259817 -0.00201648
129 1.11741 0.99 -0.000282987 -0.00162821
130 1.11993 0.99 -0.000295504 -0.00199372
131 1.10279 0.99 -0.000269616 -0.00287389
132 1.16663 0.99903 -0.000229566 -0.00449642
133 1.17306 0.99 -0.000211012 -0.00255952
134 1.17249 0.99 -0.000218326 -0.00233814
135 1.19228 0.99 -0.000247647 -0.00254568
136 1.1419 0.99 -0.000233055 -0.00297947
137 1.22034 0.990003 -0.000243649 -0.00227578
138 1.19136 0.99 -0.000273409 -0.00290334
139 0.880557 0.99 -0.000231838 -0.00282499
140 1.33333 0.99 -0.000180511 -0.00440565
141 1.32552 0.99 -0.00021306 -0.00228071
142 1.24947 0.99 -0.000212029 -0.00195638
143 1.30477 0.99 -0.000197898 -0.00348272
144 0.86579 0.99 -0.000291481 0.00817534
151 0.805716 0.99 -0.000264549 -0.00555184
152 1.04774 0.99 -0.000297209 -0.00092843
153 1.12887 0.99 -0.000216464 -0.00240567
154 1.11468 0.99 -0.000141579 -0.004388
155 0.883252 0.99 -0.000279329 0.00181098
156 1.25304 0.99 -0.000239691 -0.00316466
157 1.25427 0.99 -0.000230676 -0.00344193
158 1.12882 0.99 -0.000227019 -0.00277678
159 1.08083 0.99 -0.000225183 -0.00297174
160 1.11398 0.99 -0.000207945 -0.00294913
161 1.1562 0.99 -0.00024401 -0.00249883
162 1.09437 0.99 -0.000217945 -0.00285881
163 1.11359 0.99 -0.000225728 -0.00273473
164 1.16474 0.999312 -0.00027678 -0.0042669
165 1.12469 0.99 -0.000247625 -0.00168334
166 1.17144 0.99581 -0.000234867 -0.00347845
167 1.16954 0.99 -0.000211132 -0.00259706
168 1.16768 0.99 -0.000225411 -0.00244348
169 1.09083 1 -0.000203389 -0.00416067
170 1.10438 0.99628 -0.000182871 -0.000182883
171 0.966277 0.992595 -0.000335602 -0.000335612
172 1.07021 0.991806 -0.000218362 -0.000218359
173 1.08369 1 -0.000232655 -9.0305e-05
174 0.996065 1 -0.000331313 -0.00431238
175 1.06717 0.990858 -0.000192375 -0.000192392
176 1.04053 0.99345 -0.000183671 -0.000183667
177 1.15493 0.99 -0.000213863 -0.00269494
178 1.17961 0.99 -0.000213294 -0.00287971
179 1.1312 0.99 -0.000220147 -0.00259398
180 1.19726 0.99 -0.000217918 -0.00250362
181 1.15919 0.99 -0.000240889 -0.00217946
182 1.1132 0.99 -0.000249566 -0.00270814
183 1.10942 0.99 -0.000221411 -0.00273483
184 1.16134 0.99 -0.000227527 -0.00290434
185 1.1562 0.99 -0.000235449 -0.00271769
186 1.14318 0.99 -0.000238309 -0.00273571
187 1.11568 0.99 -0.000254062 -0.00253945
188 1.15339 0.99 -0.000226739 -0.00291468
189 1.05698 0.99 -0.000239677 -0.00240275
190 1.20259 0.990005 -0.000263791 -0.00247707
191 1.33333 0.99 -0.000188679 -0.00397598
192 1.22956 0.99 -0.000297976 0.00404981
193 1.33333 0.99007 -0.000273911 -0.000273546
294 0.534397 1 4.95837e-06 -0.00257702
201 0.985352 0.99 0.000119417 0.000110442
202 1.32612 0.99 0.000370227 -0.01
203 1.15739 0.99 0.000402221 -0.00696306
204 1.16299 0.99 0.000191563 0.000191737
205 1.23023 0.99 0.000315778 -0.00381974
206 1.24048 0.99 0.000262785 -0.00127728
207 1.19454 0.99 0.000301174 -0.0018563
208 1.206 0.99 0.000295114 -0.00284768
209 1.33333 0.99 0.000325712 -0.00245513
210 1.18132 0.99 0.000297801 -0.00177374
211 1.24205 0.99 0.000273076 -0.00218158
212 1.15813 0.99 0.000303172 -0.00231146
213 1.21086 0.99 0.000294283 -0.00200428
214 1.17878 0.99 0.000313111 -0.0019924
215 1.1541 0.99 0.000313376 -0.00209819
216 1.16494 0.99 0.000274265 -0.00163752
217 1.33333 0.99 0.000275385 -0.003237
218 1.03842 0.99 0.000205364 0.00020536
219 1.04624 0.99 0.000192569 0.00019256
220 1.33333 1 0.000749731 0.00072288
221 0.955594 0.99 0.000292033 0.000292033
222 1.09036 0.99 0.000196349 0.00135175
224 1.33333 0.999993 0.000735323 0.000735055
223 0.650424 1 0.000225614 -0.00998457
225 1.11619 0.99 0.000158248 0.000158247
226 1.15438 1 0.000198303 -0.00562641
227 1.04016 0.99 0.000207351 0.000207317
228 1.17065 0.99 0.000274033 -0.0012043
229 1.16315 0.99 0.000270443 -0.00120446
230 1.14645 0.99 0.000314663 -0.00224485
231 1.13946 0.99 0.000341755 -0.00242935
232 1.18475 0.99 0.000291424 -0.00175734
233 1.15751 0.99 0.000325229 -0.00192074
234 1.13285 0.99 0.000260398 -0.00181154
235 1.22337 0.99 0.000295645 -0.00187694
236 1.17591 0.99 0.000301526 -0.0026254
237 1.27257 0.99 0.000280014 -0.0016364
238 1.21456 0.99 0.000316614 -0.00215168
239 1.15825 0.99 0.000312341 -0.00229527
240 1.33333 0.99 0.000216268 0.00362787
241 1.28533 0.99 0.000240861 -0.00202503
242 1.27096 0.99 0.00023444 -0.00177454
243 1.25672 0.99 0.000264262 -0.00357618
244 0.92942 0.99 0.000100982 -0.00661003
251 0.904605 0.99 0.000115738 -0.00552064
252 1.22619 0.990001 5.43535e-05 0.00533712
253 1.25928 1 0.000185687 0.000186799
254 1.17265 0.99 0.000281673 -0.00398565
255 0.910681 0.99 0.000266077 -0.00231251
256 1.01023 0.99 0.000273803 -0.00297338
257 1.19263 0.99 0.000285409 -0.00278912
258 1.1627 0.99236 0.000247537 -0.00247873
259 1.10195 0.994406 0.000259139 -0.00310728
260 1.19645 0.99 0.000270569 -0.00251113
261 1.10594 0.99 0.000244291 -0.00191743
262 1.22056 0.99 0.00027844 -0.00176977
263 1.18215 0.99 0.000296927 -0.00218197
264 1.1256 0.99 0.000282374 -0.00200812
265 1.11617 0.99 0.000239172 -0.0012292
266 1.17819 0.995273 0.000249901 -0.00269181
267 1.13419 0.99 0.000294191 -0.00220274
268 1.18542 0.99 0.000258142 -0.00194176
269 1.10658 0.990009 0.000161455 0.000161454
270 1.09964 0.99 0.000150608 0.00015062
271 1.08851 0.990023 0.000317558 0.000317551
272 1.13356 0.990001 0.000180317 0.000180319
273 1.19532 1 0.000180994 7.13009e-05
274 1.08048 1 0.000322813 0.000320206
275 1.12945 0.99 0.000104555 0.00010455
276 1.12666 0.99 0.000139902 0.0001399
277 1.16893 0.99 0.000267135 -0.00223728
278 1.14588 0.99 0.000281699 -0.00221459
279 1.16349 0.99 0.000282808 -0.00198015
280 1.17868 0.99 0.000294043 -0.00184526
281 1.26507 0.999284 0.000251794 -0.0039772
282 1.14528 0.99 0.00027269 -0.00156181
283 1.17944 0.99 0.000299048 -0.00245418
284 1.16759 0.99 0.000263976 -0.00242263
285 1.1375 0.99 0.000262719 -0.00205989
286 1.237 0.99 0.000283274 -0.00220148
287 1.21635 0.99 0.000249625 -0.00175045
288 1.20119 0.99 0.000271056 -0.00226024
289 1.25042 0.99 0.000286821 -0.00195115
290 1.32468 0.99 0.000293158 -0.00231175
291 1.33333 0.99 0.000336759 -0.00519362
292 1.30898 0.99 0.000288427 -0.00469149
293 1.33333 0.99 0.000357603 -0.01
194 0.547969 0.99 -0.001 -0.00974343
