# channel, inverse QEq. factor, function
# function:  [0]*TMath::Exp(-([1]-[2]*x)/[3])  +  [4]*[0]*TMath::Exp(-(2.*[5]-([1]-[2]*x))/[3]) - [6]*[0]/(1.+TMath::Exp(([7]+[6]*[2]*x)/[8]))
# 
# Parameters [1], [2], [5] and [6] were fixed in fit. 
# [1]=1278, [5]=1308 channel half lenght parameters
# [2] is determined by orientation of a channel and equals to -1 for bottom and Saleve sides; for top and Jura sides it's +1
# [6]=1 for all half lenght channels, otherwise equals to 0.
#

QPositionFunction= [0]*(TMath::Exp(-([1]-[2]*x)/[3])+[4]*TMath::Exp(-(2.*[5]-([1]-[2]*x))/[3])-[6]/(1.+TMath::Exp(([7]+[6]*[2]*x)/[8])))

101 1.00208 1.46351 1278 -1 2800.01 1.12515e-07 2586 0 1 1
102 1.3161 0.69255 1278 -1 5924.29 4.36794e-08 2586 0 1 1
103 1.26863 0.795152 1278 -1 4370.62 5.73268e-10 2586 0 1 1
104 1.21161 0.909778 1278 -1 2075.75 1.10562 2586 0 1 1
105 1.74635 0.483943 1278 -1 1676.33 1.74645 2586 0 1 1
106 1.29723 0.803071 1278 -1 2768.87 0.273997 2586 0 1 1
107 1.3194 0.782049 1278 -1 3044.85 0.125394 2586 0 1 1
108 1.38896 0.709929 1278 -1 2405.98 0.500377 2586 0 1 1
109 1.29962 0.78314 1278 -1 2453.43 0.591934 2586 0 1 1
110 1.24557 0.851178 1278 -1 2703.57 0.39137 2586 0 1 1
111 1.19922 0.950969 1278 -1 3227.55 0.0538479 2586 0 1 1
112 1.19183 0.921259 1278 -1 2442.05 0.647196 2586 0 1 1
113 1.52498 0.572459 1278 -1 2757.34 0.329922 2586 0 1 1
114 1.24192 0.888053 1278 -1 2390.4 0.516029 2586 0 1 1
115 1.14535 1.04423 1278 -1 2252.26 0.679696 2586 0 1 1
116 1.1042 1.09897 1278 -1 3194.85 0.117767 2586 0 1 1
117 1.14608 1.01508 1278 -1 2618.63 0.417651 2586 0 1 1
118 1.13446 0.930546 1278 -1 7525.7 0 2586 1 286.14 141.964
119 1.00314 1.17835 1278 -1 8124.44 0 2586 1 269.556 138.246
120 0.880074 1.46172 1278 -1 14545.4 0 2586 1 211.001 134.829
121 1.09665 1.18522 1278 -1 3102.85 0 2586 1 62.4634 49.4902
122 0.876098 1.61571 1278 -1 100000 0 2586 1 561.896 509.042
123 1.20029 0.925497 1278 -1 4165.2 0 2586 1 180.393 100.235
124 1.10781 1.13426 1278 -1 3550.94 0 2586 1 44.8979 62.7514
125 1.00539 1.21713 1278 -1 7110.32 0 2586 1 278.071 158.277
126 1.00029 1.17095 1278 -1 9085.97 0 2586 1 280.151 144.259
127 1.22209 0.854723 1278 -1 5245.18 0 2586 1 446.703 187.599
128 1.11021 1.11313 1278 -1 2272.69 0.645587 2586 0 1 1
129 1.14028 1.04027 1278 -1 2648.76 0.345566 2586 0 1 1
130 1.21369 1.00754 1278 -1 1912.77 0.889485 2586 0 1 1
131 1.18844 1.11664 1278 -1 1654.47 1.33999 2586 0 1 1
132 1.22887 0.826183 1278 -1 2522.68 0.756392 2586 0 1 1
133 1.24885 1.39394 1278 -1 1066.73 4.45545 2586 0 1 1
134 1.26101 0.840337 1278 -1 2220.96 0.839589 2586 0 1 1
135 1.2456 0.879195 1278 -1 2122.58 0.903565 2586 0 1 1
136 1.38549 0.841191 1278 -1 1426.28 2.64071 2586 0 1 1
137 1.24695 0.882115 1278 -1 1990.42 1.15182 2586 0 1 1
138 1.18263 1.29888 1278 -1 1319.8 2.41594 2586 0 1 1
139 1.50747 0.88657 1278 -1 1432.92 3.94627 2586 0 1 1
140 1.57527 0.756531 1278 -1 1439.18 5.40306 2586 0 1 1
141 1.39386 0.953554 1278 -1 1419.5 4.63383 2586 0 1 1
142 1.39441 0.92878 1278 -1 1842.55 1.84868 2586 0 1 1
143 1.35839 1.22517 1278 -1 1991.85 0.244611 2586 0 1 1
144 1.35839 1.22517 1278 -1 1991.85 0.244611 2586 0 1 1

151 1.24731 1.05336 1278 -1 4880.87 5.99728e-07 2586 0 1 1
152 1.24731 1.05336 1278 -1 4880.87 5.99728e-07 2586 0 1 1
153 0.862962 2.3599 1278 -1 1068.32 9.4383 2586 0 1 1
154 0.880687 1.61996 1278 -1 1809.94 2.34917 2586 0 1 1
155 0.913333 1.59599 1278 -1 3366.55 0.0847687 2586 0 1 1
156 1.22809 0.920769 1278 -1 2209.23 0.677599 2586 0 1 1
157 1.24548 0.908374 1278 -1 2000.06 0.978377 2586 0 1 1
158 0.945998 1.53131 1278 -1 1858.78 1.53626 2586 0 1 1
159 1.23323 0.867517 1278 -1 2563.18 0.500164 2586 0 1 1
160 1.25043 0.836945 1278 -1 2033.13 1.31593 2586 0 1 1
161 1.26704 0.842613 1278 -1 2342.18 0.620955 2586 0 1 1
162 1.23694 0.891302 1278 -1 2013.54 1.12935 2586 0 1 1
163 1.22462 0.895687 1278 -1 2216.49 0.821802 2586 0 1 1
164 1.14159 1.03844 1278 -1 2590.51 0.38532 2586 0 1 1
165 1.18271 0.944136 1278 -1 2416.98 0.636614 2586 0 1 1
166 1.07682 1.17282 1278 -1 2009.21 1.15516 2586 0 1 1
167 1.14092 1.02887 1278 -1 2138.21 0.967869 2586 0 1 1
168 0.985696 1.42374 1278 -1 2010.76 1.0563 2586 0 1 1
169 1.04406 1.15955 1278 -1 4635.03 0 2586 1 120.653 48.4729
170 0.927313 1.48077 1278 -1 4818.85 0 2586 1 120.411 75.5763
171 1.06824 1.27712 1278 -1 3165.64 0 2586 1 167.688 100.621
172 1.05307 1.1893 1278 -1 4391.33 0 2586 1 13.1479 57.5933
173 1.02988 1.27686 1278 -1 3976.91 0 2586 1 1.99801e-08 54.0918
174 1.04284 1.3419 1278 -1 3216.88 0 2586 1 26.969 65.3018
175 0.968454 1.30427 1278 -1 6696.48 0 2586 1 198.978 119.03
176 1.06957 1.06702 1278 -1 5545.01 0 2586 1 138.427 61.5494
177 1.03643 1.27733 1278 -1 2125.79 0.868527 2586 0 1 1
178 0.982691 1.38504 1278 -1 2229.71 0.821764 2586 0 1 1
179 1.10437 1.08828 1278 -1 2177.22 0.943466 2586 0 1 1
180 1.10233 1.08723 1278 -1 2244.12 0.857715 2586 0 1 1
181 1.12264 1.03103 1278 -1 2675.31 0.467589 2586 0 1 1
182 1.19966 0.946918 1278 -1 2460.21 0.467747 2586 0 1 1
183 1.21939 0.91549 1278 -1 2174.31 0.82501 2586 0 1 1
184 1.25169 0.872197 1278 -1 2072.77 0.989818 2586 0 1 1
185 1.2466 0.877174 1278 -1 2514.91 0.418675 2586 0 1 1
186 1.2701 0.835021 1278 -1 2137.54 0.94002 2586 0 1 1
187 1.27093 0.855809 1278 -1 2171.23 0.756116 2586 0 1 1
188 1.22421 0.90457 1278 -1 2338.91 0.615519 2586 0 1 1
189 1.25017 0.873515 1278 -1 1796.56 1.79359 2586 0 1 1
190 1.28883 0.85946 1278 -1 1867.87 1.24375 2586 0 1 1
191 1.38745 0.87877 1278 -1 1934.85 1.72997 2586 0 1 1
192 1.41198 1.08051 1278 -1 1116.46 8.62188 2586 0 1 1
193 1.38056 0.988098 1278 -1 3857.59 6.84292e-07 2586 0 1 1
194 1.38056 0.988098 1278 -1 3857.59 6.84292e-07 2586 0 1 1

201 1.2711 1.09291 1278 1 1258.71 3.66213 2586 0 1 1
202 1.21493 0.933536 1278 1 1839.27 1.56725 2586 0 1 1
203 1.41914 0.935675 1278 1 1588.54 2.64698 2586 0 1 1
204 1.1224 0.982936 1278 1 4074.93 0.109276 2586 0 1 1
205 1.43677 0.703156 1278 1 1814.84 1.30562 2586 0 1 1
206 1.2493 0.86053 1278 1 2390.71 0.595903 2586 0 1 1
207 1.21054 0.913239 1278 1 3418.89 0.0585084 2586 0 1 1
208 1.25989 0.819319 1278 1 2362.73 0.765111 2586 0 1 1
209 1.31659 0.740122 1278 1 2569.95 0.600376 2586 0 1 1
210 1.28615 0.795215 1278 1 3021.74 0.233561 2586 0 1 1
211 1.31645 0.728021 1278 1 3225.25 0.272938 2586 0 1 1
212 1.27237 0.819251 1278 1 2275.51 0.793652 2586 0 1 1
213 1.25314 0.840006 1278 1 2756.19 0.361247 2586 0 1 1
214 1.40024 0.694056 1278 1 2277.68 0.675256 2586 0 1 1
215 1.15936 1.02716 1278 1 2316.92 0.56397 2586 0 1 1
216 1.12463 1.02034 1278 1 3104.35 0.255202 2586 0 1 1
217 1.13822 0.992782 1278 1 2706.72 0.481058 2586 0 1 1
218 1.26412 0.730646 1278 1 10000 0 2586 1 239.533 139.807
219 1.04631 1.06162 1278 1 10000 0 2586 1 299.924 153.91
220 0.939091 1.43048 1278 1 5245.84 0 2586 1 121.938 84.3774
221 1.17324 0.961943 1278 1 6229.42 0 2586 1 745.391 399.723
222 1.40573 0.64769 1278 1 4937.33 0 2586 1 26.7114 60.1346
223 1.25737 0.890445 1278 1 3310.01 0 2586 1 5.50637e-06 45.0758
224 1.12938 1.10501 1278 1 3397.57 0 2586 1 38.888 60.2575
225 0.878668 1.5894 1278 1 6675.89 0 2586 1 217.15 126.848
226 1.0695 1.06198 1278 1 7586.12 0 2586 1 272.576 153.852
227 1.11301 0.998038 1278 1 6874.62 0 2586 1 384.47 192.819
228 1.19422 0.943082 1278 1 2379.96 0.601859 2586 0 1 1
229 1.11821 1.10069 1278 1 3375.05 2.89721e-09 2586 0 1 1
230 1.17356 1.06016 1278 1 1704.83 1.69481 2586 0 1 1
231 1.22999 0.987639 1278 1 1769.01 1.27054 2586 0 1 1
232 1.62824 0.522585 1278 1 2207.32 0.691122 2586 0 1 1
233 1.18474 1.00627 1278 1 2084.15 0.7975 2586 0 1 1
234 1.18412 0.892994 1278 1 2718.38 0.568211 2586 0 1 1
235 1.27386 0.815182 1278 1 2353.23 0.703312 2586 0 1 1
236 1.36734 0.799222 1278 1 1607.7 2.01376 2586 0 1 1
237 1.16773 1.21451 1278 1 1316.24 3.65514 2586 0 1 1
238 1.18289 1.01983 1278 1 1910.25 1.12583 2586 0 1 1
239 1.57273 0.698281 1278 1 7104.85 6.40293e-10 2586 0 1 1
240 1.55082 0.713661 1278 1 7741.99 2.17495e-07 2586 0 1 1
241 1.44739 1.18946 1278 1 1133.85 6.76484 2586 0 1 1
242 1.6264 1.24813 1278 1 1014.78 10 2586 0 1 1
243 1.44276 0.94733 1278 1 2964.02 0.389427 2586 0 1 1
244 1.44276 0.94733 1278 1 2964.02 0.389427 2586 0 1 1

251 1.12962 1.20348 1278 1 4898.07 3.37648e-06 2586 0 1 1
252 1.12962 1.20348 1278 1 4898.07 3.37648e-06 2586 0 1 1
253 0.897731 1.45794 1278 1 2558.03 0.966069 2586 0 1 1
254 0.922082 1.58989 1278 1 1832.34 1.72325 2586 0 1 1
255 0.847241 1.90184 1278 1 2006.36 1.14015 2586 0 1 1
256 0.91048 1.54183 1278 1 2310.31 0.913376 2586 0 1 1
257 0.958967 1.32747 1278 1 2493.9 0.878395 2586 0 1 1
258 0.918987 1.48996 1278 1 2440.35 0.812497 2586 0 1 1
259 1.27621 0.800091 1278 1 2259.57 0.898656 2586 0 1 1
260 1.36141 0.697428 1278 1 2269.3 0.921742 2586 0 1 1
261 1.33822 0.68455 1278 1 2668.49 0.686597 2586 0 1 1
262 1.19474 0.901636 1278 1 2705.99 0.479411 2586 0 1 1
263 1.23999 0.871076 1278 1 2226.84 0.819645 2586 0 1 1
264 1.21339 0.913691 1278 1 2229.21 0.795552 2586 0 1 1
265 1.13322 0.950053 1278 1 2898.42 0.534783 2586 0 1 1
266 1.09821 1.04294 1278 1 2395.8 0.86897 2586 0 1 1
267 1.21873 0.880888 1278 1 2250.16 0.894077 2586 0 1 1
268 0.951168 1.37719 1278 1 2461.44 0.829625 2586 0 1 1
269 1.08694 1.07194 1278 1 4576.79 0 2586 1 89.5232 38.3785
270 1.51686 0.531506 1278 1 5524.41 0 2586 1 87.8601 54.4176
271 1.20726 0.949737 1278 1 99998.7 0 2586 1 286.357 481.212
272 1.07807 1.15545 1278 1 3892.74 0 2586 1 68.1107 62.4329
273 1.23141 0.852767 1278 1 6932.71 0 2586 1 287.902 202.726
274 1.29787 0.867873 1278 1 3265.45 0 2586 1 236.777 131.444
275 0.962113 1.22965 1278 1 10000 0 2586 1 103.582 77.2375
276 1.09381 0.985575 1278 1 7442.72 0 2586 1 282.655 119.133
277 1.05126 1.12736 1278 1 2367.52 0.949143 2586 0 1 1
278 1.10121 1.0573 1278 1 2462.56 0.708884 2586 0 1 1
279 1.23928 0.850036 1278 1 2470.42 0.627288 2586 0 1 1
280 1.12845 1.08134 1278 1 2166.97 0.781567 2586 0 1 1
281 1.19687 0.888647 1278 1 2839.53 0.428954 2586 0 1 1
282 1.21899 0.876816 1278 1 3700 0.0612971 2586 0 1 1
283 1.21304 0.881569 1278 1 2389.98 0.7427 2586 0 1 1
284 1.32452 0.715323 1278 1 2298.79 1.01611 2586 0 1 1
285 1.314 0.700604 1278 1 4277 0.128849 2586 0 1 1
286 1.20148 0.892374 1278 1 2517.95 0.633105 2586 0 1 1
287 1.30466 0.729554 1278 1 2523.25 0.77491 2586 0 1 1
288 1.2605 0.759283 1278 1 2962.92 0.53318 2586 0 1 1
289 1.23337 1.11174 1278 1 1443.96 1.99831 2586 0 1 1
290 1.2904 0.775684 1278 1 2218.82 1.00659 2586 0 1 1
291 1.14057 1.01167 1278 1 2632.44 0.453991 2586 0 1 1
292 1.59954 1.03959 1278 1 1301.33 4.35466 2586 0 1 1
293 1.41624 1.5547 1278 1 949.16 10 2586 0 1 1
294 1.41624 1.5547 1278 1 949.16 10 2586 0 1 1