115  -132.06   318.822   70037.9
122  -88.0029  336.06    70021.2
123  -106.336  331.082   70021.2
124  -124.315  324.945   70021.2
125  -141.867  317.675   70021.2
126  -158.919  309.301   70021.2
127  -175.403  299.858   70021.2
132  -79.1067  339.971   70004.4
133  -97.7075  335.552   70004.4
134  -115.989  329.956   70004.4
135  -133.876  323.206   70004.4
136  -151.298  315.331   70004.4
137  -168.181  306.361   70004.4
138  -184.459  296.333   70004.4
141  -69.8707  342.672   69987.5
142  -88.6624  338.836   69987.5
143  -107.172  333.81    69987.5
144  -125.323  327.615   69987.5
145  -143.042  320.275   69987.5
146  -160.258  311.821   69987.5
147  -176.899  302.287   69987.5
148  -192.9    291.712   69987.5
151  -60.3927  344.139   69970.5
152  -79.2972  340.904   69970.5
153  -97.957   336.471   69970.5
154  -116.296  330.857   69970.5
155  -134.241  324.086   69970.5
156  -151.717  316.185   69970.5
157  -168.655  307.187   69970.5
158  -184.984  297.127   69970.5
159  -200.639  286.047   69970.5
161  -69.7101  341.734   69953.6
162  -88.4424  337.91    69953.6
163  -106.893  332.9     69953.6
164  -124.986  326.724   69953.6
165  -142.65   319.407   69953.6
166  -159.811  310.98    69953.6
167  -176.4    301.476   69953.6
168  -192.35   290.935   69953.6
172  -78.7264  338.108   69936.8
173  -97.2093  333.717   69936.8
174  -115.375  328.157   69936.8
175  -133.149  321.45    69936.8
176  -150.459  313.624   69936.8
177  -167.236  304.711   69936.8
178  -183.411  294.747   69936.8
182  -87.3454  333.293   69920.1
187  -173.911  297.436   69920.1
215  -318.822  132.06    70037.9
222  -299.858  175.403   70021.2
223  -309.301  158.919   70021.2
224  -317.675  141.867   70021.2
225  -324.945  124.315   70021.2
226  -331.082  106.336   70021.2
227  -336.06   88.0029   70021.2
232  -296.333  184.459   70004.4
233  -306.361  168.181   70004.4
234  -315.331  151.298   70004.4
235  -323.206  133.876   70004.4
236  -329.956  115.989   70004.4
237  -335.552  97.7075   70004.4
238  -339.971  79.1067   70004.4
241  -291.712  192.9     69987.5
242  -302.287  176.899   69987.5
243  -311.821  160.258   69987.5
244  -320.275  143.042   69987.5
245  -327.615  125.323   69987.5
246  -333.81   107.172   69987.5
247  -338.836  88.6624   69987.5
248  -342.672  69.8707   69987.5
251  -286.047  200.639   69970.5
252  -297.127  184.984   69970.5
253  -307.187  168.655   69970.5
254  -316.185  151.717   69970.5
255  -324.086  134.241   69970.5
256  -330.857  116.296   69970.5
257  -336.471  97.957    69970.5
258  -340.904  79.2972   69970.5
259  -344.139  60.3927   69970.5
261  -290.935  192.35    69953.6
262  -301.476  176.4     69953.6
263  -310.98   159.811   69953.6
264  -319.407  142.65    69953.6
265  -326.724  124.986   69953.6
266  -332.9    106.893   69953.6
267  -337.91   88.4424   69953.6
268  -341.734  69.7101   69953.6
272  -294.747  183.411   69936.8
273  -304.711  167.236   69936.8
274  -313.624  150.459   69936.8
275  -321.45   133.149   69936.8
276  -328.157  115.375   69936.8
277  -333.717  97.2093   69936.8
278  -338.108  78.7264   69936.8
282  -297.436  173.911   69920.1
287  -333.293  87.3454   69920.1
315  -318.822  -132.06   70037.9
322  -336.06   -88.0029  70021.2
323  -331.082  -106.336  70021.2
324  -324.945  -124.315  70021.2
325  -317.675  -141.867  70021.2
326  -309.301  -158.919  70021.2
327  -299.858  -175.403  70021.2
332  -339.971  -79.1067  70004.4
333  -335.552  -97.7075  70004.4
334  -329.956  -115.989  70004.4
335  -323.206  -133.876  70004.4
336  -315.331  -151.298  70004.4
337  -306.361  -168.181  70004.4
338  -296.333  -184.459  70004.4
341  -342.672  -69.8707  69987.5
342  -338.836  -88.6624  69987.5
343  -333.81   -107.172  69987.5
344  -327.615  -125.323  69987.5
345  -320.275  -143.042  69987.5
346  -311.821  -160.258  69987.5
347  -302.287  -176.899  69987.5
348  -291.712  -192.9    69987.5
351  -344.139  -60.3927  69970.5
352  -340.904  -79.2972  69970.5
353  -336.471  -97.957   69970.5
354  -330.857  -116.296  69970.5
355  -324.086  -134.241  69970.5
356  -316.185  -151.717  69970.5
357  -307.187  -168.655  69970.5
358  -297.127  -184.984  69970.5
359  -286.047  -200.639  69970.5
361  -341.734  -69.7101  69953.6
362  -337.91   -88.4424  69953.6
363  -332.9    -106.893  69953.6
364  -326.724  -124.986  69953.6
365  -319.407  -142.65   69953.6
366  -310.98   -159.811  69953.6
367  -301.476  -176.4    69953.6
368  -290.935  -192.35   69953.6
372  -338.108  -78.7264  69936.8
373  -333.717  -97.2093  69936.8
374  -328.157  -115.375  69936.8
375  -321.45   -133.149  69936.8
376  -313.624  -150.459  69936.8
377  -304.711  -167.236  69936.8
378  -294.747  -183.411  69936.8
382  -333.293  -87.3454  69920.1
387  -297.436  -173.911  69920.1
415  -132.06   -318.822  70037.9
422  -175.403  -299.858  70021.2
423  -158.919  -309.301  70021.2
424  -141.867  -317.675  70021.2
425  -124.315  -324.945  70021.2
426  -106.336  -331.082  70021.2
427  -88.0029  -336.06   70021.2
432  -184.459  -296.333  70004.4
433  -168.181  -306.361  70004.4
434  -151.298  -315.331  70004.4
435  -133.876  -323.206  70004.4
436  -115.989  -329.956  70004.4
437  -97.7075  -335.552  70004.4
438  -79.1067  -339.971  70004.4
441  -192.9    -291.712  69987.5
442  -176.899  -302.287  69987.5
443  -160.258  -311.821  69987.5
444  -143.042  -320.275  69987.5
445  -125.323  -327.615  69987.5
446  -107.172  -333.81   69987.5
447  -88.6624  -338.836  69987.5
448  -69.8707  -342.672  69987.5
451  -200.639  -286.047  69970.5
452  -184.984  -297.127  69970.5
453  -168.655  -307.187  69970.5
454  -151.717  -316.185  69970.5
455  -134.241  -324.086  69970.5
456  -116.296  -330.857  69970.5
457  -97.957   -336.471  69970.5
458  -79.2972  -340.904  69970.5
459  -60.3927  -344.139  69970.5
461  -192.35   -290.935  69953.6
462  -176.4    -301.476  69953.6
463  -159.811  -310.98   69953.6
464  -142.65   -319.407  69953.6
465  -124.986  -326.724  69953.6
466  -106.893  -332.9    69953.6
467  -88.4424  -337.91   69953.6
468  -69.7101  -341.734  69953.6
472  -183.411  -294.747  69936.8
473  -167.236  -304.711  69936.8
474  -150.459  -313.624  69936.8
475  -133.149  -321.45   69936.8
476  -115.375  -328.157  69936.8
477  -97.2093  -333.717  69936.8
478  -78.7264  -338.108  69936.8
482  -173.911  -297.436  69920.1
487  -87.3454  -333.293  69920.1
515  132.06    -318.822  70037.9
522  88.0029   -336.06   70021.2
523  106.336   -331.082  70021.2
524  124.315   -324.945  70021.2
525  141.867   -317.675  70021.2
526  158.919   -309.301  70021.2
527  175.403   -299.858  70021.2
532  79.1067   -339.971  70004.4
533  97.7075   -335.552  70004.4
534  115.989   -329.956  70004.4
535  133.876   -323.206  70004.4
536  151.298   -315.331  70004.4
537  168.181   -306.361  70004.4
538  184.459   -296.333  70004.4
541  69.8707   -342.672  69987.5
542  88.6624   -338.836  69987.5
543  107.172   -333.81   69987.5
544  125.323   -327.615  69987.5
545  143.042   -320.275  69987.5
546  160.258   -311.821  69987.5
547  176.899   -302.287  69987.5
548  192.9     -291.712  69987.5
551  60.3927   -344.139  69970.5
552  79.2972   -340.904  69970.5
553  97.957    -336.471  69970.5
554  116.296   -330.857  69970.5
555  134.241   -324.086  69970.5
556  151.717   -316.185  69970.5
557  168.655   -307.187  69970.5
558  184.984   -297.127  69970.5
559  200.639   -286.047  69970.5
561  69.7101   -341.734  69953.6
562  88.4424   -337.91   69953.6
563  106.893   -332.9    69953.6
564  124.986   -326.724  69953.6
565  142.65    -319.407  69953.6
566  159.811   -310.98   69953.6
567  176.4     -301.476  69953.6
568  192.35    -290.935  69953.6
572  78.7264   -338.108  69936.8
573  97.2093   -333.717  69936.8
574  115.375   -328.157  69936.8
575  133.149   -321.45   69936.8
576  150.459   -313.624  69936.8
577  167.236   -304.711  69936.8
578  183.411   -294.747  69936.8
582  87.3454   -333.293  69920.1
587  173.911   -297.436  69920.1
615  318.822   -132.06   70037.9
622  299.858   -175.403  70021.2
623  309.301   -158.919  70021.2
624  317.675   -141.867  70021.2
625  324.945   -124.315  70021.2
626  331.082   -106.336  70021.2
627  336.06    -88.0029  70021.2
632  296.333   -184.459  70004.4
633  306.361   -168.181  70004.4
634  315.331   -151.298  70004.4
635  323.206   -133.876  70004.4
636  329.956   -115.989  70004.4
637  335.552   -97.7075  70004.4
638  339.971   -79.1067  70004.4
641  291.712   -192.9    69987.5
642  302.287   -176.899  69987.5
643  311.821   -160.258  69987.5
644  320.275   -143.042  69987.5
645  327.615   -125.323  69987.5
646  333.81    -107.172  69987.5
647  338.836   -88.6624  69987.5
648  342.672   -69.8707  69987.5
651  286.047   -200.639  69970.5
652  297.127   -184.984  69970.5
653  307.187   -168.655  69970.5
654  316.185   -151.717  69970.5
655  324.086   -134.241  69970.5
656  330.857   -116.296  69970.5
657  336.471   -97.957   69970.5
658  340.904   -79.2972  69970.5
659  344.139   -60.3927  69970.5
661  290.935   -192.35   69953.6
662  301.476   -176.4    69953.6
663  310.98    -159.811  69953.6
664  319.407   -142.65   69953.6
665  326.724   -124.986  69953.6
666  332.9     -106.893  69953.6
667  337.91    -88.4424  69953.6
668  341.734   -69.7101  69953.6
672  294.747   -183.411  69936.8
673  304.711   -167.236  69936.8
674  313.624   -150.459  69936.8
675  321.45    -133.149  69936.8
676  328.157   -115.375  69936.8
677  333.717   -97.2093  69936.8
678  338.108   -78.7264  69936.8
682  297.436   -173.911  69920.1
687  333.293   -87.3454  69920.1
715  318.822   132.06    70037.9
722  336.06    88.0029   70021.2
723  331.082   106.336   70021.2
724  324.945   124.315   70021.2
725  317.675   141.867   70021.2
726  309.301   158.919   70021.2
727  299.858   175.403   70021.2
732  339.971   79.1067   70004.4
733  335.552   97.7075   70004.4
734  329.956   115.989   70004.4
735  323.206   133.876   70004.4
736  315.331   151.298   70004.4
737  306.361   168.181   70004.4
738  296.333   184.459   70004.4
741  342.672   69.8707   69987.5
742  338.836   88.6624   69987.5
743  333.81    107.172   69987.5
744  327.615   125.323   69987.5
745  320.275   143.042   69987.5
746  311.821   160.258   69987.5
747  302.287   176.899   69987.5
748  291.712   192.9     69987.5
751  344.139   60.3927   69970.5
752  340.904   79.2972   69970.5
753  336.471   97.957    69970.5
754  330.857   116.296   69970.5
755  324.086   134.241   69970.5
756  316.185   151.717   69970.5
757  307.187   168.655   69970.5
758  297.127   184.984   69970.5
759  286.047   200.639   69970.5
761  341.734   69.7101   69953.6
762  337.91    88.4424   69953.6
763  332.9     106.893   69953.6
764  326.724   124.986   69953.6
765  319.407   142.65    69953.6
766  310.98    159.811   69953.6
767  301.476   176.4     69953.6
768  290.935   192.35    69953.6
772  338.108   78.7264   69936.8
773  333.717   97.2093   69936.8
774  328.157   115.375   69936.8
775  321.45    133.149   69936.8
776  313.624   150.459   69936.8
777  304.711   167.236   69936.8
778  294.747   183.411   69936.8
782  333.293   87.3454   69920.1
787  297.436   173.911   69920.1
815  132.06    318.822   70037.9
822  175.403   299.858   70021.2
823  158.919   309.301   70021.2
824  141.867   317.675   70021.2
825  124.315   324.945   70021.2
826  106.336   331.082   70021.2
827  88.0029   336.06    70021.2
832  184.459   296.333   70004.4
833  168.181   306.361   70004.4
834  151.298   315.331   70004.4
835  133.876   323.206   70004.4
836  115.989   329.956   70004.4
837  97.7075   335.552   70004.4
838  79.1067   339.971   70004.4
841  192.9     291.712   69987.5
842  176.899   302.287   69987.5
843  160.258   311.821   69987.5
844  143.042   320.275   69987.5
845  125.323   327.615   69987.5
846  107.172   333.81    69987.5
847  88.6624   338.836   69987.5
848  69.8707   342.672   69987.5
851  200.639   286.047   69970.5
852  184.984   297.127   69970.5
853  168.655   307.187   69970.5
854  151.717   316.185   69970.5
855  134.241   324.086   69970.5
856  116.296   330.857   69970.5
857  97.957    336.471   69970.5
858  79.2972   340.904   69970.5
859  60.3927   344.139   69970.5
861  192.35    290.935   69953.6
862  176.4     301.476   69953.6
863  159.811   310.98    69953.6
864  142.65    319.407   69953.6
865  124.986   326.724   69953.6
866  106.893   332.9     69953.6
867  88.4424   337.91    69953.6
868  69.7101   341.734   69953.6
872  183.411   294.747   69936.8
873  167.236   304.711   69936.8
874  150.459   313.624   69936.8
875  133.149   321.45    69936.8
876  115.375   328.157   69936.8
877  97.2093   333.717   69936.8
878  78.7264   338.108   69936.8
882  173.911   297.436   69920.1
887  87.3454   333.293   69920.1
