# Generated with run 8511, valid from the start of 2018 till run 8622.
# Stretching values of FE thresholds for channels with ROID 576-608
# found wrong and fixed from run 8623.
#---------------------------------------------------------------------
#SeqID 	 MinWidth 	 MaxWidth 	 SC_MinWidth 	 SC_MaxWidth
#---------------------------------------------------------------------
0 	 13.0799 	 17.0799 	 0.202377 	 -0.362977
1 	 12.612 	 16.612 	 0.398289 	 -0.363772
2 	 12.2429 	 16.2429 	 0.360836 	 -0.500192
3 	 12.0769 	 16.0769 	 0.249444 	 -0.516435
4 	 13.1658 	 17.1658 	 0.07944 	 -0.353106
5 	 12.3969 	 16.3969 	 0.160377 	 -0.432267
6 	 12.2455 	 16.2455 	 0.172931 	 -0.438393
7 	 12.9644 	 16.9644 	 0.324786 	 -0.274665
8 	 12.9507 	 16.9507 	 0.400589 	 -0.573072
9 	 13.2819 	 17.2819 	 0.087685 	 -0.378054
10 	 13.5322 	 17.5322 	 0.0744002 	 -0.297953
11 	 12.9252 	 16.9252 	 0.39993 	 -0.555027
12 	 12.9632 	 16.9632 	 0.261452 	 -0.472911
13 	 12.4363 	 16.4363 	 0.282233 	 -0.3955
14 	 13.3181 	 17.3181 	 0.192137 	 -0.394329
15 	 13.1227 	 17.1227 	 0.416688 	 -0.578062
16 	 13.8417 	 17.8417 	 0.170386 	 -0.322901
17 	 13.7099 	 17.7099 	 0.25029 	 -0.380718
18 	 13.8099 	 17.8099 	 0.252545 	 -0.37395
19 	 13.644 	 17.644 	 0.323318 	 -0.457092
20 	 13.7902 	 17.7902 	 0.312517 	 -0.462024
21 	 13.6522 	 17.6522 	 0.24795 	 -0.360315
22 	 13.4909 	 17.4909 	 0.1682 	 -0.344574
23 	 13.346 	 17.346 	 0.227251 	 -0.345974
24 	 12.5462 	 16.5462 	 0.287516 	 -0.416738
25 	 12.757 	 16.757 	 0.235319 	 -0.324122
26 	 13.2505 	 17.2505 	 0.17348 	 -0.295477
27 	 12.8176 	 16.8176 	 0.215884 	 -0.365574
28 	 12.6783 	 16.6783 	 0.158497 	 -0.326454
29 	 12.6491 	 16.6491 	 0.265544 	 -0.429542
30 	 12.8724 	 16.8724 	 0.164753 	 -0.317763
31 	 12.7669 	 16.7669 	 0.224005 	 -0.330333
32 	 12.2154 	 16.2154 	 0.374665 	 -0.492363
33 	 12.6066 	 16.6066 	 0.250515 	 -0.395215
34 	 12.6442 	 16.6442 	 0.252656 	 -0.380018
35 	 12.1242 	 16.1242 	 0.335783 	 -0.446863
36 	 12.5264 	 16.5264 	 0.282381 	 -0.412654
37 	 12.1886 	 16.1886 	 0.277088 	 -0.425651
38 	 11.873 	 15.873 	 0.340428 	 -0.458231
39 	 12.7567 	 16.7567 	 0.314349 	 -0.403392
40 	 13.0199 	 17.0199 	 0.193597 	 -0.271611
41 	 13.4348 	 17.4348 	 0.1798 	 -0.31777
42 	 13.3229 	 17.3229 	 0.161239 	 -0.269087
43 	 13.8193 	 17.8193 	 0.140063 	 -0.275775
44 	 13.4269 	 17.4269 	 0.213579 	 -0.365327
45 	 13.5665 	 17.5665 	 0.19486 	 -0.331285
46 	 13.4576 	 17.4576 	 0.15688 	 -0.28927
47 	 13.2665 	 17.2665 	 0.215964 	 -0.321004
48 	 12.6587 	 16.6587 	 -0.000719522 	 -0.384883
49 	 12.3457 	 16.3457 	 0.0886057 	 -0.579766
50 	 12.7241 	 16.7241 	 0.0757115 	 -0.480151
51 	 12.6145 	 16.6145 	 0.0383336 	 -0.502867
52 	 12.3879 	 16.3879 	 0.0359125 	 -0.553444
53 	 12.8724 	 16.8724 	 -0.0281522 	 -0.439872
54 	 12.7046 	 16.7046 	 0.026942 	 -0.402342
55 	 12.2222 	 16.2222 	 0.0606881 	 -0.577448
56 	 13.5626 	 17.5626 	 0.0618783 	 -0.47034
57 	 14.3353 	 18.3353 	 0.0325919 	 -0.421439
58 	 13.7384 	 17.7384 	 0.0812137 	 -0.482436
59 	 14.0735 	 18.0735 	 0.0680169 	 -0.449012
60 	 14.9636 	 18.9636 	 0.0749166 	 -0.415485
61 	 14.1829 	 18.1829 	 0.096262 	 -0.470667
62 	 14.1052 	 18.1052 	 0.0962123 	 -0.491116
63 	 14.4444 	 18.4444 	 0.0700922 	 -0.455727
64 	 14.0858 	 18.0858 	 0.0196474 	 -0.340029
65 	 14.2873 	 18.2873 	 0.00492089 	 -0.336099
66 	 14.0384 	 18.0384 	 -0.00924629 	 -0.342201
67 	 14.4337 	 18.4337 	 0.0590496 	 -0.360916
68 	 13.7395 	 17.7395 	 0.0268698 	 -0.370709
69 	 14.4331 	 18.4331 	 0.0417613 	 -0.291495
70 	 14.3299 	 18.3299 	 0.010275 	 -0.279543
71 	 14.4268 	 18.4268 	 0.032091 	 -0.333723
72 	 14.0989 	 18.0989 	 0.0377554 	 -0.434662
73 	 13.5284 	 17.5284 	 0.0899977 	 -0.481806
74 	 14.1029 	 18.1029 	 0.0473356 	 -0.376361
75 	 13.6284 	 17.6284 	 0.0984138 	 -0.451571
76 	 14.1085 	 18.1085 	 0.090488 	 -0.430772
77 	 14.1793 	 18.1793 	 0.130882 	 -0.37253
78 	 13.9083 	 17.9083 	 0.075803 	 -0.316785
79 	 14.2698 	 18.2698 	 0.0625687 	 -0.390414
80 	 13.2148 	 17.2148 	 0.076483 	 -0.623919
81 	 14.1393 	 18.1393 	 0.0642291 	 -0.46123
82 	 13.857 	 17.857 	 0.098217 	 -0.511349
83 	 13.8705 	 17.8705 	 0.0694645 	 -0.564581
84 	 13.9232 	 17.9232 	 0.105477 	 -0.549405
85 	 13.9689 	 17.9689 	 0.105575 	 -0.537489
86 	 13.8347 	 17.8347 	 0.107658 	 -0.556521
87 	 14.3279 	 18.3279 	 0.045779 	 -0.465769
88 	 13.8488 	 17.8488 	 0.247989 	 -0.346728
89 	 13.1102 	 17.1102 	 0.470308 	 -0.518144
90 	 14.2622 	 18.2622 	 0.246484 	 -0.322992
91 	 14.1511 	 18.1511 	 0.235323 	 -0.346829
92 	 14.3028 	 18.3028 	 0.198231 	 -0.32472
93 	 14.1936 	 18.1936 	 0.221242 	 -0.335188
94 	 14.0472 	 18.0472 	 0.240812 	 -0.359916
95 	 14.0934 	 18.0934 	 0.159485 	 -0.32591
96 	 12.7407 	 16.7407 	 0.0690737 	 -0.315114
97 	 12.6725 	 16.6725 	 0.1909 	 -0.514539
98 	 12.6224 	 16.6224 	 0.221649 	 -0.449503
99 	 12.3809 	 16.3809 	 0.181939 	 -0.429692
100 	 12.7739 	 16.7739 	 0.187114 	 -0.38765
101 	 12.5972 	 16.5972 	 0.277352 	 -0.492038
102 	 12.73 	 16.73 	 0.156708 	 -0.372366
103 	 12.6606 	 16.6606 	 0.102574 	 -0.468007
104 	 12.3008 	 16.3008 	 0.321231 	 -0.488116
105 	 13.3155 	 17.3155 	 0.143866 	 -0.393753
106 	 14.0329 	 18.0329 	 0.235163 	 -0.439666
107 	 12.8021 	 16.8021 	 0.282901 	 -0.432147
108 	 13.4096 	 17.4096 	 0.0926273 	 -0.365602
109 	 12.1141 	 16.1141 	 0.405271 	 -0.57874
110 	 13.2903 	 17.2903 	 0.080643 	 -0.373056
111 	 12.6966 	 16.6966 	 0.191733 	 -0.407589
112 	 13.2338 	 17.2338 	 0.272723 	 -0.406993
113 	 13.473 	 17.473 	 0.0973231 	 -0.290165
114 	 13.6872 	 17.6872 	 0.20225 	 -0.350034
115 	 13.4248 	 17.4248 	 0.112047 	 -0.384087
116 	 13.5053 	 17.5053 	 0.198952 	 -0.349899
117 	 13.4475 	 17.4475 	 0.229751 	 -0.38338
118 	 13.3181 	 17.3181 	 0.248413 	 -0.422012
119 	 13.3385 	 17.3385 	 0.231305 	 -0.347704
120 	 13.0731 	 17.0731 	 0.210378 	 -0.320856
121 	 12.3292 	 16.3292 	 0.332083 	 -0.4568
122 	 12.4982 	 16.4982 	 0.336753 	 -0.455994
123 	 13.1741 	 17.1741 	 0.251641 	 -0.412926
124 	 12.6962 	 16.6962 	 0.28687 	 -0.423435
125 	 12.3463 	 16.3463 	 0.296924 	 -0.427818
126 	 12.2994 	 16.2994 	 0.34616 	 -0.444454
127 	 12.337 	 16.337 	 0.296944 	 -0.429324
128 	 13.5366 	 17.5366 	 0.228613 	 -0.364954
129 	 14.0665 	 18.0665 	 0.222123 	 -0.352113
130 	 13.9184 	 17.9184 	 0.223074 	 -0.346985
131 	 13.917 	 17.917 	 0.195318 	 -0.288211
132 	 14.1877 	 18.1877 	 0.202126 	 -0.260341
133 	 13.8527 	 17.8527 	 0.195526 	 -0.325895
134 	 14.0692 	 18.0692 	 0.19938 	 -0.281906
135 	 14.6205 	 18.6205 	 0.185111 	 -0.27456
136 	 13.5397 	 17.5397 	 0.207696 	 -0.317565
137 	 13.1111 	 17.1111 	 0.16779 	 -0.293102
138 	 13.1667 	 17.1667 	 0.18919 	 -0.318947
139 	 13.3674 	 17.3674 	 0.203489 	 -0.338615
140 	 13.2352 	 17.2352 	 0.186309 	 -0.30354
141 	 13.3624 	 17.3624 	 0.189344 	 -0.309278
142 	 13.3795 	 17.3795 	 0.221036 	 -0.286613
143 	 13.3965 	 17.3965 	 0.160855 	 -0.235811
144 	 13.3893 	 17.3893 	 0.0558537 	 -0.368266
145 	 13.3575 	 17.3575 	 0.0502806 	 -0.313315
146 	 13.1323 	 17.1323 	 0.088277 	 -0.473403
147 	 13.315 	 17.315 	 0.0273372 	 -0.334514
148 	 12.9421 	 16.9421 	 0.0110842 	 -0.405156
149 	 12.9947 	 16.9947 	 0.0885301 	 -0.433438
150 	 13.374 	 17.374 	 0.0411924 	 -0.297796
151 	 13.4733 	 17.4733 	 -0.0244529 	 -0.272556
152 	 13.0258 	 17.0258 	 0.266101 	 -0.336847
153 	 13.5631 	 17.5631 	 0.18988 	 -0.267945
154 	 13.3681 	 17.3681 	 0.20233 	 -0.275249
155 	 13.3522 	 17.3522 	 0.234491 	 -0.259322
156 	 13.0114 	 17.0114 	 0.233543 	 -0.31942
157 	 13.1612 	 17.1612 	 0.154945 	 -0.261328
158 	 13.0382 	 17.0382 	 0.213902 	 -0.282161
159 	 13.3977 	 17.3977 	 0.228821 	 -0.294126
160 	 12.2801 	 16.2801 	 0.030243 	 -0.578951
161 	 12.6599 	 16.6599 	 0.109133 	 -0.589143
162 	 12.6032 	 16.6032 	 0.0668179 	 -0.543161
163 	 12.8193 	 16.8193 	 0.0433464 	 -0.481203
164 	 13.2429 	 17.2429 	 0.0153367 	 -0.411282
165 	 13.0021 	 17.0021 	 -0.035299 	 -0.44367
166 	 12.4411 	 16.4411 	 0.0913525 	 -0.611315
167 	 13.0579 	 17.0579 	 0.051545 	 -0.518009
168 	 13.0985 	 17.0985 	 0.10678 	 -0.171435
169 	 12.861 	 16.861 	 0.171528 	 -0.297062
170 	 12.8365 	 16.8365 	 0.205739 	 -0.316374
171 	 13.35 	 17.35 	 0.104091 	 -0.229922
172 	 13.4048 	 17.4048 	 0.160402 	 -0.207656
173 	 12.9566 	 16.9566 	 0.141359 	 -0.220148
174 	 12.984 	 16.984 	 0.217597 	 -0.28195
175 	 13.3057 	 17.3057 	 0.16561 	 -0.25169
176 	 13.8655 	 17.8655 	 0.260232 	 -0.339486
177 	 13.81 	 17.81 	 0.198785 	 -0.30424
178 	 13.8353 	 17.8353 	 0.204535 	 -0.33003
179 	 14.2579 	 18.2579 	 0.19877 	 -0.299118
180 	 13.9757 	 17.9757 	 0.177133 	 -0.28023
181 	 13.9596 	 17.9596 	 0.20136 	 -0.275027
182 	 14.2674 	 18.2674 	 0.216419 	 -0.314099
183 	 14.0151 	 18.0151 	 0.215752 	 -0.299511
184 	 14.0785 	 18.0785 	 0.19082 	 -0.329195
185 	 13.7263 	 17.7263 	 0.208001 	 -0.317337
186 	 13.844 	 17.844 	 0.240936 	 -0.352883
187 	 13.4768 	 17.4768 	 0.202859 	 -0.345993
188 	 13.7727 	 17.7727 	 0.210258 	 -0.340104
189 	 13.5082 	 17.5082 	 0.231327 	 -0.373611
190 	 13.533 	 17.533 	 0.230118 	 -0.370061
191 	 13.5081 	 17.5081 	 0.233753 	 -0.356422
192 	 13.7271 	 17.7271 	 0.235404 	 -0.475148
193 	 13.5938 	 17.5938 	 0.187006 	 -0.384254
194 	 13.4649 	 17.4649 	 0.237554 	 -0.438747
195 	 13.2018 	 17.2018 	 0.229417 	 -0.367584
196 	 13.5865 	 17.5865 	 0.129256 	 -0.320036
197 	 13.3419 	 17.3419 	 0.236297 	 -0.467133
198 	 13.527 	 17.527 	 0.160065 	 -0.419874
199 	 13.3582 	 17.3582 	 0.176613 	 -0.382071
200 	 13.7636 	 17.7636 	 0.0606551 	 -0.292866
201 	 14.5575 	 18.5575 	 0.111852 	 -0.32159
202 	 14.2536 	 18.2536 	 0.177191 	 -0.33966
203 	 13.9 	 17.9 	 0.00424885 	 -0.227834
204 	 13.9181 	 17.9181 	 0.217685 	 -0.371082
205 	 13.5978 	 17.5978 	 0.211957 	 -0.361559
206 	 13.8837 	 17.8837 	 0.159594 	 -0.332218
207 	 14.522 	 18.522 	 0.123466 	 -0.272533
208 	 11.7331 	 15.7331 	 0.258704 	 -0.443033
209 	 12.7404 	 16.7404 	 0.207153 	 -0.328074
210 	 12.7625 	 16.7625 	 0.196796 	 -0.289041
211 	 11.9518 	 15.9518 	 0.25918 	 -0.353619
212 	 12.6334 	 16.6334 	 0.160841 	 -0.2884
213 	 12.1494 	 16.1494 	 0.268298 	 -0.407897
214 	 12.8777 	 16.8777 	 0.165658 	 -0.340196
215 	 12.6622 	 16.6622 	 0.259812 	 -0.348453
216 	 13.2535 	 17.2535 	 0.22045 	 -0.35519
217 	 13.3913 	 17.3913 	 0.173159 	 -0.28098
218 	 13.6844 	 17.6844 	 0.188582 	 -0.316255
219 	 13.4863 	 17.4863 	 0.176092 	 -0.3124
220 	 13.4647 	 17.4647 	 0.198083 	 -0.323698
221 	 13.3426 	 17.3426 	 0.19499 	 -0.319301
222 	 12.9713 	 16.9713 	 0.215235 	 -0.324419
223 	 13.6948 	 17.6948 	 0.206822 	 -0.351856
224 	 12.7306 	 16.7306 	 0.142847 	 -0.314275
225 	 12.7394 	 16.7394 	 0.22489 	 -0.336078
226 	 13.0516 	 17.0516 	 0.219708 	 -0.324124
227 	 12.9666 	 16.9666 	 0.139653 	 -0.245991
228 	 12.9596 	 16.9596 	 0.243081 	 -0.33238
229 	 13.1957 	 17.1957 	 0.14696 	 -0.293747
230 	 12.9405 	 16.9405 	 0.163885 	 -0.270063
231 	 12.8501 	 16.8501 	 0.190117 	 -0.298823
232 	 12.9632 	 16.9632 	 0.201463 	 -0.284627
233 	 13.2553 	 17.2553 	 0.136567 	 -0.270902
234 	 13.1009 	 17.1009 	 0.207196 	 -0.271544
235 	 12.9731 	 16.9731 	 0.221589 	 -0.302268
236 	 13.1726 	 17.1726 	 0.166006 	 -0.265491
237 	 13.0905 	 17.0905 	 0.157393 	 -0.239458
238 	 13.0591 	 17.0591 	 0.13066 	 -0.27459
239 	 13.4449 	 17.4449 	 0.163987 	 -0.283842
240 	 13.601 	 17.601 	 0.270494 	 -0.343088
241 	 14.1168 	 18.1168 	 0.207325 	 -0.277714
242 	 14.1343 	 18.1343 	 0.205258 	 -0.322826
243 	 13.9011 	 17.9011 	 0.226061 	 -0.345049
244 	 14.2119 	 18.2119 	 0.24065 	 -0.31578
245 	 14.1901 	 18.1901 	 0.19139 	 -0.279476
246 	 14.584 	 18.584 	 0.158957 	 -0.257239
247 	 14.1079 	 18.1079 	 0.191052 	 -0.284013
248 	 13.6224 	 17.6224 	 0.209102 	 -0.327415
249 	 13.5436 	 17.5436 	 0.186782 	 -0.270172
250 	 13.3844 	 17.3844 	 0.257058 	 -0.381411
251 	 13.8305 	 17.8305 	 0.184812 	 -0.286407
252 	 13.6654 	 17.6654 	 0.195345 	 -0.325011
253 	 13.2644 	 17.2644 	 0.209055 	 -0.313779
254 	 13.883 	 17.883 	 0.20461 	 -0.299
255 	 13.6546 	 17.6546 	 0.191811 	 -0.323402
256 	 13.8363 	 17.8363 	 0.236316 	 -0.303416
257 	 13.8097 	 17.8097 	 0.172137 	 -0.28679
258 	 13.5989 	 17.5989 	 0.198381 	 -0.31891
259 	 13.7439 	 17.7439 	 0.178145 	 -0.29562
260 	 13.9616 	 17.9616 	 0.195199 	 -0.263786
261 	 13.6037 	 17.6037 	 0.221359 	 -0.304145
262 	 13.7873 	 17.7873 	 0.17772 	 -0.272609
263 	 13.9594 	 17.9594 	 0.169345 	 -0.245581
264 	 13.4048 	 17.4048 	 0.184584 	 -0.266182
265 	 12.7021 	 16.7021 	 0.234308 	 -0.310757
266 	 12.8318 	 16.8318 	 0.247879 	 -0.313729
267 	 12.6274 	 16.6274 	 0.231234 	 -0.343306
268 	 12.6543 	 16.6543 	 0.278518 	 -0.350503
269 	 12.7099 	 16.7099 	 0.259869 	 -0.343137
270 	 12.953 	 16.953 	 0.258679 	 -0.326766
271 	 12.8388 	 16.8388 	 0.228648 	 -0.300941
272 	 13.0977 	 17.0977 	 0.299473 	 -0.371918
273 	 13.3369 	 17.3369 	 0.18877 	 -0.29313
274 	 13.3492 	 17.3492 	 0.226767 	 -0.317851
275 	 13.6382 	 17.6382 	 0.189455 	 -0.297842
276 	 13.4716 	 17.4716 	 0.217365 	 -0.34428
277 	 13.1247 	 17.1247 	 0.194786 	 -0.313876
278 	 13.0873 	 17.0873 	 0.23819 	 -0.327689
279 	 13.4151 	 17.4151 	 0.270541 	 -0.355823
280 	 12.6022 	 16.6022 	 0.0704027 	 -0.324088
281 	 13.1127 	 17.1127 	 0.311836 	 -0.452993
282 	 13.3125 	 17.3125 	 0.107423 	 -0.380646
283 	 13.0627 	 17.0627 	 0.114321 	 -0.288304
284 	 13.5554 	 17.5554 	 0.126763 	 -0.358623
285 	 13.1719 	 17.1719 	 -0.00713724 	 -0.131022
286 	 13.0933 	 17.0933 	 -0.00720854 	 -0.242379
287 	 13.571 	 17.571 	 0.163971 	 -0.311921
288 	 13.0506 	 17.0506 	 0.339291 	 -0.49378
289 	 12.7304 	 16.7304 	 0.263477 	 -0.38739
290 	 12.6668 	 16.6668 	 0.278137 	 -0.404098
291 	 12.5199 	 16.5199 	 0.361278 	 -0.562049
292 	 12.3176 	 16.3176 	 0.271067 	 -0.488925
293 	 12.9482 	 16.9482 	 0.290733 	 -0.502641
294 	 12.413 	 16.413 	 0.265458 	 -0.443773
295 	 12.6446 	 16.6446 	 0.25124 	 -0.423179
296 	 14.0045 	 18.0045 	 0.178694 	 -0.347652
297 	 13.9899 	 17.9899 	 0.188643 	 -0.299987
298 	 13.9938 	 17.9938 	 0.227956 	 -0.311246
299 	 13.7424 	 17.7424 	 0.206316 	 -0.364969
300 	 14.039 	 18.039 	 0.18018 	 -0.328044
301 	 13.7028 	 17.7028 	 0.138839 	 -0.334362
302 	 13.6463 	 17.6463 	 0.24415 	 -0.359462
303 	 13.6792 	 17.6792 	 0.199711 	 -0.330778
304 	 13.2063 	 17.2063 	 0.230038 	 -0.384178
305 	 13.6481 	 17.6481 	 0.210234 	 -0.359341
306 	 13.9057 	 17.9057 	 0.21942 	 -0.339598
307 	 14.0779 	 18.0779 	 0.191421 	 -0.329641
308 	 13.3691 	 17.3691 	 0.246053 	 -0.394736
309 	 13.6959 	 17.6959 	 0.231426 	 -0.371995
310 	 13.4641 	 17.4641 	 0.108529 	 -0.284585
311 	 13.4891 	 17.4891 	 0.19184 	 -0.348133
312 	 13.4853 	 17.4853 	 0.220906 	 -0.346752
313 	 13.6389 	 17.6389 	 0.235844 	 -0.33471
314 	 14.1398 	 18.1398 	 0.129754 	 -0.270771
315 	 14.4766 	 18.4766 	 0.150295 	 -0.300279
316 	 14.1465 	 18.1465 	 0.182569 	 -0.304045
317 	 14.1458 	 18.1458 	 0.232662 	 -0.304346
318 	 14.2715 	 18.2715 	 0.168502 	 -0.25776
319 	 13.7434 	 17.7434 	 0.210856 	 -0.289893
320 	 13.6187 	 17.6187 	 0.221956 	 -0.301338
321 	 13.8136 	 17.8136 	 0.206567 	 -0.288424
322 	 13.808 	 17.808 	 0.217964 	 -0.313425
323 	 13.3303 	 17.3303 	 0.19822 	 -0.314545
324 	 13.4159 	 17.4159 	 0.259705 	 -0.335217
325 	 13.7345 	 17.7345 	 0.224223 	 -0.311545
326 	 13.8951 	 17.8951 	 0.201861 	 -0.313994
327 	 14.1667 	 18.1667 	 0.13897 	 -0.222185
328 	 13.9203 	 17.9203 	 0.179011 	 -0.23739
329 	 13.7702 	 17.7702 	 0.150867 	 -0.227921
330 	 13.9866 	 17.9866 	 0.189998 	 -0.246785
331 	 14.2668 	 18.2668 	 0.147719 	 -0.236164
332 	 14.0187 	 18.0187 	 0.184822 	 -0.238631
333 	 13.7365 	 17.7365 	 0.144893 	 -0.244036
334 	 13.6384 	 17.6384 	 0.177804 	 -0.248275
335 	 13.3186 	 17.3186 	 0.215567 	 -0.319933
336 	 13.7876 	 17.7876 	 0.232345 	 -0.307756
337 	 13.816 	 17.816 	 0.200299 	 -0.2727
338 	 14.1309 	 18.1309 	 0.189106 	 -0.292259
339 	 13.6157 	 17.6157 	 0.20098 	 -0.284848
340 	 13.6886 	 17.6886 	 0.233205 	 -0.332584
341 	 13.6364 	 17.6364 	 0.21068 	 -0.280535
342 	 13.6794 	 17.6794 	 0.198089 	 -0.329247
343 	 14.0263 	 18.0263 	 0.150128 	 -0.243935
344 	 14.2222 	 18.2222 	 0.208028 	 -0.309557
345 	 14.2269 	 18.2269 	 0.245382 	 -0.300025
346 	 13.7626 	 17.7626 	 0.21454 	 -0.288562
347 	 14.5208 	 18.5208 	 0.226612 	 -0.340664
348 	 13.8458 	 17.8458 	 0.242009 	 -0.335307
349 	 13.6386 	 17.6386 	 0.244862 	 -0.329365
350 	 13.5815 	 17.5815 	 0.272633 	 -0.358644
351 	 14.7391 	 18.7391 	 0.214674 	 -0.538311
352 	 14.4449 	 18.4449 	 0.290982 	 -0.338793
353 	 14.3535 	 18.3535 	 0.206723 	 -0.31126
354 	 14.8071 	 18.8071 	 0.200699 	 -0.287263
355 	 14.2775 	 18.2775 	 0.258877 	 -0.271423
356 	 14.6119 	 18.6119 	 0.226335 	 -0.316429
357 	 14.5197 	 18.5197 	 0.236009 	 -0.350194
358 	 14.4821 	 18.4821 	 0.270266 	 -0.339428
359 	 15.0004 	 19.0004 	 0.192862 	 -0.248723
360 	 13.2579 	 17.2579 	 0.22213 	 -0.31508
361 	 13.5418 	 17.5418 	 0.177387 	 -0.275108
362 	 13.287 	 17.287 	 0.245089 	 -0.326108
363 	 13.3687 	 17.3687 	 0.228751 	 -0.296196
364 	 13.4256 	 17.4256 	 0.255929 	 -0.344148
365 	 13.2694 	 17.2694 	 0.241885 	 -0.342054
366 	 13.1014 	 17.1014 	 0.229486 	 -0.313296
367 	 13.335 	 17.335 	 0.23757 	 -0.229738
368 	 13.4673 	 17.4673 	 0.174443 	 -0.435997
369 	 13.6412 	 17.6412 	 0.278799 	 -0.497203
370 	 13.6146 	 17.6146 	 0.257334 	 -0.423903
371 	 13.0776 	 17.0776 	 0.316834 	 -0.550357
372 	 13.7216 	 17.7216 	 0.268985 	 -0.359153
373 	 13.4978 	 17.4978 	 0.465965 	 -0.727191
374 	 13.3919 	 17.3919 	 0.397454 	 -0.659121
375 	 13.6966 	 17.6966 	 0.211573 	 -0.386492
376 	 13.152 	 17.152 	 0.139973 	 -0.343491
377 	 12.8189 	 16.8189 	 0.0970345 	 -0.280795
378 	 13.0441 	 17.0441 	 0.117828 	 -0.273773
379 	 12.9141 	 16.9141 	 0.15656 	 -0.330245
380 	 13.5667 	 17.5667 	 0.171905 	 -0.284972
381 	 13.1945 	 17.1945 	 0.0412414 	 -0.208258
382 	 13.1839 	 17.1839 	 0.0790178 	 -0.272925
383 	 13.6015 	 17.6015 	 0.0564273 	 -0.274587
384 	 14.1227 	 18.1227 	 0.109145 	 -0.333374
385 	 13.9528 	 17.9528 	 0.179811 	 -0.31086
386 	 13.8053 	 17.8053 	 0.198881 	 -0.308059
387 	 13.775 	 17.775 	 0.113201 	 -0.278879
388 	 13.7873 	 17.7873 	 0.255742 	 -0.389559
389 	 13.9773 	 17.9773 	 0.128427 	 -0.300274
390 	 13.7506 	 17.7506 	 0.244913 	 -0.343573
391 	 13.9289 	 17.9289 	 0.14853 	 -0.272217
392 	 13.5891 	 17.5891 	 0.18584 	 -0.269884
393 	 14.03 	 18.03 	 0.183822 	 -0.260008
394 	 13.7236 	 17.7236 	 0.203267 	 -0.276994
395 	 13.4978 	 17.4978 	 0.224399 	 -0.334266
396 	 13.9425 	 17.9425 	 0.157306 	 -0.22923
397 	 14.1519 	 18.1519 	 0.115785 	 -0.230672
398 	 13.9568 	 17.9568 	 0.119659 	 -0.201788
399 	 13.7311 	 17.7311 	 0.192677 	 -0.272785
400 	 14.2988 	 18.2988 	 0.252701 	 -0.320157
401 	 14.7004 	 18.7004 	 0.254009 	 -0.321443
402 	 14.4494 	 18.4494 	 0.238017 	 -0.31732
403 	 14.2756 	 18.2756 	 0.230668 	 -0.262244
404 	 14.406 	 18.406 	 0.261506 	 -0.308758
405 	 14.4678 	 18.4678 	 0.247021 	 -0.292429
406 	 14.4363 	 18.4363 	 0.245949 	 -0.302233
407 	 14.8177 	 18.8177 	 0.137778 	 -0.253509
408 	 13.1313 	 17.1313 	 0.144742 	 -0.224811
409 	 12.9018 	 16.9018 	 0.205885 	 -0.279018
410 	 13.0683 	 17.0683 	 0.174811 	 -0.256685
411 	 12.9454 	 16.9454 	 0.216171 	 -0.290475
412 	 13.2856 	 17.2856 	 0.185627 	 -0.252713
413 	 13.37 	 17.37 	 0.171344 	 -0.21196
414 	 13.0384 	 17.0384 	 0.124561 	 -0.203523
415 	 13.2883 	 17.2883 	 0.208743 	 -0.213115
416 	 12.732 	 16.732 	 0.191193 	 -0.275192
417 	 13.0748 	 17.0748 	 0.194304 	 -0.286536
418 	 12.7436 	 16.7436 	 0.223778 	 -0.331176
419 	 12.5144 	 16.5144 	 0.229535 	 -0.30271
420 	 12.6941 	 16.6941 	 0.216775 	 -0.305939
421 	 12.7245 	 16.7245 	 0.275926 	 -0.358833
422 	 12.7189 	 16.7189 	 0.219116 	 -0.324541
423 	 12.9212 	 16.9212 	 0.20871 	 -0.271903
424 	 12.87 	 16.87 	 0.193848 	 -0.272652
425 	 12.7732 	 16.7732 	 0.251023 	 -0.319728
426 	 13.2561 	 17.2561 	 0.182292 	 -0.257517
427 	 12.6694 	 16.6694 	 0.196975 	 -0.299649
428 	 12.9369 	 16.9369 	 0.244062 	 -0.346541
429 	 12.7159 	 16.7159 	 0.193369 	 -0.307763
430 	 12.942 	 16.942 	 0.213028 	 -0.325995
431 	 12.8502 	 16.8502 	 0.207601 	 -0.277249
432 	 12.1929 	 16.1929 	 0.247663 	 -0.341369
433 	 12.611 	 16.611 	 0.255461 	 -0.328638
434 	 12.8008 	 16.8008 	 0.257494 	 -0.319412
435 	 12.8949 	 16.8949 	 0.228502 	 -0.294754
436 	 12.7895 	 16.7895 	 0.276976 	 -0.330372
437 	 13.1862 	 17.1862 	 0.251928 	 -0.341564
438 	 12.9376 	 16.9376 	 0.267795 	 -0.341449
439 	 13.1103 	 17.1103 	 0.212514 	 -0.269375
440 	 13.572 	 17.572 	 0.207152 	 -0.349553
441 	 13.6146 	 17.6146 	 0.109547 	 -0.233275
442 	 13.7864 	 17.7864 	 0.174497 	 -0.278941
443 	 13.893 	 17.893 	 0.0933212 	 -0.282456
444 	 13.5932 	 17.5932 	 0.253775 	 -0.377604
445 	 14.0398 	 18.0398 	 0.179031 	 -0.245891
446 	 13.5762 	 17.5762 	 0.0859421 	 -0.226916
447 	 13.8353 	 17.8353 	 0.200066 	 -0.26869
448 	 13.7245 	 17.7245 	 0.201328 	 -0.235522
449 	 13.4826 	 17.4826 	 0.188214 	 -0.294393
450 	 13.968 	 17.968 	 0.192414 	 -0.259651
451 	 13.9533 	 17.9533 	 0.170614 	 -0.280948
452 	 14.085 	 18.085 	 0.198543 	 -0.304437
453 	 13.7612 	 17.7612 	 0.240283 	 -0.399901
454 	 13.6162 	 17.6162 	 0.203637 	 -0.287578
455 	 14.0079 	 18.0079 	 0.171131 	 -0.23215
456 	 13.1458 	 17.1458 	 0.195458 	 -0.330002
457 	 13.4059 	 17.4059 	 0.187916 	 -0.255118
458 	 13.0421 	 17.0421 	 0.200676 	 -0.299061
459 	 12.8158 	 16.8158 	 0.167346 	 -0.257877
460 	 13.1737 	 17.1737 	 0.204161 	 -0.291377
461 	 13.0785 	 17.0785 	 0.238454 	 -0.315876
462 	 13.0933 	 17.0933 	 0.170651 	 -0.248246
463 	 13.5664 	 17.5664 	 0.152748 	 -0.25667
464 	 13.6097 	 17.6097 	 0.165836 	 -0.254121
465 	 13.631 	 17.631 	 0.210278 	 -0.288284
466 	 13.6617 	 17.6617 	 0.195387 	 -0.290441
467 	 13.3957 	 17.3957 	 0.157358 	 -0.2127
468 	 13.7 	 17.7 	 0.184659 	 -0.272128
469 	 13.2711 	 17.2711 	 0.185217 	 -0.273193
470 	 13.5609 	 17.5609 	 0.196191 	 -0.239993
471 	 13.7757 	 17.7757 	 0.180815 	 -0.268222
472 	 13.3218 	 17.3218 	 0.167473 	 -0.208894
473 	 12.5858 	 16.5858 	 0.238489 	 -0.299497
474 	 12.1858 	 16.1858 	 0.304576 	 -0.355571
475 	 13.0358 	 17.0358 	 0.14763 	 -0.238721
476 	 12.2708 	 16.2708 	 0.253073 	 -0.350325
477 	 12.7687 	 16.7687 	 0.222569 	 -0.257921
478 	 13.0513 	 17.0513 	 0.171042 	 -0.225808
479 	 11.8967 	 15.8967 	 0.31502 	 -0.400184
480 	 14.6728 	 18.6728 	 0.222865 	 -0.25122
481 	 14.0229 	 18.0229 	 0.23629 	 -0.278144
482 	 13.9807 	 17.9807 	 0.278439 	 -0.333703
483 	 14.4966 	 18.4966 	 0.209285 	 -0.315931
484 	 14.1914 	 18.1914 	 0.255679 	 -0.31545
485 	 13.7792 	 17.7792 	 0.34567 	 -0.437212
486 	 14.0654 	 18.0654 	 0.192634 	 -0.303403
487 	 13.7963 	 17.7963 	 0.248249 	 -0.340838
488 	 13.33 	 17.33 	 0.156504 	 -0.313266
489 	 13.3827 	 17.3827 	 0.20435 	 -0.261342
490 	 13.4461 	 17.4461 	 0.22953 	 -0.287839
491 	 13.2188 	 17.2188 	 0.258365 	 -0.244832
492 	 13.5839 	 17.5839 	 0.206617 	 -0.260127
493 	 13.0871 	 17.0871 	 0.16245 	 -0.248574
494 	 13.2941 	 17.2941 	 0.326859 	 -0.409228
495 	 13.4345 	 17.4345 	 0.200843 	 -0.235241
496 	 12.4629 	 16.4629 	 0.250268 	 -0.31684
497 	 13.559 	 17.559 	 0.212342 	 -0.216821
498 	 12.7957 	 16.7957 	 0.131541 	 -0.218501
499 	 12.1749 	 16.1749 	 0.297192 	 -0.342213
500 	 13.006 	 17.006 	 0.189069 	 -0.224905
501 	 12.348 	 16.348 	 0.308504 	 -0.381103
502 	 12.9799 	 16.9799 	 0.182498 	 -0.242041
503 	 13.5573 	 17.5573 	 0.197673 	 -0.24543
504 	 12.9847 	 16.9847 	 0.164223 	 -0.25414
505 	 12.9961 	 16.9961 	 0.316565 	 -0.266284
506 	 13.4574 	 17.4574 	 0.240559 	 -0.287478
507 	 12.722 	 16.722 	 0.0514121 	 -0.210623
508 	 13.3949 	 17.3949 	 0.277111 	 -0.302501
509 	 13.1182 	 17.1182 	 0.2728 	 -0.351872
510 	 13.1092 	 17.1092 	 0.316013 	 -0.30446
511 	 13.1053 	 17.1053 	 0.258192 	 -0.269892
512 	 12.3503 	 16.3503 	 0.280445 	 -0.264455
513 	 12.7476 	 16.7476 	 0.296415 	 -0.258591
514 	 12.5993 	 16.5993 	 0.26564 	 -0.277978
515 	 12.6193 	 16.6193 	 0.331566 	 -0.275443
516 	 12.8705 	 16.8705 	 0.331533 	 -0.282892
517 	 12.6738 	 16.6738 	 0.328977 	 -0.329848
518 	 12.367 	 16.367 	 0.372204 	 -0.339612
519 	 12.4135 	 16.4135 	 0.352568 	 -0.306998
520 	 13.7626 	 17.7626 	 0.274462 	 -0.202465
521 	 13.6757 	 17.6757 	 0.329644 	 -0.263193
522 	 13.5502 	 17.5502 	 0.318245 	 -0.25422
523 	 13.8204 	 17.8204 	 0.230939 	 -0.201287
524 	 13.8998 	 17.8998 	 0.314374 	 -0.242643
525 	 13.6835 	 17.6835 	 0.338726 	 -0.280365
526 	 13.7258 	 17.7258 	 0.297591 	 -0.251105
527 	 13.8141 	 17.8141 	 0.305787 	 -0.217413
528 	 13.4485 	 17.4485 	 0.330824 	 -0.269843
529 	 13.8796 	 17.8796 	 0.259684 	 -0.216728
530 	 13.3751 	 17.3751 	 0.335304 	 -0.281353
531 	 13.5376 	 17.5376 	 0.271303 	 -0.225346
532 	 13.6576 	 17.6576 	 0.31607 	 -0.258402
533 	 13.3164 	 17.3164 	 0.315716 	 -0.283378
534 	 13.5633 	 17.5633 	 0.251818 	 -0.20315
535 	 13.4696 	 17.4696 	 0.305979 	 -0.247069
536 	 12.6216 	 16.6216 	 0.367144 	 -0.302034
537 	 12.8578 	 16.8578 	 0.319455 	 -0.286238
538 	 13.1187 	 17.1187 	 0.321064 	 -0.312532
539 	 12.7534 	 16.7534 	 0.3477 	 -0.277395
540 	 12.9096 	 16.9096 	 0.337298 	 -0.309685
541 	 13.552 	 17.552 	 0.212305 	 -0.2201
542 	 13.1556 	 17.1556 	 0.301824 	 -0.259331
543 	 12.7901 	 16.7901 	 0.397546 	 -0.274724
544 	 12.6212 	 16.6212 	 0.395277 	 -0.330112
545 	 13.5308 	 17.5308 	 0.285853 	 -0.228584
546 	 13.1576 	 17.1576 	 0.398202 	 -0.316234
547 	 12.4464 	 16.4464 	 0.444835 	 -0.318487
548 	 13.2268 	 17.2268 	 0.341919 	 -0.233644
549 	 12.9897 	 16.9897 	 0.407183 	 -0.333951
550 	 13.5538 	 17.5538 	 0.289123 	 -0.179479
551 	 12.7411 	 16.7411 	 0.376225 	 -0.294088
552 	 18.2691 	 22.2691 	 -0.0359398 	 -0.7798
553 	 18.0125 	 22.0125 	 0.591271 	 -0.221549
554 	 18.0068 	 22.0068 	 0.541075 	 -0.207211
555 	 18.4661 	 22.4661 	 -0.0225961 	 -0.774332
556 	 17.4334 	 21.4334 	 0.593219 	 -0.285883
557 	 18.2306 	 22.2306 	 0.0914148 	 -0.796551
558 	 18.0955 	 22.0955 	 0.466559 	 -0.403653
559 	 17.8558 	 21.8558 	 0.319981 	 -0.458395
560 	 12.0147 	 16.0147 	 0.338038 	 -0.232041
561 	 11.6517 	 15.6517 	 0.36677 	 -0.327479
562 	 12.3065 	 16.3065 	 0.354095 	 -0.242674
563 	 11.9898 	 15.9898 	 0.295942 	 -0.242116
564 	 11.6597 	 15.6597 	 0.396379 	 -0.311176
565 	 12.1461 	 16.1461 	 0.333774 	 -0.311068
566 	 11.8363 	 15.8363 	 0.341118 	 -0.283676
567 	 12.204 	 16.204 	 0.362792 	 -0.273774
568 	 13.0507 	 17.0507 	 0.371037 	 -0.310328
569 	 13.5399 	 17.5399 	 0.336529 	 -0.278142
570 	 13.5608 	 17.5608 	 0.338884 	 -0.267548
571 	 13.0431 	 17.0431 	 0.381803 	 -0.303762
572 	 13.2853 	 17.2853 	 0.331684 	 -0.255957
573 	 13.1824 	 17.1824 	 0.424851 	 -0.364826
574 	 13.4624 	 17.4624 	 0.324992 	 -0.288088
575 	 13.1065 	 17.1065 	 0.391655 	 -0.320681
576 	 13.2873 	 17.2873 	 0.29157 	 -0.217029
577 	 13.1823 	 17.1823 	 0.401396 	 -0.298445
578 	 14.0214 	 18.0214 	 0.257899 	 -0.180863
579 	 13.7007 	 17.7007 	 0.212565 	 -0.153403
580 	 12.9115 	 16.9115 	 0.441078 	 -0.350636
581 	 13.8152 	 17.8152 	 0.265015 	 -0.170871
582 	 13.5634 	 17.5634 	 0.288843 	 -0.210241
583 	 12.8965 	 16.8965 	 0.366115 	 -0.256419
584 	 13.2332 	 17.2332 	 0.120806 	 -0.15151
585 	 13.6203 	 17.6203 	 0.150002 	 -0.259671
586 	 12.8229 	 16.8229 	 -0.824668 	 -1.41441
587 	 13.2293 	 17.2293 	 0.156818 	 -0.222458
588 	 12.9062 	 16.9062 	 0.251218 	 -0.34462
589 	 13.416 	 17.416 	 0.233021 	 -0.278616
590 	 12.9501 	 16.9501 	 0.228453 	 -0.329312
591 	 12.9168 	 16.9168 	 0.242694 	 -0.344104
592 	 12.2537 	 16.2537 	 0.28671 	 -0.273128
593 	 11.6749 	 15.6749 	 0.292492 	 -0.283904
594 	 12.5328 	 16.5328 	 0.324194 	 -0.359065
595 	 12.8315 	 16.8315 	 0.0560183 	 -0.143084
596 	 12.174 	 16.174 	 0.335414 	 -0.321984
597 	 12.7462 	 16.7462 	 0.190576 	 -0.287835
598 	 12.0874 	 16.0874 	 0.25838 	 -0.299625
599 	 12.4328 	 16.4328 	 0.215696 	 -0.258774
600 	 13.9276 	 17.9276 	 0.199455 	 -0.255273
601 	 13.6227 	 17.6227 	 0.168034 	 -0.244822
602 	 14.2097 	 18.2097 	 0.174208 	 -0.137603
603 	 12.9122 	 16.9122 	 0.313622 	 -0.335622
604 	 13.9179 	 17.9179 	 0.172357 	 -0.23994
605 	 13.8517 	 17.8517 	 0.0972251 	 -0.25942
606 	 13.5395 	 17.5395 	 0.196626 	 -0.164666
607 	 14.0449 	 18.0449 	 0.240554 	 -0.215262
608 	 12.4713 	 16.4713 	 0.362824 	 -0.351508
609 	 12.8376 	 16.8376 	 0.295605 	 -0.265503
610 	 13.5329 	 17.5329 	 0.304095 	 -0.238105
611 	 12.4698 	 16.4698 	 0.208248 	 -0.237738
612 	 13.4633 	 17.4633 	 0.311875 	 -0.289484
613 	 12.8196 	 16.8196 	 0.294975 	 -0.284265
614 	 13.0557 	 17.0557 	 0.335929 	 -0.297666
615 	 12.9603 	 16.9603 	 0.351429 	 -0.271348
616 	 13.4222 	 17.4222 	 0.3522 	 -0.293578
617 	 14.531 	 18.531 	 0.275697 	 -0.234862
618 	 14.7671 	 18.7671 	 0.253144 	 -0.222607
619 	 13.8834 	 17.8834 	 0.325115 	 -0.273166
620 	 14.4272 	 18.4272 	 0.262422 	 -0.243944
621 	 13.9336 	 17.9336 	 0.336106 	 -0.250096
622 	 14.4538 	 18.4538 	 0.231544 	 -0.167084
623 	 14.093 	 18.093 	 0.241061 	 -0.216988
624 	 12.423 	 16.423 	 0.316994 	 -0.264903
625 	 12.5731 	 16.5731 	 0.290547 	 -0.229073
626 	 12.5461 	 16.5461 	 0.285228 	 -0.245167
627 	 12.1298 	 16.1298 	 0.292806 	 -0.260144
628 	 12.6157 	 16.6157 	 0.305015 	 -0.21384
629 	 12.4779 	 16.4779 	 0.292238 	 -0.214816
630 	 12.3662 	 16.3662 	 0.276178 	 -0.22965
631 	 12.6115 	 16.6115 	 0.317162 	 -0.224807
632 	 12.736 	 16.736 	 0.307375 	 -0.266514
633 	 13.0973 	 17.0973 	 0.341584 	 -0.248443
634 	 13.0743 	 17.0743 	 0.306761 	 -0.251244
635 	 12.927 	 16.927 	 0.302777 	 -0.250827
636 	 13.4776 	 17.4776 	 0.31529 	 -0.234253
637 	 13.0408 	 17.0408 	 0.274284 	 -0.225978
638 	 12.8354 	 16.8354 	 0.351918 	 -0.263251
639 	 13.313 	 17.313 	 0.313244 	 -0.25531
640 	 13.7897 	 17.7897 	 0.30038 	 -0.210476
641 	 13.4731 	 17.4731 	 0.313916 	 -0.279879
642 	 13.7342 	 17.7342 	 0.346614 	 -0.249824
643 	 13.4706 	 17.4706 	 0.2968 	 -0.238414
644 	 13.8429 	 17.8429 	 0.378413 	 -0.269353
645 	 13.9637 	 17.9637 	 0.298889 	 -0.208876
646 	 14.3843 	 18.3843 	 0.295375 	 -0.173467
647 	 13.8045 	 17.8045 	 0.387 	 -0.317088
648 	 12.951 	 16.951 	 0.382349 	 -0.340332
649 	 13.257 	 17.257 	 0.384673 	 -0.312792
650 	 13.2444 	 17.2444 	 0.396238 	 -0.364995
651 	 13.3117 	 17.3117 	 0.311767 	 -0.273053
652 	 10.0787 	 14.0787 	 0.436179 	 -0.53655
653 	 13.2332 	 17.2332 	 0.342224 	 -0.285314
654 	 13.3359 	 17.3359 	 0.309299 	 -0.254682
655 	 12.9538 	 16.9538 	 0.325301 	 -0.266936
656 	 12.8555 	 16.8555 	 0.329008 	 -0.24568
657 	 13.1617 	 17.1617 	 0.329789 	 -0.255513
658 	 13.319 	 17.319 	 0.272172 	 -0.17591
659 	 12.8587 	 16.8587 	 0.319827 	 -0.261951
660 	 12.7051 	 16.7051 	 0.361797 	 -0.27753
661 	 13.7527 	 17.7527 	 0.250806 	 -0.191707
662 	 12.9905 	 16.9905 	 0.368131 	 -0.247616
663 	 12.8063 	 16.8063 	 0.345838 	 -0.248302
664 	 12.7692 	 16.7692 	 0.399736 	 -0.289038
665 	 13.5861 	 17.5861 	 0.345776 	 -0.23831
666 	 13.4328 	 17.4328 	 0.405167 	 -0.272451
667 	 13.1104 	 17.1104 	 0.348947 	 -0.284124
668 	 13.0934 	 17.0934 	 0.462774 	 -0.337751
669 	 12.6428 	 16.6428 	 0.325978 	 -0.257224
670 	 13.3991 	 17.3991 	 0.308336 	 -0.242282
671 	 13.4254 	 17.4254 	 0.375692 	 -0.303887
672 	 12.6161 	 16.6161 	 0.367329 	 -0.319877
673 	 12.9265 	 16.9265 	 0.318353 	 -0.261564
674 	 13.2572 	 17.2572 	 0.30993 	 -0.236639
675 	 13.1477 	 17.1477 	 0.347277 	 -0.289469
676 	 13.0679 	 17.0679 	 0.377527 	 -0.312762
677 	 13.18 	 17.18 	 0.321131 	 -0.25789
678 	 12.7336 	 16.7336 	 0.33557 	 -0.299407
679 	 12.9915 	 16.9915 	 0.353819 	 -0.287053
680 	 13.2662 	 17.2662 	 0.303538 	 -0.299961
681 	 13.4718 	 17.4718 	 0.276095 	 -0.363028
682 	 13.7985 	 17.7985 	 0.162263 	 -0.284037
683 	 13.9683 	 17.9683 	 0.214301 	 -0.242552
684 	 13.598 	 17.598 	 0.188244 	 -0.27431
685 	 13.3964 	 17.3964 	 0.140849 	 -0.284014
686 	 13.3037 	 17.3037 	 0.259222 	 -0.33525
687 	 13.3791 	 17.3791 	 0.134382 	 -0.312678
688 	 12.1202 	 16.1202 	 0.21723 	 -0.299212
689 	 12.0407 	 16.0407 	 0.244755 	 -0.302227
690 	 13.1748 	 17.1748 	 0.19356 	 -0.184393
691 	 12.2914 	 16.2914 	 0.35922 	 -0.386898
692 	 12.763 	 16.763 	 0.237555 	 -0.275582
693 	 12.4738 	 16.4738 	 0.13398 	 -0.244097
694 	 12.1303 	 16.1303 	 0.325346 	 -0.239128
695 	 12.6819 	 16.6819 	 0.157445 	 -0.240712
696 	 13.3646 	 17.3646 	 0.286185 	 -0.269076
697 	 13.7625 	 17.7625 	 0.192176 	 -0.228204
698 	 13.937 	 17.937 	 0.304223 	 -0.247588
699 	 12.9639 	 16.9639 	 0.229551 	 -0.299361
700 	 13.1676 	 17.1676 	 0.235433 	 -0.297901
701 	 13.2511 	 17.2511 	 0.268371 	 -0.328718
702 	 13.2306 	 17.2306 	 0.276709 	 -0.261733
703 	 13.2894 	 17.2894 	 0.229441 	 -0.23377
704 	 14.1957 	 18.1957 	 0.302423 	 -0.324874
705 	 13.7614 	 17.7614 	 0.260146 	 -0.265255
706 	 14.0331 	 18.0331 	 0.291388 	 -0.2537
707 	 13.8941 	 17.8941 	 0.332581 	 -0.337766
708 	 13.4692 	 17.4692 	 0.34533 	 -0.294829
709 	 13.2494 	 17.2494 	 0.232331 	 -0.290351
710 	 13.5328 	 17.5328 	 0.341293 	 -0.30145
711 	 13.802 	 17.802 	 0.322404 	 -0.265442
712 	 13.4444 	 17.4444 	 0.329036 	 -0.286672
713 	 13.4448 	 17.4448 	 0.193845 	 -0.195281
714 	 13.2749 	 17.2749 	 0.239667 	 -0.192302
715 	 13.4152 	 17.4152 	 0.272033 	 -0.195147
716 	 12.9 	 16.9 	 0.267383 	 -0.222984
717 	 13.1976 	 17.1976 	 0.277216 	 -0.253378
718 	 13.5589 	 17.5589 	 0.26864 	 -0.223192
719 	 13.399 	 17.399 	 0.294043 	 -0.193846
720 	 12.6153 	 16.6153 	 0.308593 	 -0.246497
721 	 13.0289 	 17.0289 	 0.320109 	 -0.264782
722 	 12.8022 	 16.8022 	 0.275173 	 -0.235464
723 	 12.4502 	 16.4502 	 0.340108 	 -0.276856
724 	 12.7864 	 16.7864 	 0.285469 	 -0.236683
725 	 12.7325 	 16.7325 	 0.284221 	 -0.246899
726 	 12.8591 	 16.8591 	 0.320676 	 -0.243022
727 	 12.4017 	 16.4017 	 0.33665 	 -0.297253
728 	 13.346 	 17.346 	 0.360259 	 -0.267747
729 	 13.5291 	 17.5291 	 0.317726 	 -0.24122
730 	 13.6807 	 17.6807 	 0.306317 	 -0.228029
731 	 13.4171 	 17.4171 	 0.249446 	 -0.192293
732 	 13.7986 	 17.7986 	 0.29078 	 -0.227585
733 	 13.1428 	 17.1428 	 0.403062 	 -0.330796
734 	 12.7495 	 16.7495 	 0.344649 	 -0.294077
735 	 13.5171 	 17.5171 	 0.30375 	 -0.21372
736 	 12.7665 	 16.7665 	 0.422372 	 -0.357342
737 	 13.2342 	 17.2342 	 0.377203 	 -0.30185
738 	 13.4983 	 17.4983 	 0.287573 	 -0.25611
739 	 13.1129 	 17.1129 	 0.373848 	 -0.314866
740 	 12.9984 	 16.9984 	 0.333555 	 -0.278925
741 	 13.2862 	 17.2862 	 0.330519 	 -0.274435
742 	 13.7313 	 17.7313 	 0.387101 	 -0.286126
743 	 12.7305 	 16.7305 	 0.388282 	 -0.327307
744 	 12.9705 	 16.9705 	 0.42285 	 -0.351629
745 	 13.4672 	 17.4672 	 0.297117 	 -0.257057
746 	 13.6075 	 17.6075 	 0.288743 	 -0.26467
747 	 13.4005 	 17.4005 	 0.333041 	 -0.296657
748 	 13.4729 	 17.4729 	 0.349332 	 -0.304746
749 	 13.5279 	 17.5279 	 0.343483 	 -0.272394
750 	 13.1574 	 17.1574 	 0.341894 	 -0.286978
751 	 13.4562 	 17.4562 	 0.347559 	 -0.289909
752 	 17.7987 	 21.7987 	 -0.0126949 	 -0.721478
753 	 17.1455 	 21.1455 	 0.241351 	 -0.548795
754 	 17.8773 	 21.8773 	 -0.141451 	 -0.698586
755 	 17.5257 	 21.5257 	 0.139322 	 -0.603001
756 	 17.5333 	 21.5333 	 -0.0122166 	 -0.706946
757 	 17.9378 	 21.9378 	 0.257734 	 -0.445493
758 	 17.622 	 21.622 	 0.0846801 	 -0.572974
759 	 17.6599 	 21.6599 	 0.166746 	 -0.67475
760 	 13.0516 	 17.0516 	 0.366555 	 -0.306411
761 	 13.6139 	 17.6139 	 0.36029 	 -0.24675
762 	 13.6385 	 17.6385 	 0.369266 	 -0.267893
763 	 13.1477 	 17.1477 	 0.339584 	 -0.291388
764 	 13.2445 	 17.2445 	 0.391865 	 -0.320672
765 	 13.4391 	 17.4391 	 0.346392 	 -0.248325
766 	 13.5843 	 17.5843 	 0.299657 	 -0.240672
767 	 13.7451 	 17.7451 	 0.318205 	 -0.243202
768 	 13.6038 	 17.6038 	 0.15049 	 -0.26208
769 	 13.8895 	 17.8895 	 0.132735 	 -0.272497
770 	 14.1106 	 18.1106 	 0.123811 	 -0.372777
771 	 13.9687 	 17.9687 	 0.107463 	 -0.277791
772 	 13.902 	 17.902 	 0.0922784 	 -0.27819
773 	 13.8483 	 17.8483 	 0.380679 	 -0.402536
774 	 13.5651 	 17.5651 	 0.153457 	 -0.290735
775 	 13.7313 	 17.7313 	 0.271723 	 -0.33025
776 	 13.0248 	 17.0248 	 0.0654623 	 -0.540816
777 	 13.2471 	 17.2471 	 0.188069 	 -0.288419
778 	 12.8845 	 16.8845 	 0.105426 	 -0.444179
779 	 12.9726 	 16.9726 	 0.279133 	 -0.601885
780 	 13.1284 	 17.1284 	 0.164386 	 -0.525378
781 	 12.8998 	 16.8998 	 0.14337 	 -0.502847
782 	 13.1785 	 17.1785 	 0.131952 	 -0.341539
783 	 12.8501 	 16.8501 	 0.185356 	 -0.427993
784 	 12.9929 	 16.9929 	 0.265487 	 -0.239318
785 	 13.3321 	 17.3321 	 0.185841 	 -0.218494
786 	 12.7213 	 16.7213 	 0.22787 	 -0.221551
787 	 12.4773 	 16.4773 	 0.254767 	 -0.293314
788 	 12.3802 	 16.3802 	 0.308858 	 -0.32779
789 	 12.4022 	 16.4022 	 0.188361 	 -0.355079
790 	 12.8311 	 16.8311 	 0.268918 	 -0.310309
791 	 12.8291 	 16.8291 	 0.262419 	 -0.303138
792 	 12.986 	 16.986 	 0.26304 	 -0.505186
793 	 13.1147 	 17.1147 	 0.144514 	 -0.456536
794 	 13.1213 	 17.1213 	 0.104136 	 -0.378279
795 	 12.5311 	 16.5311 	 0.27003 	 -0.470389
796 	 13.2571 	 17.2571 	 0.0473571 	 -0.443597
797 	 13.2308 	 17.2308 	 0.179902 	 -0.587456
798 	 12.8532 	 16.8532 	 0.122171 	 -0.517478
799 	 13.1157 	 17.1157 	 0.0997575 	 -0.494993
800 	 13.2241 	 17.2241 	 0.344088 	 -0.299095
801 	 13.3601 	 17.3601 	 0.32121 	 -0.268057
802 	 10.5151 	 14.5151 	 0.402681 	 -0.276774
803 	 13.5196 	 17.5196 	 0.209068 	 -0.161967
804 	 13.626 	 17.626 	 0.285127 	 -0.275632
805 	 13.7883 	 17.7883 	 0.135651 	 -0.172236
806 	 13.4217 	 17.4217 	 0.285081 	 -0.229736
807 	 13.5953 	 17.5953 	 0.286749 	 -0.250262
808 	 13.6964 	 17.6964 	 0.070938 	 -0.377086
809 	 13.4641 	 17.4641 	 0.121827 	 -0.414686
810 	 13.5179 	 17.5179 	 0.093323 	 -0.447661
811 	 13.2729 	 17.2729 	 0.0985514 	 -0.444251
812 	 13.2586 	 17.2586 	 0.147556 	 -0.453938
813 	 13.3704 	 17.3704 	 0.0771045 	 -0.461858
814 	 13.6308 	 17.6308 	 0.0789084 	 -0.428224
815 	 13.3522 	 17.3522 	 0.0521531 	 -0.428503
816 	 13.4456 	 17.4456 	 0.271831 	 -0.227162
817 	 13.4441 	 17.4441 	 0.319899 	 -0.232131
818 	 13.3504 	 17.3504 	 0.314116 	 -0.248967
819 	 13.307 	 17.307 	 0.309648 	 -0.250008
820 	 13.5491 	 17.5491 	 0.291851 	 -0.238241
821 	 13.2456 	 17.2456 	 0.247669 	 -0.215676
822 	 13.1153 	 17.1153 	 0.337632 	 -0.293864
823 	 13.4039 	 17.4039 	 0.33023 	 -0.265602
824 	 12.507 	 16.507 	 0.383274 	 -0.350392
825 	 12.8875 	 16.8875 	 0.330713 	 -0.277301
826 	 13.2881 	 17.2881 	 0.279092 	 -0.22431
827 	 13.0229 	 17.0229 	 0.334245 	 -0.277329
828 	 13.1615 	 17.1615 	 0.301101 	 -0.220159
829 	 12.739 	 16.739 	 0.315091 	 -0.309805
830 	 12.8439 	 16.8439 	 0.328381 	 -0.301073
831 	 13.2811 	 17.2811 	 0.340259 	 -0.27279
832 	 13.4013 	 17.4013 	 0.28356 	 -0.232731
833 	 12.9741 	 16.9741 	 0.420022 	 -0.302316
834 	 12.9879 	 16.9879 	 0.35633 	 -0.298005
835 	 13.0192 	 17.0192 	 0.282476 	 -0.189635
836 	 13.081 	 17.081 	 0.359993 	 -0.256805
837 	 13.5534 	 17.5534 	 0.219858 	 -0.146405
838 	 13.3818 	 17.3818 	 0.218668 	 -0.183333
839 	 12.9175 	 16.9175 	 0.326945 	 -0.292052
840 	 18.3006 	 22.3006 	 0.0363961 	 -0.777046
841 	 18.3435 	 22.3435 	 -0.0643118 	 -0.806268
842 	 18.3855 	 22.3855 	 -0.321076 	 -0.988919
843 	 18.5988 	 22.5988 	 0.0756634 	 -0.631382
844 	 18.4973 	 22.4973 	 -0.227247 	 -0.936898
845 	 18.4628 	 22.4628 	 0.225914 	 -0.421866
846 	 17.7556 	 21.7556 	 -0.120506 	 -0.99117
847 	 18.2933 	 22.2933 	 -0.137774 	 -0.803256
848 	 12.9464 	 16.9464 	 0.428067 	 -0.356178
849 	 12.7166 	 16.7166 	 0.391946 	 -0.340632
850 	 13.0951 	 17.0951 	 0.25972 	 -0.152354
851 	 12.5068 	 16.5068 	 0.414529 	 -0.395581
852 	 12.8271 	 16.8271 	 0.316519 	 -0.254271
853 	 12.8969 	 16.8969 	 0.402122 	 -0.35978
854 	 12.717 	 16.717 	 0.37308 	 -0.33166
855 	 12.8526 	 16.8526 	 0.289047 	 -0.253031
856 	 12.1584 	 16.1584 	 0.114764 	 -0.421508
857 	 12.7485 	 16.7485 	 -0.00481784 	 -0.463412
858 	 12.3605 	 16.3605 	 -0.0742062 	 -0.49103
859 	 11.6294 	 15.6294 	 0.0936525 	 -0.442994
860 	 12.6089 	 16.6089 	 -0.0407787 	 -0.345436
861 	 12.2826 	 16.2826 	 0.068323 	 -0.473012
862 	 12.2139 	 16.2139 	 -0.0479197 	 -0.380968
863 	 12.5211 	 16.5211 	 0.0679896 	 -0.372333
864 	 12.2439 	 16.2439 	 0.11335 	 -0.294055
865 	 13.182 	 17.182 	 0.297501 	 -0.278751
866 	 12.8354 	 16.8354 	 0.16619 	 -0.251044
867 	 13.3568 	 17.3568 	 0.132134 	 -0.243566
868 	 12.2408 	 16.2408 	 0.182237 	 -0.245353
869 	 12.475 	 16.475 	 0.218467 	 -0.253351
870 	 12.931 	 16.931 	 0.272894 	 -0.295354
871 	 12.787 	 16.787 	 0.334522 	 -0.337505
872 	 13.4232 	 17.4232 	 0.14613 	 -0.221146
873 	 13.9994 	 17.9994 	 0.192226 	 -0.207608
874 	 13.3646 	 17.3646 	 0.255758 	 -0.21096
875 	 14.0514 	 18.0514 	 0.215073 	 -0.240041
876 	 13.9213 	 17.9213 	 0.211893 	 -0.246836
877 	 13.5934 	 17.5934 	 0.239286 	 -0.226727
878 	 14.0839 	 18.0839 	 0.179041 	 -0.245498
879 	 14.1214 	 18.1214 	 0.274158 	 -0.256551
880 	 13.4102 	 17.4102 	 0.218542 	 -0.218375
881 	 14.0111 	 18.0111 	 0.12974 	 -0.135846
882 	 14.147 	 18.147 	 0.228189 	 -0.175485
883 	 13.8954 	 17.8954 	 0.171358 	 -0.0970272
884 	 13.3564 	 17.3564 	 0.250906 	 -0.194884
885 	 13.8649 	 17.8649 	 0.253825 	 -0.246131
886 	 13.6546 	 17.6546 	 0.221981 	 -0.167123
887 	 13.4646 	 17.4646 	 0.310643 	 -0.211829
888 	 13.9904 	 17.9904 	 0.142687 	 -0.151025
889 	 13.3854 	 17.3854 	 0.316028 	 -0.294538
890 	 13.2784 	 17.2784 	 0.274048 	 -0.245901
891 	 13.478 	 17.478 	 0.266401 	 -0.239554
892 	 13.1466 	 17.1466 	 0.332183 	 -0.308237
893 	 13.2174 	 17.2174 	 0.25964 	 -0.211412
894 	 13.0936 	 17.0936 	 0.338111 	 -0.311758
895 	 13.3789 	 17.3789 	 0.205075 	 -0.174268
896 	 13.8679 	 17.8679 	 0.285554 	 -0.224877
897 	 14.1686 	 18.1686 	 0.281405 	 -0.232506
898 	 13.7489 	 17.7489 	 0.359481 	 -0.267951
899 	 13.6373 	 17.6373 	 0.369454 	 -0.2202
900 	 13.5838 	 17.5838 	 0.318152 	 -0.273404
901 	 13.9934 	 17.9934 	 0.311386 	 -0.263016
902 	 13.601 	 17.601 	 0.361711 	 -0.322304
903 	 13.9183 	 17.9183 	 0.250421 	 -0.216527
904 	 12.741 	 16.741 	 0.281726 	 -0.221952
905 	 12.7951 	 16.7951 	 0.282528 	 -0.226377
906 	 12.5983 	 16.5983 	 0.355816 	 -0.211065
907 	 12.7518 	 16.7518 	 0.303519 	 -0.240137
908 	 12.712 	 16.712 	 0.281131 	 -0.20919
909 	 13.4556 	 17.4556 	 0.162608 	 -0.134295
910 	 12.5495 	 16.5495 	 0.353056 	 -0.279451
911 	 9.89699 	 13.897 	 0.34655 	 -0.29177
912 	 12.6741 	 16.6741 	 0.348967 	 -0.305937
913 	 12.6668 	 16.6668 	 0.307688 	 -0.250208
914 	 12.5509 	 16.5509 	 0.316839 	 -0.263265
915 	 12.395 	 16.395 	 0.339205 	 -0.254399
916 	 12.7051 	 16.7051 	 0.324712 	 -0.250584
917 	 12.4226 	 16.4226 	 0.339178 	 -0.272298
918 	 12.2959 	 16.2959 	 0.348077 	 -0.305754
919 	 12.8164 	 16.8164 	 0.331106 	 -0.246313
920 	 18.9317 	 22.9317 	 0.233192 	 -0.528956
921 	 18.1378 	 22.1378 	 0.243953 	 -0.543892
922 	 18.253 	 22.253 	 0.501784 	 -0.0838225
923 	 18.1993 	 22.1993 	 0.388619 	 -0.464793
924 	 18.1833 	 22.1833 	 0.125205 	 -0.682172
925 	 18.6411 	 22.6411 	 0.289302 	 -0.473687
926 	 18.4674 	 22.4674 	 0.636466 	 -0.107052
927 	 17.9581 	 21.9581 	 0.334339 	 -0.525409
928 	 12.5303 	 16.5303 	 0.0439148 	 -0.452927
929 	 12.4363 	 16.4363 	 -0.0418149 	 -0.406415
930 	 12.2806 	 16.2806 	 0.0303491 	 -0.469619
931 	 12.6316 	 16.6316 	 -0.0129289 	 -0.450728
932 	 12.6432 	 16.6432 	 -0.0145295 	 -0.505977
933 	 12.6062 	 16.6062 	 -0.0752518 	 -0.2807
934 	 12.7106 	 16.7106 	 0.000127765 	 -0.41589
935 	 12.3225 	 16.3225 	 -0.0014629 	 -0.278208
936 	 13.4421 	 17.4421 	 0.0451307 	 -0.463185
937 	 13.4808 	 17.4808 	 0.0249628 	 -0.40917
938 	 13.5359 	 17.5359 	 0.0709105 	 -0.386672
939 	 13.8705 	 17.8705 	 -0.0520698 	 -0.391661
940 	 13.329 	 17.329 	 0.0777323 	 -0.385716
941 	 13.7415 	 17.7415 	 0.0586906 	 -0.339528
942 	 13.3924 	 17.3924 	 0.141226 	 -0.385606
943 	 13.5391 	 17.5391 	 0.123375 	 -0.356323
944 	 12.9021 	 16.9021 	 0.0642719 	 -0.347589
945 	 13.3743 	 17.3743 	 0.157776 	 -0.281437
946 	 13.0975 	 17.0975 	 0.172 	 -0.332987
947 	 10.6773 	 14.6773 	 0.142889 	 -0.57666
948 	 13.1777 	 17.1777 	 0.0723922 	 -0.434169
949 	 13.252 	 17.252 	 0.175695 	 -0.402614
950 	 12.8896 	 16.8896 	 0.189436 	 -0.379083
951 	 13.1709 	 17.1709 	 0.148099 	 -0.306494
952 	 13.8239 	 17.8239 	 0.126102 	 -0.494672
953 	 14.6214 	 18.6214 	 -0.0063221 	 -0.444787
954 	 14.1182 	 18.1182 	 0.163169 	 -0.397461
955 	 13.9457 	 17.9457 	 -0.0258918 	 -0.457744
956 	 14.3101 	 18.3101 	 0.0778071 	 -0.415462
957 	 13.6405 	 17.6405 	 0.0317111 	 -0.507254
958 	 13.8901 	 17.8901 	 0.168404 	 -0.523511
959 	 14.5182 	 18.5182 	 0.0435596 	 -0.427787
960 	 13.4425 	 17.4425 	 0.189706 	 -0.379904
961 	 13.4277 	 17.4277 	 0.174532 	 -0.483697
962 	 13.8506 	 17.8506 	 0.12051 	 -0.358403
963 	 13.6302 	 17.6302 	 -0.075062 	 -0.337566
964 	 13.4638 	 17.4638 	 0.152921 	 -0.447733
965 	 13.557 	 17.557 	 0.109689 	 -0.41916
966 	 14.2458 	 18.2458 	 0.0771694 	 -0.322306
967 	 13.4294 	 17.4294 	 0.188398 	 -0.453995
968 	 11.8995 	 15.8995 	 0.169978 	 -0.500908
969 	 12.1972 	 16.1972 	 0.263804 	 -0.267074
970 	 12.1331 	 16.1331 	 0.298411 	 -0.237377
971 	 11.2479 	 15.2479 	 0.348998 	 -0.34343
972 	 11.7303 	 15.7303 	 0.344354 	 -0.293935
973 	 11.7481 	 15.7481 	 0.317907 	 -0.273065
974 	 11.9077 	 15.9077 	 0.313428 	 -0.282412
975 	 11.8108 	 15.8108 	 0.337086 	 -0.302678
976 	 13.3701 	 17.3701 	 0.188006 	 -0.237781
977 	 13.5887 	 17.5887 	 0.268611 	 -0.298549
978 	 13.2374 	 17.2374 	 0.312609 	 -0.33541
979 	 13.1954 	 17.1954 	 0.215022 	 -0.249446
980 	 13.0367 	 17.0367 	 0.239591 	 -0.277469
981 	 13.6227 	 17.6227 	 0.240104 	 -0.30131
982 	 13.0824 	 17.0824 	 0.320369 	 -0.334224
983 	 13.7356 	 17.7356 	 0.258744 	 -0.288082
984 	 13.1587 	 17.1587 	 0.246817 	 -0.26237
985 	 13.2243 	 17.2243 	 0.265287 	 -0.307482
986 	 12.7682 	 16.7682 	 0.304123 	 -0.335667
987 	 13.2347 	 17.2347 	 0.228243 	 -0.272325
988 	 13.7837 	 17.7837 	 0.24474 	 -0.270375
989 	 13.6502 	 17.6502 	 0.185873 	 -0.254164
990 	 12.6776 	 16.6776 	 0.277132 	 -0.316359
991 	 13.1706 	 17.1706 	 0.2297 	 -0.29261
992 	 13.874 	 17.874 	 0.248187 	 -0.320409
993 	 14.4356 	 18.4356 	 0.125958 	 -0.205413
994 	 13.8536 	 17.8536 	 0.244431 	 -0.296673
995 	 13.5952 	 17.5952 	 0.272401 	 -0.3481
996 	 13.9436 	 17.9436 	 0.245392 	 -0.317741
997 	 14.0232 	 18.0232 	 0.18595 	 -0.290539
998 	 14.0652 	 18.0652 	 0.187597 	 -0.2887
999 	 13.6336 	 17.6336 	 0.296031 	 -0.350189
1000 	 13.3169 	 17.3169 	 0.334504 	 -0.361544
1001 	 12.9436 	 16.9436 	 0.319085 	 -0.35162
1002 	 13.4583 	 17.4583 	 0.251083 	 -0.308922
1003 	 12.9858 	 16.9858 	 0.280153 	 -0.348291
1004 	 13.4433 	 17.4433 	 0.318758 	 -0.375312
1005 	 13.1335 	 17.1335 	 0.229744 	 -0.312513
1006 	 13.6348 	 17.6348 	 0.237572 	 -0.292578
1007 	 13.7733 	 17.7733 	 0.218358 	 -0.285308
1008 	 12.5659 	 16.5659 	 0.275898 	 -0.393095
1009 	 12.6477 	 16.6477 	 0.312114 	 -0.427472
1010 	 12.749 	 16.749 	 0.277983 	 -0.388696
1011 	 12.9291 	 16.9291 	 0.286561 	 -0.407126
1012 	 12.5802 	 16.5802 	 0.25364 	 -0.365889
1013 	 12.923 	 16.923 	 0.264441 	 -0.367899
1014 	 13.2362 	 17.2362 	 0.246993 	 -0.37137
1015 	 12.7567 	 16.7567 	 0.255068 	 -0.394839
1016 	 12.3725 	 16.3725 	 0.300449 	 -0.43123
1017 	 13.1582 	 17.1582 	 0.179363 	 -0.321424
1018 	 12.6535 	 16.6535 	 0.270601 	 -0.39167
1019 	 12.8643 	 16.8643 	 0.247504 	 -0.402724
1020 	 12.6531 	 16.6531 	 0.290387 	 -0.416974
1021 	 13.0505 	 17.0505 	 0.221949 	 -0.359154
1022 	 12.7234 	 16.7234 	 0.277994 	 -0.404587
1023 	 12.9192 	 16.9192 	 0.24829 	 -0.399396
1024 	 13.314 	 17.314 	 0.217042 	 -0.305473
1025 	 12.9934 	 16.9934 	 0.253057 	 -0.314314
1026 	 13.4364 	 17.4364 	 0.197763 	 -0.297063
1027 	 13.0713 	 17.0713 	 0.297351 	 -0.418659
1028 	 13.3824 	 17.3824 	 0.187804 	 -0.303034
1029 	 12.8639 	 16.8639 	 0.256451 	 -0.391995
1030 	 13.1068 	 17.1068 	 0.266114 	 -0.346484
1031 	 12.9408 	 16.9408 	 0.24224 	 -0.330987
1032 	 13.7602 	 17.7602 	 0.20334 	 -0.305942
1033 	 13.5175 	 17.5175 	 0.264964 	 -0.341804
1034 	 13.6617 	 17.6617 	 0.220205 	 -0.310925
1035 	 13.4073 	 17.4073 	 0.209486 	 -0.301638
1036 	 13.3455 	 17.3455 	 0.224937 	 -0.300908
1037 	 12.8749 	 16.8749 	 0.295986 	 -0.362205
1038 	 13.4844 	 17.4844 	 0.172152 	 -0.278984
1039 	 14.1454 	 18.1454 	 0.183777 	 -0.304937
1040 	 12.7974 	 16.7974 	 0.281029 	 -0.3464
1041 	 12.5015 	 16.5015 	 0.287513 	 -0.394645
1042 	 12.5509 	 16.5509 	 0.287892 	 -0.385754
1043 	 12.437 	 16.437 	 0.167651 	 -0.309302
1044 	 12.9375 	 16.9375 	 0.278051 	 -0.396408
1045 	 12.7827 	 16.7827 	 0.234418 	 -0.320715
1046 	 12.5176 	 16.5176 	 0.253829 	 -0.337432
1047 	 12.9201 	 16.9201 	 0.255697 	 -0.328804
1048 	 14.0112 	 18.0112 	 0.160598 	 -0.335769
1049 	 14.3536 	 18.3536 	 0.18855 	 -0.327275
1050 	 14.4019 	 18.4019 	 0.209792 	 -0.353662
1051 	 14.4413 	 18.4413 	 0.0834227 	 -0.31886
1052 	 14.4821 	 18.4821 	 0.176113 	 -0.303107
1053 	 14.3394 	 18.3394 	 0.164522 	 -0.338817
1054 	 14.3102 	 18.3102 	 0.133587 	 -0.339213
1055 	 14.6196 	 18.6196 	 0.163868 	 -0.282682
1056 	 13.4503 	 17.4503 	 0.126343 	 -0.355583
1057 	 13.9381 	 17.9381 	 0.152504 	 -0.368532
1058 	 13.5303 	 17.5303 	 0.0781274 	 -0.286563
1059 	 13.0909 	 17.0909 	 0.0848816 	 -0.298845
1060 	 13.1927 	 17.1927 	 0.185792 	 -0.375096
1061 	 13.1824 	 17.1824 	 0.0788151 	 -0.315876
1062 	 13.3731 	 17.3731 	 0.225484 	 -0.409689
1063 	 13.4181 	 17.4181 	 0.0859841 	 -0.326339
1064 	 13.9536 	 17.9536 	 0.185796 	 -0.35786
1065 	 13.7229 	 17.7229 	 0.218446 	 -0.386718
1066 	 13.5838 	 17.5838 	 0.0837459 	 -0.308387
1067 	 12.8611 	 16.8611 	 0.248571 	 -0.462733
1068 	 13.1682 	 17.1682 	 0.20314 	 -0.389511
1069 	 13.2372 	 17.2372 	 0.177134 	 -0.398684
1070 	 13.4271 	 17.4271 	 0.222101 	 -0.393928
1071 	 13.6998 	 17.6998 	 0.220375 	 -0.362032
1072 	 14.2474 	 18.2474 	 0.231335 	 -0.285725
1073 	 13.2756 	 17.2756 	 0.252295 	 -0.329894
1074 	 13.7743 	 17.7743 	 0.266162 	 -0.279415
1075 	 13.5399 	 17.5399 	 0.309458 	 -0.347458
1076 	 13.2558 	 17.2558 	 0.361046 	 -0.409027
1077 	 13.451 	 17.451 	 0.326568 	 -0.356243
1078 	 13.3695 	 17.3695 	 0.268057 	 -0.300885
1079 	 13.3274 	 17.3274 	 0.288434 	 -0.322414
1080 	 13.4417 	 17.4417 	 0.285326 	 -0.339871
1081 	 14.0636 	 18.0636 	 0.19791 	 -0.27429
1082 	 14.3161 	 18.3161 	 0.225997 	 -0.277519
1083 	 14.0486 	 18.0486 	 0.231888 	 -0.332496
1084 	 13.8295 	 17.8295 	 0.259506 	 -0.352035
1085 	 13.5888 	 17.5888 	 0.222972 	 -0.26294
1086 	 13.8748 	 17.8748 	 0.206635 	 -0.308644
1087 	 13.9226 	 17.9226 	 0.26868 	 -0.311021
1088 	 12.697 	 16.697 	 0.376245 	 -0.434029
1089 	 13.4258 	 17.4258 	 0.262508 	 -0.326259
1090 	 13.7281 	 17.7281 	 0.226103 	 -0.311766
1091 	 13.5251 	 17.5251 	 0.110273 	 -0.19993
1092 	 13.9503 	 17.9503 	 0.196514 	 -0.292747
1093 	 12.4009 	 16.4009 	 0.302249 	 -0.345356
1094 	 13.7087 	 17.7087 	 0.26085 	 -0.3468
1095 	 13.5944 	 17.5944 	 0.22632 	 -0.296904
1096 	 12.5376 	 16.5376 	 0.394456 	 -0.414115
1097 	 13.5141 	 17.5141 	 0.223606 	 -0.298712
1098 	 13.2597 	 17.2597 	 0.276256 	 -0.314896
1099 	 13.0505 	 17.0505 	 0.384701 	 -0.384853
1100 	 13.0334 	 17.0334 	 0.222764 	 -0.309604
1101 	 13.2644 	 17.2644 	 0.293071 	 -0.318075
1102 	 13.3523 	 17.3523 	 0.302627 	 -0.348127
1103 	 13.4914 	 17.4914 	 0.238987 	 -0.293502
1104 	 12.9126 	 16.9126 	 0.257983 	 -0.382553
1105 	 12.9741 	 16.9741 	 0.247765 	 -0.346964
1106 	 13.3682 	 17.3682 	 0.296752 	 -0.395548
1107 	 12.9189 	 16.9189 	 0.18088 	 -0.336324
1108 	 13.1148 	 17.1148 	 0.281975 	 -0.389416
1109 	 12.9352 	 16.9352 	 0.31976 	 -0.433359
1110 	 12.693 	 16.693 	 0.361636 	 -0.451912
1111 	 13.1867 	 17.1867 	 0.313153 	 -0.392162
1112 	 13.1505 	 17.1505 	 0.260445 	 -0.394148
1113 	 13.0985 	 17.0985 	 0.229411 	 -0.365865
1114 	 13.4366 	 17.4366 	 0.197234 	 -0.341292
1115 	 13.4264 	 17.4264 	 0.183833 	 -0.364273
1116 	 13.2888 	 17.2888 	 0.206675 	 -0.356542
1117 	 13.102 	 17.102 	 0.205991 	 -0.343615
1118 	 13.7731 	 17.7731 	 0.182255 	 -0.31747
1119 	 13.2562 	 17.2562 	 0.241411 	 -0.337817
1120 	 13.7174 	 17.7174 	 0.164361 	 -0.294861
1121 	 13.3009 	 17.3009 	 0.207381 	 -0.341141
1122 	 13.5268 	 17.5268 	 0.26996 	 -0.389415
1123 	 13.3326 	 17.3326 	 0.243611 	 -0.348118
1124 	 13.8068 	 17.8068 	 0.201167 	 -0.345241
1125 	 13.6201 	 17.6201 	 0.288281 	 -0.385365
1126 	 13.3167 	 17.3167 	 0.29877 	 -0.39401
1127 	 13.3748 	 17.3748 	 0.323084 	 -0.418687
1128 	 13.5557 	 17.5557 	 0.196065 	 -0.26745
1129 	 13.7164 	 17.7164 	 0.169248 	 -0.304594
1130 	 14.2186 	 18.2186 	 0.0978275 	 -0.268577
1131 	 13.2874 	 17.2874 	 0.230821 	 -0.331515
1132 	 13.7573 	 17.7573 	 0.227395 	 -0.342937
1133 	 13.3868 	 17.3868 	 0.122019 	 -0.263414
1134 	 13.6075 	 17.6075 	 0.214584 	 -0.32879
1135 	 13.7225 	 17.7225 	 0.205918 	 -0.314167
1136 	 12.5561 	 16.5561 	 0.244574 	 -0.377893
1137 	 12.516 	 16.516 	 0.226126 	 -0.367787
1138 	 13.1939 	 17.1939 	 0.215803 	 -0.308104
1139 	 12.4735 	 16.4735 	 0.18331 	 -0.338556
1140 	 12.8426 	 16.8426 	 0.218552 	 -0.370741
1141 	 12.7358 	 16.7358 	 0.18894 	 -0.342743
1142 	 12.2657 	 16.2657 	 0.258743 	 -0.401448
1143 	 12.6006 	 16.6006 	 0.314723 	 -0.406183
1144 	 13.9119 	 17.9119 	 0.257764 	 -0.395516
1145 	 14.441 	 18.441 	 0.0229177 	 -0.216846
1146 	 14.0185 	 18.0185 	 0.11848 	 -0.328747
1147 	 13.9371 	 17.9371 	 0.13517 	 -0.304966
1148 	 14.1068 	 18.1068 	 0.122681 	 -0.30626
1149 	 13.7242 	 17.7242 	 0.101928 	 -0.26167
1150 	 13.6636 	 17.6636 	 0.156473 	 -0.260791
1151 	 14.4085 	 18.4085 	 0.160527 	 -0.323387
1152 	 12.6918 	 16.6918 	 0.195716 	 -0.381167
1153 	 13.9032 	 17.9032 	 0.0650954 	 -0.304886
1154 	 12.9607 	 16.9607 	 0.220955 	 -0.419467
1155 	 12.7475 	 16.7475 	 0.205483 	 -0.382773
1156 	 13.4939 	 17.4939 	 0.1269 	 -0.328534
1157 	 12.9169 	 16.9169 	 0.196788 	 -0.376247
1158 	 12.8408 	 16.8408 	 0.221166 	 -0.387733
1159 	 12.9313 	 16.9313 	 0.13848 	 -0.320964
1160 	 13.8945 	 17.8945 	 0.174136 	 -0.37897
1161 	 14.2779 	 18.2779 	 0.158758 	 -0.303068
1162 	 14.1113 	 18.1113 	 0.182249 	 -0.295442
1163 	 13.9581 	 17.9581 	 0.106995 	 -0.289607
1164 	 13.9525 	 17.9525 	 0.156595 	 -0.37175
1165 	 14.0476 	 18.0476 	 0.104248 	 -0.247158
1166 	 14.2984 	 18.2984 	 0.234772 	 -0.385581
1167 	 13.6681 	 17.6681 	 0.196008 	 -0.364996
1168 	 13.8725 	 17.8725 	 0.298436 	 -0.364743
1169 	 14.2731 	 18.2731 	 0.293861 	 -0.310019
1170 	 14.2906 	 18.2906 	 0.194765 	 -0.308164
1171 	 14.13 	 18.13 	 0.219824 	 -0.264166
1172 	 14.3867 	 18.3867 	 0.259437 	 -0.319292
1173 	 14.009 	 18.009 	 0.374243 	 -0.416054
1174 	 14.0275 	 18.0275 	 0.289554 	 -0.344995
1175 	 13.4193 	 17.4193 	 0.336949 	 -0.365738
1176 	 13.2963 	 17.2963 	 0.231937 	 -0.325408
1177 	 13.288 	 17.288 	 0.210164 	 -0.291937
1178 	 12.6921 	 16.6921 	 0.21606 	 -0.275822
1179 	 13.0698 	 17.0698 	 0.303225 	 -0.385489
1180 	 12.421 	 16.421 	 0.267043 	 -0.307088
1181 	 13.0573 	 17.0573 	 0.29301 	 -0.371557
1182 	 12.499 	 16.499 	 0.393231 	 -0.472872
1183 	 12.3407 	 16.3407 	 0.248818 	 -0.298518
1184 	 13.2407 	 17.2407 	 0.189344 	 -0.322951
1185 	 13.1463 	 17.1463 	 0.213373 	 -0.318911
1186 	 14.4685 	 18.4685 	 0.124001 	 -0.277102
1187 	 13.3367 	 17.3367 	 0.252201 	 -0.362083
1188 	 13.5674 	 17.5674 	 0.289524 	 -0.385099
1189 	 12.9826 	 16.9826 	 0.227017 	 -0.31482
1190 	 12.8173 	 16.8173 	 0.287523 	 -0.393365
1191 	 13.5994 	 17.5994 	 0.21669 	 -0.332557
1192 	 12.731 	 16.731 	 0.258675 	 -0.377787
1193 	 13.3143 	 17.3143 	 0.331836 	 -0.357931
1194 	 12.8637 	 16.8637 	 0.311553 	 -0.37981
1195 	 13.0939 	 17.0939 	 0.331317 	 -0.421438
1196 	 13.3432 	 17.3432 	 0.234371 	 -0.31871
1197 	 12.7284 	 16.7284 	 0.260713 	 -0.344673
1198 	 13.1228 	 17.1228 	 0.196684 	 -0.310402
1199 	 13.8038 	 17.8038 	 0.176811 	 -0.309839
1200 	 13.7059 	 17.7059 	 0.264067 	 -0.408174
1201 	 13.7158 	 17.7158 	 0.171584 	 -0.32659
1202 	 13.7841 	 17.7841 	 0.225228 	 -0.382473
1203 	 13.9637 	 17.9637 	 0.241994 	 -0.385947
1204 	 13.5973 	 17.5973 	 0.276014 	 -0.391434
1205 	 13.4588 	 17.4588 	 0.242517 	 -0.310025
1206 	 13.5457 	 17.5457 	 0.192933 	 -0.352662
1207 	 14.1274 	 18.1274 	 0.161646 	 -0.30817
1208 	 13.0145 	 17.0145 	 0.287435 	 -0.403754
1209 	 13.6613 	 17.6613 	 0.153602 	 -0.300637
1210 	 13.835 	 17.835 	 0.211825 	 -0.327369
1211 	 13.0926 	 17.0926 	 0.255399 	 -0.389745
1212 	 13.6835 	 17.6835 	 0.192502 	 -0.315051
1213 	 13.0894 	 17.0894 	 0.282372 	 -0.371696
1214 	 13.5514 	 17.5514 	 0.18649 	 -0.285968
1215 	 13.4776 	 17.4776 	 0.207174 	 -0.302146
1216 	 13.7543 	 17.7543 	 0.191298 	 -0.278439
1217 	 13.7569 	 17.7569 	 0.204721 	 -0.316062
1218 	 13.4643 	 17.4643 	 0.279893 	 -0.381695
1219 	 13.6964 	 17.6964 	 0.173984 	 -0.314388
1220 	 13.5202 	 17.5202 	 0.256889 	 -0.388643
1221 	 14.0642 	 18.0642 	 0.14171 	 -0.267529
1222 	 13.4794 	 17.4794 	 0.218748 	 -0.338138
1223 	 13.541 	 17.541 	 0.225092 	 -0.339134
1224 	 13.6185 	 17.6185 	 0.270199 	 -0.367205
1225 	 13.5789 	 17.5789 	 0.195902 	 -0.325861
1226 	 13.6575 	 17.6575 	 0.222739 	 -0.326756
1227 	 13.4134 	 17.4134 	 0.217333 	 -0.355367
1228 	 13.2613 	 17.2613 	 0.314378 	 -0.409325
1229 	 13.7188 	 17.7188 	 0.181287 	 -0.312607
1230 	 13.3485 	 17.3485 	 0.283981 	 -0.410063
1231 	 13.5714 	 17.5714 	 0.200609 	 -0.314056
1232 	 14.4622 	 18.4622 	 0.195485 	 -0.385537
1233 	 14.8546 	 18.8546 	 0.0995345 	 -0.24255
1234 	 14.7974 	 18.7974 	 0.176992 	 -0.359609
1235 	 14.4127 	 18.4127 	 0.165815 	 -0.310417
1236 	 14.6753 	 18.6753 	 0.181771 	 -0.367156
1237 	 14.159 	 18.159 	 0.201664 	 -0.378913
1238 	 14.9348 	 18.9348 	 0.0461209 	 -0.293521
1239 	 14.9966 	 18.9966 	 0.244958 	 -0.376674
1240 	 14.4013 	 18.4013 	 0.114381 	 -0.33995
1241 	 13.7597 	 17.7597 	 0.124528 	 -0.335026
1242 	 13.022 	 17.022 	 0.168305 	 -0.359379
1243 	 13.5795 	 17.5795 	 0.0860501 	 -0.295307
1244 	 13.2571 	 17.2571 	 0.168944 	 -0.383294
1245 	 13.7755 	 17.7755 	 0.1404 	 -0.354297
1246 	 13.6839 	 17.6839 	 0.128013 	 -0.348328
1247 	 13.078 	 17.078 	 0.130999 	 -0.355615
1248 	 4.51553 	 8.51553 	 0.219668 	 -0.475428
1249 	 13.6131 	 17.6131 	 0.131517 	 -0.320028
1250 	 13.9193 	 17.9193 	 0.0422421 	 -0.27932
1251 	 13.4669 	 17.4669 	 0.162016 	 -0.32292
1252 	 13.3377 	 17.3377 	 0.0668323 	 -0.254422
1253 	 13.6369 	 17.6369 	 0.139001 	 -0.370825
1254 	 13.3352 	 17.3352 	 0.191297 	 -0.375428
1255 	 13.1013 	 17.1013 	 0.209753 	 -0.386047
1256 	 13.8807 	 17.8807 	 0.279202 	 -0.343444
1257 	 14.4403 	 18.4403 	 0.194624 	 -0.258347
1258 	 13.5737 	 17.5737 	 0.231961 	 -0.287406
1259 	 13.5384 	 17.5384 	 0.256563 	 -0.306496
1260 	 13.856 	 17.856 	 0.283079 	 -0.33
1261 	 14.1183 	 18.1183 	 0.263693 	 -0.302711
1262 	 14.08 	 18.08 	 0.239399 	 -0.309852
1263 	 14.2115 	 18.2115 	 0.217422 	 -0.271817
1264 	 13.1136 	 17.1136 	 0.318765 	 -0.352626
1265 	 13.2059 	 17.2059 	 0.353254 	 -0.380518
1266 	 13.4187 	 17.4187 	 0.257373 	 -0.284437
1267 	 13.2228 	 17.2228 	 0.306917 	 -0.344522
1268 	 12.11 	 16.11 	 0.300167 	 -0.382459
1269 	 12.9349 	 16.9349 	 0.366072 	 -0.396762
1270 	 13.0066 	 17.0066 	 0.274722 	 -0.325036
1271 	 13.3676 	 17.3676 	 0.271873 	 -0.318471
1272 	 12.7315 	 16.7315 	 0.257783 	 -0.372141
1273 	 12.904 	 16.904 	 0.298191 	 -0.395393
1274 	 13.2122 	 17.2122 	 0.196995 	 -0.347828
1275 	 13.181 	 17.181 	 0.234335 	 -0.375886
1276 	 13.1198 	 17.1198 	 0.243762 	 -0.342589
1277 	 13.0909 	 17.0909 	 0.281622 	 -0.347249
1278 	 13.1378 	 17.1378 	 0.178761 	 -0.29578
1279 	 13.3287 	 17.3287 	 0.180984 	 -0.302814
1280 	 13.1974 	 17.1974 	 0.179389 	 -0.287439
1281 	 13.3202 	 17.3202 	 0.180871 	 -0.319492
1282 	 12.947 	 16.947 	 0.23126 	 -0.356164
1283 	 13.1284 	 17.1284 	 0.154329 	 -0.298164
1284 	 13.6267 	 17.6267 	 0.179534 	 -0.31364
1285 	 13.2076 	 17.2076 	 0.200485 	 -0.26702
1286 	 13.4651 	 17.4651 	 0.208588 	 -0.329172
1287 	 13.6286 	 17.6286 	 0.186507 	 -0.28316
1288 	 14.0058 	 18.0058 	 0.272371 	 -0.325395
1289 	 13.4256 	 17.4256 	 0.192755 	 -0.323794
1290 	 13.6709 	 17.6709 	 0.155178 	 -0.290001
1291 	 13.6636 	 17.6636 	 0.154771 	 -0.259065
1292 	 13.2475 	 17.2475 	 0.283249 	 -0.387867
1293 	 13.2276 	 17.2276 	 0.297912 	 -0.366504
1294 	 13.12 	 17.12 	 0.220771 	 -0.334084
1295 	 13.088 	 17.088 	 0.334973 	 -0.408334
1296 	 14.2485 	 18.2485 	 0.181566 	 -0.32867
1297 	 14.2922 	 18.2922 	 0.187342 	 -0.325617
1298 	 14.3534 	 18.3534 	 0.174238 	 -0.284211
1299 	 14.3516 	 18.3516 	 0.13829 	 -0.287257
1300 	 14.0329 	 18.0329 	 0.190722 	 -0.332942
1301 	 13.8129 	 17.8129 	 0.150958 	 -0.334976
1302 	 13.9343 	 17.9343 	 0.17057 	 -0.331501
1303 	 14.1964 	 18.1964 	 0.115082 	 -0.262346
1304 	 12.868 	 16.868 	 0.33527 	 -0.411348
1305 	 13.1766 	 17.1766 	 0.263246 	 -0.350402
1306 	 13.0923 	 17.0923 	 0.240537 	 -0.34109
1307 	 13.12 	 17.12 	 0.289327 	 -0.349518
1308 	 12.9169 	 16.9169 	 0.288222 	 -0.370329
1309 	 12.9528 	 16.9528 	 0.269294 	 -0.367654
1310 	 12.7982 	 16.7982 	 0.236332 	 -0.35591
1311 	 13.184 	 17.184 	 0.216688 	 -0.33537
1312 	 13.3144 	 17.3144 	 0.225579 	 -0.358398
1313 	 13.7421 	 17.7421 	 0.149599 	 -0.275131
1314 	 13.653 	 17.653 	 0.158769 	 -0.280043
1315 	 13.7502 	 17.7502 	 0.174327 	 -0.285086
1316 	 13.2586 	 17.2586 	 0.199387 	 -0.33647
1317 	 13.9045 	 17.9045 	 0.0476512 	 -0.22335
1318 	 14.1019 	 18.1019 	 0.0657507 	 -0.242142
1319 	 13.3548 	 17.3548 	 0.231634 	 -0.352632
1320 	 15.1305 	 19.1305 	 0.209753 	 -0.376478
1321 	 14.6679 	 18.6679 	 0.212969 	 -0.396372
1322 	 14.3308 	 18.3308 	 0.213266 	 -0.392952
1323 	 14.7106 	 18.7106 	 0.247555 	 -0.417765
1324 	 14.1594 	 18.1594 	 0.308193 	 -0.478684
1325 	 14.2802 	 18.2802 	 0.0853866 	 -0.313018
1326 	 14.6359 	 18.6359 	 0.26239 	 -0.434682
1327 	 14.1563 	 18.1563 	 0.196967 	 -0.378361
1328 	 12.3987 	 16.3987 	 0.23122 	 -0.415105
1329 	 13.5158 	 17.5158 	 0.260389 	 -0.415399
1330 	 14.2174 	 18.2174 	 0.161414 	 -0.359321
1331 	 13.4888 	 17.4888 	 0.239662 	 -0.385771
1332 	 14.2725 	 18.2725 	 0.124158 	 -0.335511
1333 	 13.5007 	 17.5007 	 0.235749 	 -0.409975
1334 	 13.3977 	 17.3977 	 0.192318 	 -0.413632
1335 	 14.2726 	 18.2726 	 0.133323 	 -0.33006
1336 	 13.3568 	 17.3568 	 0.141 	 -0.304585
1337 	 13.7136 	 17.7136 	 0.104534 	 -0.277181
1338 	 14.0271 	 18.0271 	 0.0771044 	 -0.267562
1339 	 13.9704 	 17.9704 	 0.137747 	 -0.293469
1340 	 14.0202 	 18.0202 	 0.117109 	 -0.357542
1341 	 13.9346 	 17.9346 	 0.151549 	 -0.311617
1342 	 13.5662 	 17.5662 	 0.146741 	 -0.351767
1343 	 13.964 	 17.964 	 0.111769 	 -0.321365
1344 	 13.0463 	 17.0463 	 0.183947 	 -0.265396
1345 	 12.6103 	 16.6103 	 0.333728 	 -0.39143
1346 	 12.2976 	 16.2976 	 0.24245 	 -0.299949
1347 	 12.6612 	 16.6612 	 0.241167 	 -0.298817
1348 	 12.3707 	 16.3707 	 0.358491 	 -0.376471
1349 	 12.6318 	 16.6318 	 0.29301 	 -0.387482
1350 	 12.8008 	 16.8008 	 0.286169 	 -0.333168
1351 	 12.1238 	 16.1238 	 0.230679 	 -0.298894
1352 	 12.7213 	 16.7213 	 0.267124 	 -0.363644
1353 	 12.4361 	 16.4361 	 0.316051 	 -0.414864
1354 	 12.3309 	 16.3309 	 0.378862 	 -0.435974
1355 	 12.2244 	 16.2244 	 0.391709 	 -0.435383
1356 	 12.9894 	 16.9894 	 0.282424 	 -0.341975
1357 	 12.5426 	 16.5426 	 0.314141 	 -0.408479
1358 	 12.6398 	 16.6398 	 0.311803 	 -0.404502
1359 	 12.6837 	 16.6837 	 0.245653 	 -0.364786
1360 	 13.9766 	 17.9766 	 0.167109 	 -0.294787
1361 	 13.6683 	 17.6683 	 0.184164 	 -0.3095
1362 	 13.5822 	 17.5822 	 0.315361 	 -0.396203
1363 	 13.8734 	 17.8734 	 0.177018 	 -0.303292
1364 	 13.4381 	 17.4381 	 0.273527 	 -0.3613
1365 	 13.9999 	 17.9999 	 0.226452 	 -0.345792
1366 	 13.8287 	 17.8287 	 0.260784 	 -0.367209
1367 	 13.3744 	 17.3744 	 0.227726 	 -0.315943
1368 	 13.7347 	 17.7347 	 0.292794 	 -0.428137
1369 	 13.5724 	 17.5724 	 0.224619 	 -0.376393
1370 	 13.8222 	 17.8222 	 0.240908 	 -0.389123
1371 	 13.553 	 17.553 	 0.241489 	 -0.38684
1372 	 13.6292 	 17.6292 	 0.27828 	 -0.388019
1373 	 13.7133 	 17.7133 	 0.24263 	 -0.36903
1374 	 13.4967 	 17.4967 	 0.131256 	 -0.289649
1375 	 13.6862 	 17.6862 	 0.199824 	 -0.332766
1376 	 12.4483 	 16.4483 	 0.168605 	 -0.308066
1377 	 12.8321 	 16.8321 	 0.172863 	 -0.326053
1378 	 12.9273 	 16.9273 	 0.162831 	 -0.315254
1379 	 12.7462 	 16.7462 	 0.183113 	 -0.299942
1380 	 12.4827 	 16.4827 	 0.250808 	 -0.357892
1381 	 12.6129 	 16.6129 	 0.1909 	 -0.333105
1382 	 12.7777 	 16.7777 	 0.118056 	 -0.298203
1383 	 12.8911 	 16.8911 	 0.199236 	 -0.329237
1384 	 12.6055 	 16.6055 	 0.277601 	 -0.388943
1385 	 11.841 	 15.841 	 0.389536 	 -0.260397
1386 	 12.8235 	 16.8235 	 0.258463 	 -0.36617
1387 	 12.7347 	 16.7347 	 0.256525 	 -0.376789
1388 	 13.2032 	 17.2032 	 0.217094 	 -0.336202
1389 	 12.7192 	 16.7192 	 0.269086 	 -0.404016
1390 	 13.0478 	 17.0478 	 0.190737 	 -0.314774
1391 	 12.7245 	 16.7245 	 0.202971 	 -0.314703
1392 	 13.367 	 17.367 	 0.244606 	 -0.363896
1393 	 13.1959 	 17.1959 	 0.26399 	 -0.361225
1394 	 13.2015 	 17.2015 	 0.244745 	 -0.40224
1395 	 13.3766 	 17.3766 	 0.182932 	 -0.296865
1396 	 13.4081 	 17.4081 	 0.257246 	 -0.398995
1397 	 13.0032 	 17.0032 	 0.252755 	 -0.394587
1398 	 13.4697 	 17.4697 	 0.238469 	 -0.369092
1399 	 13.909 	 17.909 	 0.0806457 	 -0.237992
1400 	 13.2449 	 17.2449 	 0.268201 	 -0.436003
1401 	 13.992 	 17.992 	 0.196389 	 -0.396499
1402 	 13.7183 	 17.7183 	 0.215716 	 -0.367653
1403 	 13.8128 	 17.8128 	 0.21986 	 -0.400635
1404 	 13.7264 	 17.7264 	 0.263197 	 -0.414296
1405 	 13.9539 	 17.9539 	 0.179909 	 -0.361747
1406 	 12.6643 	 16.6643 	 0.391124 	 -0.451543
1407 	 13.8061 	 17.8061 	 0.208048 	 -0.420967
1408 	 12.9705 	 16.9705 	 0.225475 	 -0.377115
1409 	 13.1164 	 17.1164 	 0.181468 	 -0.342417
1410 	 12.7041 	 16.7041 	 0.248522 	 -0.388348
1411 	 12.7128 	 16.7128 	 0.261163 	 -0.413435
1412 	 13.0873 	 17.0873 	 0.214008 	 -0.357121
1413 	 12.3987 	 16.3987 	 0.198864 	 -0.373988
1414 	 12.7937 	 16.7937 	 0.226238 	 -0.373672
1415 	 13.0437 	 17.0437 	 0.259227 	 -0.401665
1416 	 13.0545 	 17.0545 	 0.248044 	 -0.385027
1417 	 13.3353 	 17.3353 	 0.289081 	 -0.391498
1418 	 13.7308 	 17.7308 	 0.213085 	 -0.338776
1419 	 13.7131 	 17.7131 	 0.261047 	 -0.363144
1420 	 13.7893 	 17.7893 	 0.189881 	 -0.324288
1421 	 13.3232 	 17.3232 	 0.304991 	 -0.430484
1422 	 13.3764 	 17.3764 	 0.282805 	 -0.404033
1423 	 13.3912 	 17.3912 	 0.261176 	 -0.363354
1424 	 12.4656 	 16.4656 	 0.239091 	 -0.374965
1425 	 12.7581 	 16.7581 	 0.240986 	 -0.362977
1426 	 12.9876 	 16.9876 	 0.279273 	 -0.40588
1427 	 12.4468 	 16.4468 	 0.263706 	 -0.360448
1428 	 12.9105 	 16.9105 	 0.208817 	 -0.332785
1429 	 12.6322 	 16.6322 	 0.270475 	 -0.384442
1430 	 12.753 	 16.753 	 0.248102 	 -0.33978
1431 	 13.0041 	 17.0041 	 0.210598 	 -0.343233
1432 	 12.512 	 16.512 	 0.269571 	 -0.390177
1433 	 13.2553 	 17.2553 	 0.160904 	 -0.289348
1434 	 13.057 	 17.057 	 0.242535 	 -0.380562
1435 	 12.9294 	 16.9294 	 0.18212 	 -0.3108
1436 	 12.9642 	 16.9642 	 0.234856 	 -0.33509
1437 	 12.8685 	 16.8685 	 0.18336 	 -0.326392
1438 	 13.2328 	 17.2328 	 0.163625 	 -0.304339
1439 	 13.0391 	 17.0391 	 0.28248 	 -0.379462
1440 	 12.9292 	 16.9292 	 0.26873 	 -0.408691
1441 	 13.0017 	 17.0017 	 0.220941 	 -0.357672
1442 	 12.7796 	 16.7796 	 0.282433 	 -0.38063
1443 	 12.7522 	 16.7522 	 0.223634 	 -0.330754
1444 	 13.0946 	 17.0946 	 0.317006 	 -0.441525
1445 	 12.8309 	 16.8309 	 0.316951 	 -0.413202
1446 	 13.5857 	 17.5857 	 0.22008 	 -0.35159
1447 	 13.3117 	 17.3117 	 0.202661 	 -0.309946
1448 	 14.4975 	 18.4975 	 0.228755 	 -0.350984
1449 	 14.5335 	 18.5335 	 0.0362086 	 -0.272646
1450 	 14.5245 	 18.5245 	 0.163229 	 -0.319992
1451 	 14.1533 	 18.1533 	 0.288991 	 -0.42387
1452 	 14.3857 	 18.3857 	 0.0553546 	 -0.249874
1453 	 14.6352 	 18.6352 	 0.183545 	 -0.362845
1454 	 14.0951 	 18.0951 	 0.154332 	 -0.330923
1455 	 13.8432 	 17.8432 	 0.15545 	 -0.337619
1456 	 13.187 	 17.187 	 0.266817 	 -0.453122
1457 	 13.006 	 17.006 	 0.208628 	 -0.380742
1458 	 12.7052 	 16.7052 	 0.168252 	 -0.362714
1459 	 13.0777 	 17.0777 	 0.294856 	 -0.480997
1460 	 13.0023 	 17.0023 	 0.176153 	 -0.361996
1461 	 12.9042 	 16.9042 	 0.256842 	 -0.471061
1462 	 13.3142 	 17.3142 	 0.161054 	 -0.391183
1463 	 12.9727 	 16.9727 	 0.231074 	 -0.411905
1464 	 12.4811 	 16.4811 	 0.325579 	 -0.175927
1465 	 11.9966 	 15.9966 	 0.344021 	 -0.160966
1466 	 12.248 	 16.248 	 0.334401 	 -0.199975
1467 	 12.21 	 16.21 	 0.279742 	 -0.146035
1468 	 12.2754 	 16.2754 	 0.329537 	 -0.181844
1469 	 12.1455 	 16.1455 	 0.281331 	 -0.17927
1470 	 12.4915 	 16.4915 	 0.307423 	 -0.136898
1471 	 12.4575 	 16.4575 	 0.273531 	 -0.121211
1472 	 12.998 	 16.998 	 0.397592 	 -0.196589
1473 	 13.1928 	 17.1928 	 0.320976 	 -0.174117
1474 	 13.4639 	 17.4639 	 0.312407 	 -0.139077
1475 	 13.3079 	 17.3079 	 0.265783 	 -0.118079
1476 	 13.1951 	 17.1951 	 0.308729 	 -0.128584
1477 	 13.341 	 17.341 	 0.34923 	 -0.198953
1478 	 13.2918 	 17.2918 	 0.307847 	 -0.156628
1479 	 12.6256 	 16.6256 	 0.397544 	 -0.226327
1480 	 13.5493 	 17.5493 	 0.323187 	 -0.201447
1481 	 13.2501 	 17.2501 	 0.30185 	 -0.184304
1482 	 12.7288 	 16.7288 	 0.37731 	 -0.256683
1483 	 13.1843 	 17.1843 	 0.412237 	 -0.242149
1484 	 13.3659 	 17.3659 	 0.367588 	 -0.213819
1485 	 11.6154 	 15.6154 	 0.368121 	 -0.258694
1486 	 11.659 	 15.659 	 0.385536 	 -0.295024
1487 	 13.3091 	 17.3091 	 0.438593 	 -0.292323
1488 	 13.0878 	 17.0878 	 0.325777 	 -0.181834
1489 	 12.992 	 16.992 	 0.301328 	 -0.172774
1490 	 12.9877 	 16.9877 	 0.353103 	 -0.217599
1491 	 12.7639 	 16.7639 	 0.340232 	 -0.211644
1492 	 12.7767 	 16.7767 	 0.362045 	 -0.221747
1493 	 12.5246 	 16.5246 	 0.342986 	 -0.282358
1494 	 13.1129 	 17.1129 	 0.287534 	 -0.164435
1495 	 12.8254 	 16.8254 	 0.350979 	 -0.185611
1496 	 13.9068 	 17.9068 	 0.320735 	 -0.177156
1497 	 13.8962 	 17.8962 	 0.307449 	 -0.136559
1498 	 13.6917 	 17.6917 	 0.364788 	 -0.201641
1499 	 10.4581 	 14.4581 	 0.809356 	 -0.214948
1500 	 14.3109 	 18.3109 	 0.239217 	 -0.0813722
1501 	 13.4918 	 17.4918 	 0.345824 	 -0.166336
1502 	 13.8881 	 17.8881 	 0.252581 	 -0.0895361
1503 	 13.8966 	 17.8966 	 0.311297 	 -0.184696
1504 	 13.0075 	 17.0075 	 0.355678 	 -0.186809
1505 	 13.0054 	 17.0054 	 0.358621 	 -0.203798
1506 	 13.3132 	 17.3132 	 0.27964 	 -0.123309
1507 	 12.4956 	 16.4956 	 0.385035 	 -0.256569
1508 	 13.8083 	 17.8083 	 0.266214 	 -0.150865
1509 	 13.2027 	 17.2027 	 0.33421 	 -0.223896
1510 	 13.2327 	 17.2327 	 0.336488 	 -0.180299
1511 	 13.992 	 17.992 	 0.25524 	 -0.0982106
1512 	 12.1384 	 16.1384 	 0.367959 	 -0.210896
1513 	 12.7507 	 16.7507 	 0.338405 	 -0.187504
1514 	 12.8035 	 16.8035 	 0.292216 	 -0.175015
1515 	 12.2163 	 16.2163 	 0.328588 	 -0.147084
1516 	 12.532 	 16.532 	 0.354533 	 -0.183644
1517 	 12.5443 	 16.5443 	 0.352639 	 -0.225751
1518 	 12.5997 	 16.5997 	 0.36967 	 -0.196721
1519 	 12.4069 	 16.4069 	 0.311535 	 -0.129289
1520 	 12.8163 	 16.8163 	 0.34821 	 -0.185277
1521 	 12.9892 	 16.9892 	 0.304925 	 -0.1177
1522 	 13.0195 	 17.0195 	 0.267352 	 -0.140113
1523 	 12.4126 	 16.4126 	 0.392778 	 -0.196169
1524 	 13.4959 	 17.4959 	 0.293784 	 -0.13005
1525 	 12.7769 	 16.7769 	 0.40353 	 -0.256968
1526 	 12.7037 	 16.7037 	 0.323615 	 -0.186101
1527 	 13.346 	 17.346 	 0.313934 	 -0.138345
1528 	 13.6545 	 17.6545 	 0.216674 	 -0.0563596
1529 	 13.3297 	 17.3297 	 0.275138 	 -0.126888
1530 	 13.7823 	 17.7823 	 0.277833 	 -0.127822
1531 	 13.8002 	 17.8002 	 0.270274 	 -0.123841
1532 	 14.124 	 18.124 	 0.2763 	 -0.131049
1533 	 13.8289 	 17.8289 	 0.308961 	 -0.185134
1534 	 13.5626 	 17.5626 	 0.274124 	 -0.118983
1535 	 13.3606 	 17.3606 	 0.31078 	 -0.152912
1536 	 13.152 	 17.152 	 0.288261 	 -0.114364
1537 	 13.3735 	 17.3735 	 0.214544 	 -0.0573032
1538 	 13.4075 	 17.4075 	 0.297981 	 -0.11665
1539 	 12.6938 	 16.6938 	 0.361611 	 -0.211088
1540 	 13.4053 	 17.4053 	 0.271575 	 -0.133656
1541 	 14.0695 	 18.0695 	 0.244519 	 -0.108343
1542 	 13.0035 	 17.0035 	 0.238531 	 -0.103343
1543 	 13.2784 	 17.2784 	 0.249901 	 -0.125905
1544 	 13.9214 	 17.9214 	 0.276742 	 -0.140235
1545 	 14.0703 	 18.0703 	 0.26109 	 -0.139433
1546 	 14.2829 	 18.2829 	 0.312389 	 -0.204385
1547 	 14.1592 	 18.1592 	 0.26769 	 -0.129686
1548 	 14.4674 	 18.4674 	 0.274962 	 -0.144888
1549 	 13.6561 	 17.6561 	 0.302496 	 -0.172312
1550 	 13.8957 	 17.8957 	 0.286861 	 -0.135272
1551 	 14.3793 	 18.3793 	 0.262386 	 -0.114671
1552 	 13.7649 	 17.7649 	 0.299495 	 -0.1455
1553 	 14.2945 	 18.2945 	 0.259285 	 -0.128694
1554 	 14.2616 	 18.2616 	 0.227173 	 -0.129453
1555 	 14.1235 	 18.1235 	 0.276568 	 -0.154928
1556 	 14.3342 	 18.3342 	 0.222114 	 -0.110666
1557 	 13.7707 	 17.7707 	 0.289989 	 -0.127768
1558 	 14.2488 	 18.2488 	 0.240294 	 -0.118761
1559 	 14.6025 	 18.6025 	 0.227678 	 -0.0742223
1560 	 13.5029 	 17.5029 	 0.298268 	 -0.136057
1561 	 12.6918 	 16.6918 	 0.351919 	 -0.191445
1562 	 13.2701 	 17.2701 	 0.270825 	 -0.0822172
1563 	 13.047 	 17.047 	 0.227146 	 -0.0694422
1564 	 12.8719 	 16.8719 	 0.329858 	 -0.201206
1565 	 12.683 	 16.683 	 0.326975 	 -0.164984
1566 	 13.0764 	 17.0764 	 0.304198 	 -0.138846
1567 	 13.039 	 17.039 	 0.267375 	 -0.124751
1568 	 11.6782 	 15.6782 	 0.192135 	 -0.0819903
1569 	 12.3808 	 16.3808 	 0.244514 	 -0.0998853
1570 	 12.2196 	 16.2196 	 0.316623 	 -0.155423
1571 	 11.9885 	 15.9885 	 0.319517 	 -0.135602
1572 	 12.4094 	 16.4094 	 0.261487 	 -0.138653
1573 	 11.9941 	 15.9941 	 0.299423 	 -0.146247
1574 	 12.0141 	 16.0141 	 0.331508 	 -0.148282
1575 	 12.5679 	 16.5679 	 0.281232 	 -0.142398
1576 	 13.3009 	 17.3009 	 0.472722 	 -0.367291
1577 	 14.1423 	 18.1423 	 0.271837 	 -0.159134
1578 	 13.7902 	 17.7902 	 0.361984 	 -0.252805
1579 	 13.6376 	 17.6376 	 0.353699 	 -0.228364
1580 	 13.7377 	 17.7377 	 0.304099 	 -0.241279
1581 	 13.8837 	 17.8837 	 0.347782 	 -0.174037
1582 	 13.6631 	 17.6631 	 0.345609 	 -0.198744
1583 	 13.9152 	 17.9152 	 0.30365 	 -0.191394
1584 	 12.685 	 16.685 	 0.316426 	 -0.16004
1585 	 12.7495 	 16.7495 	 0.295316 	 -0.134019
1586 	 12.8677 	 16.8677 	 0.282352 	 -0.124906
1587 	 12.5882 	 16.5882 	 0.30301 	 -0.144863
1588 	 12.9256 	 16.9256 	 0.272402 	 -0.141067
1589 	 12.778 	 16.778 	 0.285571 	 -0.148384
1590 	 12.942 	 16.942 	 0.290776 	 -0.123818
1591 	 12.9711 	 16.9711 	 0.281209 	 -0.110267
1592 	 14.3054 	 18.3054 	 0.331714 	 -0.150976
1593 	 14.5149 	 18.5149 	 0.276213 	 -0.111503
1594 	 13.8007 	 17.8007 	 0.338491 	 -0.188087
1595 	 14.4166 	 18.4166 	 0.299772 	 -0.153251
1596 	 14.1232 	 18.1232 	 0.287391 	 -0.165103
1597 	 14.0577 	 18.0577 	 0.291876 	 -0.152544
1598 	 14.1233 	 18.1233 	 0.26966 	 -0.115117
1599 	 14.4916 	 18.4916 	 0.274456 	 -0.119941
1600 	 13.1457 	 17.1457 	 0.283269 	 -0.137728
1601 	 12.7555 	 16.7555 	 0.256096 	 -0.120604
1602 	 12.4378 	 16.4378 	 0.331567 	 -0.234927
1603 	 12.7772 	 16.7772 	 0.310567 	 -0.162717
1604 	 12.6627 	 16.6627 	 0.267222 	 -0.151921
1605 	 12.9464 	 16.9464 	 0.312052 	 -0.176553
1606 	 12.9523 	 16.9523 	 0.281643 	 -0.151335
1607 	 12.3471 	 16.3471 	 0.39426 	 -0.226885
1608 	 12.8257 	 16.8257 	 0.236665 	 -0.0946169
1609 	 13.0525 	 17.0525 	 0.357529 	 -0.188928
1610 	 12.773 	 16.773 	 0.328766 	 -0.169651
1611 	 12.9356 	 16.9356 	 0.238211 	 -0.0884023
1612 	 12.7151 	 16.7151 	 0.328726 	 -0.194104
1613 	 12.9206 	 16.9206 	 0.299444 	 -0.1379
1614 	 13.0828 	 17.0828 	 0.33926 	 -0.184099
1615 	 12.8051 	 16.8051 	 0.385282 	 -0.228747
1616 	 13.1015 	 17.1015 	 0.378739 	 -0.203938
1617 	 13.4277 	 17.4277 	 0.348636 	 -0.16804
1618 	 13.6181 	 17.6181 	 0.32783 	 -0.188118
1619 	 13.1834 	 17.1834 	 0.375805 	 -0.225497
1620 	 13.2687 	 17.2687 	 0.394481 	 -0.21115
1621 	 13.1735 	 17.1735 	 0.294615 	 -0.145805
1622 	 13.103 	 17.103 	 0.353111 	 -0.1545
1623 	 13.238 	 17.238 	 0.336081 	 -0.151509
1624 	 13.4507 	 17.4507 	 0.299947 	 -0.14292
1625 	 13.0827 	 17.0827 	 0.279584 	 -0.116217
1626 	 13.1636 	 17.1636 	 0.315769 	 -0.150898
1627 	 13.3474 	 17.3474 	 0.268304 	 -0.114372
1628 	 12.9681 	 16.9681 	 0.334617 	 -0.180051
1629 	 13.0688 	 17.0688 	 0.335585 	 -0.200898
1630 	 13.3134 	 17.3134 	 0.300934 	 -0.14979
1631 	 13.2999 	 17.2999 	 0.393358 	 -0.131749
1632 	 14.7472 	 18.7472 	 0.238413 	 -0.115673
1633 	 14.6854 	 18.6854 	 0.276779 	 -0.11869
1634 	 14.0805 	 18.0805 	 0.300292 	 -0.151402
1635 	 13.8786 	 17.8786 	 0.281472 	 -0.102025
1636 	 14.473 	 18.473 	 0.267606 	 -0.0849872
1637 	 14.2033 	 18.2033 	 0.245452 	 -0.150348
1638 	 14.1991 	 18.1991 	 0.245547 	 -0.139754
1639 	 14.5825 	 18.5825 	 0.244573 	 -0.147252
1640 	 13.3188 	 17.3188 	 0.311714 	 -0.166894
1641 	 13.2053 	 17.2053 	 0.332846 	 -0.193971
1642 	 14.4715 	 18.4715 	 0.209748 	 -0.060996
1643 	 13.2882 	 17.2882 	 0.338324 	 -0.20038
1644 	 13.8577 	 17.8577 	 0.336175 	 -0.180117
1645 	 13.3773 	 17.3773 	 0.294876 	 -0.150838
1646 	 13.9304 	 17.9304 	 0.259027 	 -0.088719
1647 	 14.5778 	 18.5778 	 0.268273 	 -0.170235
1648 	 12.4756 	 16.4756 	 0.30003 	 -0.169263
1649 	 13.6053 	 17.6053 	 0.279771 	 -0.142933
1650 	 12.8263 	 16.8263 	 0.306126 	 -0.165003
1651 	 12.8342 	 16.8342 	 0.251554 	 -0.0767402
1652 	 12.7051 	 16.7051 	 0.313737 	 -0.181536
1653 	 13.8148 	 17.8148 	 0.2404 	 -0.110908
1654 	 13.151 	 17.151 	 0.235472 	 -0.108885
1655 	 13.1201 	 17.1201 	 0.255563 	 -0.0845948
1656 	 13.6957 	 17.6957 	 0.288763 	 -0.126369
1657 	 13.5845 	 17.5845 	 0.288289 	 -0.151842
1658 	 14.1395 	 18.1395 	 0.229949 	 -0.103909
1659 	 14.2714 	 18.2714 	 0.273055 	 -0.137945
1660 	 13.7808 	 17.7808 	 0.288877 	 -0.172506
1661 	 13.7794 	 17.7794 	 0.256321 	 -0.135056
1662 	 14.022 	 18.022 	 0.25401 	 -0.0923928
1663 	 14.2109 	 18.2109 	 0.271047 	 -0.133677
1664 	 11.7294 	 15.7294 	 0.296446 	 -0.144664
1665 	 12.6387 	 16.6387 	 0.294333 	 -0.115379
1666 	 12.8867 	 16.8867 	 0.228251 	 -0.050521
1667 	 12.6402 	 16.6402 	 0.173927 	 -0.0518915
1668 	 12.6794 	 16.6794 	 0.249581 	 -0.0991424
1669 	 12.4852 	 16.4852 	 0.291295 	 -0.129565
1670 	 12.4618 	 16.4618 	 0.266131 	 -0.109447
1671 	 12.7534 	 16.7534 	 0.285944 	 -0.11989
1672 	 13.3058 	 17.3058 	 0.425271 	 -0.30216
1673 	 13.7165 	 17.7165 	 0.398129 	 -0.267667
1674 	 13.6912 	 17.6912 	 0.391975 	 -0.257971
1675 	 13.4346 	 17.4346 	 0.405232 	 -0.223479
1676 	 13.6221 	 17.6221 	 0.400589 	 -0.255671
1677 	 13.6737 	 17.6737 	 0.408636 	 -0.300516
1678 	 13.7198 	 17.7198 	 0.574119 	 -0.425189
1679 	 13.779 	 17.779 	 0.434187 	 -0.262659
1680 	 13.0351 	 17.0351 	 0.348485 	 -0.206801
1681 	 14.2333 	 18.2333 	 0.286986 	 -0.125087
1682 	 13.8757 	 17.8757 	 0.256142 	 -0.110364
1683 	 13.1928 	 17.1928 	 0.356345 	 -0.175143
1684 	 14.1032 	 18.1032 	 0.289975 	 -0.146023
1685 	 13.2644 	 17.2644 	 0.294389 	 -0.123076
1686 	 14.1479 	 18.1479 	 0.26866 	 -0.114017
1687 	 13.7399 	 17.7399 	 0.307251 	 -0.140196
1688 	 13.3433 	 17.3433 	 0.328674 	 -0.213366
1689 	 14.0184 	 18.0184 	 0.293211 	 -0.137328
1690 	 14.4785 	 18.4785 	 0.26919 	 -0.136517
1691 	 13.53 	 17.53 	 0.268966 	 -0.161354
1692 	 14.2247 	 18.2247 	 0.289128 	 -0.165465
1693 	 13.7488 	 17.7488 	 0.322988 	 -0.189063
1694 	 13.6985 	 17.6985 	 0.340815 	 -0.218593
1695 	 14.2397 	 18.2397 	 0.267195 	 -0.115482
1696 	 13.3889 	 17.3889 	 0.335606 	 -0.179134
1697 	 14.1601 	 18.1601 	 0.305741 	 -0.167225
1698 	 13.5203 	 17.5203 	 0.288115 	 -0.134427
1699 	 13.6139 	 17.6139 	 0.304615 	 -0.145707
1700 	 13.8775 	 17.8775 	 0.318342 	 -0.162674
1701 	 13.5798 	 17.5798 	 0.290908 	 -0.158243
1702 	 14.326 	 18.326 	 0.267859 	 -0.157714
1703 	 14.311 	 18.311 	 0.274786 	 -0.133126
1704 	 13.2812 	 17.2812 	 0.320219 	 -0.180796
1705 	 13.6618 	 17.6618 	 0.280226 	 -0.136548
1706 	 13.2835 	 17.2835 	 0.346606 	 -0.202426
1707 	 13.3811 	 17.3811 	 0.302645 	 -0.1448
1708 	 13.6967 	 17.6967 	 0.289059 	 -0.141564
1709 	 13.4949 	 17.4949 	 0.362158 	 -0.217538
1710 	 13.7007 	 17.7007 	 0.291766 	 -0.154964
1711 	 13.7256 	 17.7256 	 0.300853 	 -0.130308
1712 	 12.9699 	 16.9699 	 0.381046 	 -0.201203
1713 	 13.2242 	 17.2242 	 0.330267 	 -0.16683
1714 	 12.7208 	 16.7208 	 0.285355 	 -0.191163
1715 	 13.2552 	 17.2552 	 0.354152 	 -0.192507
1716 	 13.3533 	 17.3533 	 0.293837 	 -0.139836
1717 	 13.4113 	 17.4113 	 0.283845 	 -0.132581
1718 	 13.2166 	 17.2166 	 0.346169 	 -0.190831
1719 	 13.3311 	 17.3311 	 0.314161 	 -0.158892
1720 	 14.1215 	 18.1215 	 0.285434 	 -0.158135
1721 	 14.2655 	 18.2655 	 0.263216 	 -0.117298
1722 	 14.3192 	 18.3192 	 0.285791 	 -0.111427
1723 	 13.9567 	 17.9567 	 0.288053 	 -0.129669
1724 	 14.7486 	 18.7486 	 0.308511 	 -0.178786
1725 	 14.4252 	 18.4252 	 0.285983 	 -0.132443
1726 	 13.851 	 17.851 	 0.334913 	 -0.167607
1727 	 14.4803 	 18.4803 	 0.259435 	 -0.122138
1728 	 11.9403 	 15.9403 	 0.393273 	 -0.240301
1729 	 12.701 	 16.701 	 0.300526 	 -0.12881
1730 	 12.6786 	 16.6786 	 0.308815 	 -0.160794
1731 	 12.3689 	 16.3689 	 0.325026 	 -0.211488
1732 	 12.829 	 16.829 	 0.280421 	 -0.164151
1733 	 12.1499 	 16.1499 	 0.296673 	 -0.176204
1734 	 12.477 	 16.477 	 0.316868 	 -0.199975
1735 	 12.5033 	 16.5033 	 0.289335 	 -0.170066
1736 	 13.8244 	 17.8244 	 0.244042 	 -0.0898688
1737 	 13.8334 	 17.8334 	 0.267881 	 -0.128221
1738 	 14.0118 	 18.0118 	 0.252257 	 -0.138283
1739 	 13.7308 	 17.7308 	 0.312067 	 -0.168028
1740 	 13.8127 	 17.8127 	 0.275741 	 -0.11712
1741 	 13.3649 	 17.3649 	 0.276981 	 -0.154807
1742 	 13.835 	 17.835 	 0.255624 	 -0.126386
1743 	 13.6018 	 17.6018 	 0.284485 	 -0.127354
1744 	 12.9271 	 16.9271 	 0.30011 	 -0.115428
1745 	 12.974 	 16.974 	 0.284554 	 -0.128424
1746 	 12.7182 	 16.7182 	 0.298942 	 -0.130918
1747 	 13.1341 	 17.1341 	 0.247426 	 -0.0885318
1748 	 13.1466 	 17.1466 	 0.263095 	 -0.106984
1749 	 12.7593 	 16.7593 	 0.329108 	 -0.161896
1750 	 12.7832 	 16.7832 	 0.268828 	 -0.0804439
1751 	 12.8805 	 16.8805 	 0.278125 	 -0.0978572
1752 	 11.6865 	 15.6865 	 0.395623 	 -0.191234
1753 	 12.6105 	 16.6105 	 0.180133 	 -0.0644184
1754 	 12.0098 	 16.0098 	 0.334237 	 -0.169175
1755 	 12.0056 	 16.0056 	 0.310954 	 -0.188784
1756 	 11.5221 	 15.5221 	 0.342531 	 -0.205739
1757 	 11.662 	 15.662 	 0.391085 	 -0.262354
1758 	 12.3225 	 16.3225 	 0.306578 	 -0.146701
1759 	 11.8579 	 15.8579 	 0.286721 	 -0.151492
1760 	 12.1777 	 16.1777 	 0.436504 	 -0.254277
1761 	 12.1657 	 16.1657 	 0.311608 	 -0.205357
1762 	 12.2867 	 16.2867 	 0.325435 	 -0.204615
1763 	 12.118 	 16.118 	 0.420234 	 -0.271057
1764 	 12.2463 	 16.2463 	 0.444097 	 -0.291249
1765 	 11.7721 	 15.7721 	 0.320222 	 -0.163846
1766 	 12.2921 	 16.2921 	 0.375909 	 -0.225951
1767 	 12.9261 	 16.9261 	 0.400373 	 -0.251309
1768 	 12.3967 	 16.3967 	 0.429201 	 -0.279812
1769 	 12.7129 	 16.7129 	 0.389208 	 -0.282998
1770 	 11.8983 	 15.8983 	 0.444698 	 -0.314927
1771 	 12.0982 	 16.0982 	 0.435805 	 -0.290179
1772 	 12.318 	 16.318 	 0.427412 	 -0.274967
1773 	 12.4289 	 16.4289 	 0.440817 	 -0.327301
1774 	 12.2749 	 16.2749 	 0.441149 	 -0.278002
1775 	 12.8142 	 16.8142 	 0.482041 	 -0.318523
1776 	 13.7021 	 17.7021 	 0.336265 	 -0.219902
1777 	 8.99016 	 12.9902 	 0.643293 	 -0.0132502
1778 	 13.8169 	 17.8169 	 0.272172 	 -0.0746839
1779 	 13.6239 	 17.6239 	 0.327691 	 -0.208336
1780 	 14.1965 	 18.1965 	 0.299423 	 -0.179317
1781 	 13.7611 	 17.7611 	 0.350095 	 -0.222771
1782 	 13.8098 	 17.8098 	 0.350326 	 -0.222334
1783 	 13.3865 	 17.3865 	 0.334617 	 -0.206628
1784 	 12.7668 	 16.7668 	 0.324171 	 -0.173297
1785 	 13.6533 	 17.6533 	 0.274712 	 -0.133981
1786 	 13.1079 	 17.1079 	 0.363932 	 -0.205622
1787 	 12.8355 	 16.8355 	 0.258898 	 -0.143615
1788 	 12.9694 	 16.9694 	 0.343025 	 -0.212363
1789 	 13.1961 	 17.1961 	 0.306286 	 -0.155515
1790 	 13.1592 	 17.1592 	 0.296716 	 -0.13478
1791 	 13.0396 	 17.0396 	 0.266499 	 -0.114603
1792 	 13.0663 	 17.0663 	 0.347198 	 -0.206608
1793 	 12.7027 	 16.7027 	 0.335303 	 -0.192529
1794 	 13.5462 	 17.5462 	 0.334511 	 -0.192391
1795 	 13.0488 	 17.0488 	 0.2567 	 -0.111804
1796 	 13.0644 	 17.0644 	 0.369517 	 -0.21316
1797 	 12.8948 	 16.8948 	 0.274805 	 -0.12743
1798 	 13.2194 	 17.2194 	 0.329486 	 -0.199232
1799 	 13.1548 	 17.1548 	 0.305531 	 -0.128065
1800 	 12.7486 	 16.7486 	 0.348066 	 -0.18331
1801 	 12.8729 	 16.8729 	 0.312781 	 -0.133126
1802 	 12.5874 	 16.5874 	 0.266056 	 -0.131128
1803 	 12.7264 	 16.7264 	 0.433644 	 -0.288304
1804 	 13.2538 	 17.2538 	 0.337853 	 -0.190905
1805 	 12.6422 	 16.6422 	 0.303337 	 -0.159857
1806 	 12.7499 	 16.7499 	 0.345825 	 -0.191282
1807 	 12.9351 	 16.9351 	 0.318575 	 -0.145887
1808 	 13.4714 	 17.4714 	 0.257606 	 -0.104129
1809 	 12.9618 	 16.9618 	 0.327484 	 -0.191622
1810 	 13.5549 	 17.5549 	 0.241444 	 -0.100448
1811 	 13.1199 	 17.1199 	 0.328412 	 -0.168176
1812 	 13.3072 	 17.3072 	 0.261649 	 -0.11869
1813 	 12.8534 	 16.8534 	 0.326201 	 -0.147621
1814 	 13.5401 	 17.5401 	 0.281029 	 -0.135461
1815 	 13.0576 	 17.0576 	 0.310762 	 -0.164829
1816 	 13.3718 	 17.3718 	 0.357203 	 -0.200596
1817 	 13.1042 	 17.1042 	 0.365288 	 -0.186418
1818 	 13.6539 	 17.6539 	 0.323687 	 -0.159692
1819 	 13.5551 	 17.5551 	 0.361576 	 -0.177651
1820 	 13.8877 	 17.8877 	 0.285388 	 -0.12723
1821 	 13.3169 	 17.3169 	 0.34902 	 -0.17481
1822 	 13.524 	 17.524 	 0.32289 	 -0.165986
1823 	 13.5047 	 17.5047 	 0.301999 	 -0.16468
1824 	 13.4561 	 17.4561 	 0.307868 	 -0.157555
1825 	 13.8294 	 17.8294 	 0.260437 	 -0.120418
1826 	 13.3892 	 17.3892 	 0.273901 	 -0.123021
1827 	 13.2478 	 17.2478 	 0.301055 	 -0.157275
1828 	 13.4773 	 17.4773 	 0.334697 	 -0.166243
1829 	 13.2685 	 17.2685 	 0.274733 	 -0.138481
1830 	 13.5611 	 17.5611 	 0.262564 	 -0.126699
1831 	 13.986 	 17.986 	 0.247772 	 -0.11897
1832 	 12.8939 	 16.8939 	 0.318738 	 -0.131731
1833 	 13.181 	 17.181 	 0.281134 	 -0.132341
1834 	 13.4363 	 17.4363 	 0.24447 	 -0.146733
1835 	 12.9762 	 16.9762 	 0.298263 	 -0.127743
1836 	 13.5802 	 17.5802 	 0.231066 	 -0.0993587
1837 	 13.1472 	 17.1472 	 0.324401 	 -0.185835
1838 	 13.1675 	 17.1675 	 0.303349 	 -0.138645
1839 	 13.2328 	 17.2328 	 0.241948 	 -0.0979488
1840 	 12.8574 	 16.8574 	 0.359996 	 -0.193841
1841 	 12.4355 	 16.4355 	 0.390903 	 -0.269648
1842 	 12.2654 	 16.2654 	 0.437604 	 -0.290279
1843 	 12.151 	 16.151 	 0.462808 	 -0.286519
1844 	 12.2802 	 16.2802 	 0.397806 	 -0.252845
1845 	 12.3772 	 16.3772 	 0.418816 	 -0.262264
1846 	 12.3094 	 16.3094 	 0.42293 	 -0.277243
1847 	 12.5055 	 16.5055 	 0.352716 	 -0.218314
1848 	 12.2465 	 16.2465 	 0.376195 	 -0.237083
1849 	 12.2381 	 16.2381 	 0.376757 	 -0.220395
1850 	 13.2611 	 17.2611 	 0.375657 	 -0.233854
1851 	 12.4579 	 16.4579 	 0.384162 	 -0.2256
1852 	 12.2214 	 16.2214 	 0.417116 	 -0.274821
1853 	 12.4211 	 16.4211 	 0.34252 	 -0.197312
1854 	 13.1831 	 17.1831 	 0.469306 	 -0.321723
1855 	 12.7066 	 16.7066 	 0.343061 	 -0.186665
1856 	 12.964 	 16.964 	 0.37428 	 -0.201437
1857 	 13.4611 	 17.4611 	 0.331499 	 -0.168777
1858 	 13.2394 	 17.2394 	 0.301953 	 -0.181056
1859 	 12.9221 	 16.9221 	 0.34956 	 -0.203571
1860 	 12.9961 	 16.9961 	 0.353111 	 -0.200606
1861 	 13 	 17 	 0.338318 	 -0.172446
1862 	 13.4555 	 17.4555 	 0.329139 	 -0.164828
1863 	 13.5677 	 17.5677 	 0.288256 	 -0.114473
1864 	 13.8794 	 17.8794 	 0.259952 	 -0.0905254
1865 	 13.9817 	 17.9817 	 0.265167 	 -0.111175
1866 	 14.3021 	 18.3021 	 0.260993 	 -0.0924173
1867 	 14.1642 	 18.1642 	 0.343678 	 -0.176532
1868 	 14.5673 	 18.5673 	 0.287753 	 -0.124017
1869 	 13.7232 	 17.7232 	 0.294892 	 -0.148429
1870 	 13.5937 	 17.5937 	 0.297644 	 -0.143704
1871 	 14.205 	 18.205 	 0.284391 	 -0.131357
1872 	 11.8029 	 15.8029 	 0.410061 	 -0.181437
1873 	 12.3637 	 16.3637 	 0.287863 	 -0.121934
1874 	 12.5565 	 16.5565 	 0.293126 	 -0.142258
1875 	 11.991 	 15.991 	 0.367801 	 -0.182331
1876 	 12.506 	 16.506 	 0.327782 	 -0.174595
1877 	 11.6217 	 15.6217 	 0.347808 	 -0.17332
1878 	 12.5784 	 16.5784 	 0.243894 	 -0.0974587
1879 	 12.5309 	 16.5309 	 0.322754 	 -0.151332
1880 	 12.8967 	 16.8967 	 0.386244 	 -0.160095
1881 	 13.6479 	 17.6479 	 0.289432 	 -0.166766
1882 	 13.2067 	 17.2067 	 0.234159 	 -0.129652
1883 	 12.7582 	 16.7582 	 0.277771 	 -0.151081
1884 	 12.625 	 16.625 	 0.362525 	 -0.181148
1885 	 12.9364 	 16.9364 	 0.301796 	 -0.124071
1886 	 12.8145 	 16.8145 	 0.154405 	 -0.0495312
1887 	 13.0925 	 17.0925 	 0.330879 	 -0.197729
1888 	 13.9098 	 17.9098 	 0.317788 	 -0.18972
1889 	 14.1071 	 18.1071 	 0.28488 	 -0.146601
1890 	 14.1375 	 18.1375 	 0.300379 	 -0.156839
1891 	 13.7369 	 17.7369 	 0.345119 	 -0.214122
1892 	 13.9925 	 17.9925 	 0.280357 	 -0.157958
1893 	 13.7221 	 17.7221 	 0.27071 	 -0.147997
1894 	 13.8761 	 17.8761 	 0.315013 	 -0.168734
1895 	 14.2212 	 18.2212 	 0.284633 	 -0.120091
1896 	 12.9957 	 16.9957 	 0.305235 	 -0.109682
1897 	 13.0945 	 17.0945 	 0.233164 	 -0.121167
1898 	 13.0179 	 17.0179 	 0.282886 	 -0.155447
1899 	 13.0199 	 17.0199 	 0.240787 	 -0.0692112
1900 	 13.3549 	 17.3549 	 0.282054 	 -0.133692
1901 	 12.8852 	 16.8852 	 0.275469 	 -0.151549
1902 	 12.9109 	 16.9109 	 0.218257 	 -0.0888097
1903 	 13.129 	 17.129 	 0.273554 	 -0.114372
1904 	 12.4277 	 16.4277 	 0.376761 	 -0.213874
1905 	 12.8983 	 16.8983 	 0.295516 	 -0.15826
1906 	 13.3994 	 17.3994 	 0.301818 	 -0.152936
1907 	 13.0005 	 17.0005 	 0.295565 	 -0.16422
1908 	 12.9073 	 16.9073 	 0.315904 	 -0.20979
1909 	 12.6668 	 16.6668 	 0.302026 	 -0.16432
1910 	 13.2176 	 17.2176 	 0.33635 	 -0.176251
1911 	 13.0732 	 17.0732 	 0.294264 	 -0.147731
1912 	 12.6698 	 16.6698 	 0.510458 	 -0.374236
1913 	 12.9971 	 16.9971 	 0.441793 	 -0.307841
1914 	 12.3477 	 16.3477 	 0.374891 	 -0.207349
1915 	 12.4406 	 16.4406 	 0.377254 	 -0.252593
1916 	 12.6993 	 16.6993 	 0.44535 	 -0.323933
1917 	 12.8998 	 16.8998 	 0.491027 	 -0.33235
1918 	 12.6951 	 16.6951 	 0.368124 	 -0.222651
1919 	 12.4969 	 16.4969 	 0.297806 	 -0.196101
1920 	 12.3598 	 16.3598 	 0.357059 	 -0.222245
1921 	 12.0576 	 16.0576 	 0.401418 	 -0.225353
1922 	 12.2905 	 16.2905 	 0.328462 	 -0.179815
1923 	 12.1027 	 16.1027 	 0.351313 	 -0.216666
1924 	 12.3234 	 16.3234 	 0.356161 	 -0.230298
1925 	 12.0902 	 16.0902 	 0.381652 	 -0.255094
1926 	 12.1746 	 16.1746 	 0.374127 	 -0.252951
1927 	 12.5997 	 16.5997 	 0.30734 	 -0.161592
1928 	 13.6168 	 17.6168 	 0.257507 	 -0.128658
1929 	 13.9082 	 17.9082 	 0.351491 	 -0.208963
1930 	 13.8949 	 17.8949 	 0.360501 	 -0.229023
1931 	 14.3265 	 18.3265 	 0.278796 	 -0.168238
1932 	 14.5677 	 18.5677 	 0.289263 	 -0.164623
1933 	 14.3888 	 18.3888 	 0.276045 	 -0.169662
1934 	 13.8864 	 17.8864 	 0.372173 	 -0.194283
1935 	 14.416 	 18.416 	 0.247837 	 -0.122965
1936 	 12.7122 	 16.7122 	 0.348162 	 -0.173773
1937 	 12.9554 	 16.9554 	 0.32467 	 -0.157067
1938 	 12.8733 	 16.8733 	 0.30281 	 -0.132684
1939 	 12.6928 	 16.6928 	 0.240669 	 -0.107211
1940 	 12.7853 	 16.7853 	 0.359604 	 -0.164163
1941 	 12.9041 	 16.9041 	 0.277022 	 -0.131493
1942 	 12.7846 	 16.7846 	 0.316541 	 -0.203893
1943 	 12.7903 	 16.7903 	 0.260137 	 -0.0972774
1944 	 12.2128 	 16.2128 	 0.365241 	 -0.211254
1945 	 12.7335 	 16.7335 	 0.261991 	 -0.111424
1946 	 12.3723 	 16.3723 	 0.280218 	 -0.135683
1947 	 12.6181 	 16.6181 	 0.379316 	 -0.225284
1948 	 12.9507 	 16.9507 	 0.321583 	 -0.14773
1949 	 12.4924 	 16.4924 	 0.365494 	 -0.202986
1950 	 12.8159 	 16.8159 	 0.317998 	 -0.159812
1951 	 12.6824 	 16.6824 	 0.207776 	 -0.078452
1952 	 0 	 0 	 0 	 0
1953 	 0 	 0 	 0 	 0
1954 	 0 	 0 	 0 	 0
1955 	 0 	 0 	 0 	 0
1956 	 0 	 0 	 0 	 0
1957 	 0 	 0 	 0 	 0
1958 	 0 	 0 	 0 	 0
1959 	 0 	 0 	 0 	 0
1960 	 0 	 0 	 0 	 0
1961 	 0 	 0 	 0 	 0
1962 	 0 	 0 	 0 	 0
1963 	 0 	 0 	 0 	 0
1964 	 0 	 0 	 0 	 0
1965 	 0 	 0 	 0 	 0
1966 	 0 	 0 	 0 	 0
1967 	 0 	 0 	 0 	 0
1968 	 0 	 0 	 0 	 0
1969 	 0 	 0 	 0 	 0
1970 	 0 	 0 	 0 	 0
1971 	 0 	 0 	 0 	 0
1972 	 0 	 0 	 0 	 0
1973 	 0 	 0 	 0 	 0
1974 	 0 	 0 	 0 	 0
1975 	 0 	 0 	 0 	 0
1976 	 0 	 0 	 0 	 0
1977 	 0 	 0 	 0 	 0
1978 	 0 	 0 	 0 	 0
1979 	 0 	 0 	 0 	 0
1980 	 0 	 0 	 0 	 0
1981 	 0 	 0 	 0 	 0
1982 	 0 	 0 	 0 	 0
1983 	 0 	 0 	 0 	 0
1984 	 0 	 0 	 0 	 0
1985 	 0 	 0 	 0 	 0
1986 	 0 	 0 	 0 	 0
1987 	 0 	 0 	 0 	 0
1988 	 0 	 0 	 0 	 0
1989 	 0 	 0 	 0 	 0
1990 	 0 	 0 	 0 	 0
1991 	 0 	 0 	 0 	 0
1992 	 0 	 0 	 0 	 0
1993 	 0 	 0 	 0 	 0
1994 	 0 	 0 	 0 	 0
1995 	 0 	 0 	 0 	 0
1996 	 0 	 0 	 0 	 0
1997 	 0 	 0 	 0 	 0
1998 	 0 	 0 	 0 	 0
1999 	 0 	 0 	 0 	 0
2000 	 0 	 0 	 0 	 0
2001 	 0 	 0 	 0 	 0
2002 	 0 	 0 	 0 	 0
2003 	 0 	 0 	 0 	 0
2004 	 0 	 0 	 0 	 0
2005 	 0 	 0 	 0 	 0
2006 	 0 	 0 	 0 	 0
2007 	 0 	 0 	 0 	 0
2008 	 0 	 0 	 0 	 0
2009 	 0 	 0 	 0 	 0
2010 	 0 	 0 	 0 	 0
2011 	 0 	 0 	 0 	 0
2012 	 0 	 0 	 0 	 0
2013 	 0 	 0 	 0 	 0
2014 	 0 	 0 	 0 	 0
2015 	 0 	 0 	 0 	 0
2016 	 0 	 0 	 0 	 0
2017 	 0 	 0 	 0 	 0
2018 	 0 	 0 	 0 	 0
2019 	 0 	 0 	 0 	 0
2020 	 0 	 0 	 0 	 0
2021 	 0 	 0 	 0 	 0
2022 	 0 	 0 	 0 	 0
2023 	 0 	 0 	 0 	 0
2024 	 0 	 0 	 0 	 0
2025 	 0 	 0 	 0 	 0
2026 	 0 	 0 	 0 	 0
2027 	 0 	 0 	 0 	 0
2028 	 0 	 0 	 0 	 0
2029 	 0 	 0 	 0 	 0
2030 	 0 	 0 	 0 	 0
2031 	 0 	 0 	 0 	 0
2032 	 0 	 0 	 0 	 0
2033 	 0 	 0 	 0 	 0
2034 	 0 	 0 	 0 	 0
2035 	 0 	 0 	 0 	 0
2036 	 0 	 0 	 0 	 0
2037 	 0 	 0 	 0 	 0
2038 	 0 	 0 	 0 	 0
2039 	 0 	 0 	 0 	 0
2040 	 0 	 0 	 0 	 0
2041 	 0 	 0 	 0 	 0
2042 	 0 	 0 	 0 	 0
2043 	 0 	 0 	 0 	 0
2044 	 0 	 0 	 0 	 0
2045 	 0 	 0 	 0 	 0
2046 	 0 	 0 	 0 	 0
2047 	 0 	 0 	 0 	 0
2048 	 0 	 0 	 0 	 0
2049 	 0 	 0 	 0 	 0
2050 	 0 	 0 	 0 	 0
2051 	 0 	 0 	 0 	 0
2052 	 0 	 0 	 0 	 0
2053 	 0 	 0 	 0 	 0
2054 	 0 	 0 	 0 	 0
2055 	 0 	 0 	 0 	 0
2056 	 0 	 0 	 0 	 0
2057 	 0 	 0 	 0 	 0
2058 	 0 	 0 	 0 	 0
2059 	 0 	 0 	 0 	 0
2060 	 0 	 0 	 0 	 0
2061 	 0 	 0 	 0 	 0
2062 	 0 	 0 	 0 	 0
2063 	 0 	 0 	 0 	 0
2064 	 0 	 0 	 0 	 0
2065 	 0 	 0 	 0 	 0
2066 	 0 	 0 	 0 	 0
2067 	 0 	 0 	 0 	 0
2068 	 0 	 0 	 0 	 0
2069 	 0 	 0 	 0 	 0
2070 	 0 	 0 	 0 	 0
2071 	 0 	 0 	 0 	 0
2072 	 0 	 0 	 0 	 0
2073 	 0 	 0 	 0 	 0
2074 	 0 	 0 	 0 	 0
2075 	 0 	 0 	 0 	 0
2076 	 0 	 0 	 0 	 0
2077 	 0 	 0 	 0 	 0
2078 	 0 	 0 	 0 	 0
2079 	 0 	 0 	 0 	 0
2080 	 0 	 0 	 0 	 0
2081 	 0 	 0 	 0 	 0
2082 	 0 	 0 	 0 	 0
2083 	 0 	 0 	 0 	 0
2084 	 0 	 0 	 0 	 0
2085 	 0 	 0 	 0 	 0
2086 	 0 	 0 	 0 	 0
2087 	 0 	 0 	 0 	 0
2088 	 0 	 0 	 0 	 0
2089 	 0 	 0 	 0 	 0
2090 	 0 	 0 	 0 	 0
2091 	 0 	 0 	 0 	 0
2092 	 0 	 0 	 0 	 0
2093 	 0 	 0 	 0 	 0
2094 	 0 	 0 	 0 	 0
2095 	 0 	 0 	 0 	 0
2096 	 0 	 0 	 0 	 0
2097 	 0 	 0 	 0 	 0
2098 	 0 	 0 	 0 	 0
2099 	 0 	 0 	 0 	 0
2100 	 0 	 0 	 0 	 0
2101 	 0 	 0 	 0 	 0
2102 	 0 	 0 	 0 	 0
2103 	 0 	 0 	 0 	 0
2104 	 0 	 0 	 0 	 0
2105 	 0 	 0 	 0 	 0
2106 	 0 	 0 	 0 	 0
2107 	 0 	 0 	 0 	 0
2108 	 0 	 0 	 0 	 0
2109 	 0 	 0 	 0 	 0
2110 	 0 	 0 	 0 	 0
2111 	 0 	 0 	 0 	 0
2112 	 0 	 0 	 0 	 0
2113 	 0 	 0 	 0 	 0
2114 	 0 	 0 	 0 	 0
2115 	 0 	 0 	 0 	 0
2116 	 0 	 0 	 0 	 0
2117 	 0 	 0 	 0 	 0
2118 	 0 	 0 	 0 	 0
2119 	 0 	 0 	 0 	 0
2120 	 0 	 0 	 0 	 0
2121 	 0 	 0 	 0 	 0
2122 	 0 	 0 	 0 	 0
2123 	 0 	 0 	 0 	 0
2124 	 0 	 0 	 0 	 0
2125 	 0 	 0 	 0 	 0
2126 	 0 	 0 	 0 	 0
2127 	 0 	 0 	 0 	 0
2128 	 0 	 0 	 0 	 0
2129 	 0 	 0 	 0 	 0
2130 	 0 	 0 	 0 	 0
2131 	 0 	 0 	 0 	 0
2132 	 0 	 0 	 0 	 0
2133 	 0 	 0 	 0 	 0
2134 	 0 	 0 	 0 	 0
2135 	 0 	 0 	 0 	 0
2136 	 0 	 0 	 0 	 0
2137 	 0 	 0 	 0 	 0
2138 	 0 	 0 	 0 	 0
2139 	 0 	 0 	 0 	 0
2140 	 0 	 0 	 0 	 0
2141 	 0 	 0 	 0 	 0
2142 	 0 	 0 	 0 	 0
2143 	 0 	 0 	 0 	 0
2144 	 0 	 0 	 0 	 0
2145 	 0 	 0 	 0 	 0
2146 	 0 	 0 	 0 	 0
2147 	 0 	 0 	 0 	 0
2148 	 0 	 0 	 0 	 0
2149 	 0 	 0 	 0 	 0
2150 	 0 	 0 	 0 	 0
2151 	 0 	 0 	 0 	 0
2152 	 0 	 0 	 0 	 0
2153 	 0 	 0 	 0 	 0
2154 	 0 	 0 	 0 	 0
2155 	 0 	 0 	 0 	 0
2156 	 0 	 0 	 0 	 0
2157 	 0 	 0 	 0 	 0
2158 	 0 	 0 	 0 	 0
2159 	 0 	 0 	 0 	 0
2160 	 0 	 0 	 0 	 0
2161 	 0 	 0 	 0 	 0
2162 	 0 	 0 	 0 	 0
2163 	 0 	 0 	 0 	 0
2164 	 0 	 0 	 0 	 0
2165 	 0 	 0 	 0 	 0
2166 	 0 	 0 	 0 	 0
2167 	 0 	 0 	 0 	 0
2168 	 0 	 0 	 0 	 0
2169 	 0 	 0 	 0 	 0
2170 	 0 	 0 	 0 	 0
2171 	 0 	 0 	 0 	 0
2172 	 0 	 0 	 0 	 0
2173 	 0 	 0 	 0 	 0
2174 	 0 	 0 	 0 	 0
2175 	 0 	 0 	 0 	 0
2176 	 0 	 0 	 0 	 0
2177 	 0 	 0 	 0 	 0
2178 	 0 	 0 	 0 	 0
2179 	 0 	 0 	 0 	 0
2180 	 0 	 0 	 0 	 0
2181 	 0 	 0 	 0 	 0
2182 	 0 	 0 	 0 	 0
2183 	 0 	 0 	 0 	 0
2184 	 0 	 0 	 0 	 0
2185 	 0 	 0 	 0 	 0
2186 	 0 	 0 	 0 	 0
2187 	 0 	 0 	 0 	 0
2188 	 0 	 0 	 0 	 0
2189 	 0 	 0 	 0 	 0
2190 	 0 	 0 	 0 	 0
2191 	 0 	 0 	 0 	 0
2192 	 0 	 0 	 0 	 0
2193 	 0 	 0 	 0 	 0
2194 	 0 	 0 	 0 	 0
2195 	 0 	 0 	 0 	 0
