# NChannels including PMT+SC
NChannels= 2196 

# Total number of ROBoards
NROBoards= 5

# Number of mezzanines for a full board
NROMezzaninesPerFullBoard= 4

# Number of readout boards for each station [one value for each station]
NROBoardsPerStation= 4 1

# Mezzanine masks to indicate the enabled mezzanines in each board [one value for each ROBoard]
ROMezzanineMasksPerBoard= f f f f f

# FPGA map: number of FPGA per readout (DAQ) board (i.e number of TDCs per Tel62) - from run 1423 - December 2014
# "NFPGAs" has to be specified for how many readout boards the sub-detector is using
NFPGAs= 4 4 4 4 4

# Number of 25ns-long slots read [one value for each mezzanine]
NSlots= 17 17 17 17 17 17 17 17 17 17 17 17 17 17 17 17 17 17 17 17

# Index of last 25ns-long slot [one value for each mezzanine]
LastSlotID= 8 8 8 8 8 8 8 8 8 8 8 8 8 8 8 8 5 5 5 5

# Flag to define the treatment of warning printouts
#0: no warnings
#1: general information event-related
#2: general information detector-related
#3: maximum detail level
WarningsLevel= 1

# Total number of readout board channels (used by RecoBase/src/TDCBRawDecoder.cc)
NROChannels= 2560
# NRO channels also used by Reco to manage PMTs+SC

# Channel map (hardware, starting from 0, grouped by 16):
# "position ID" as a function of "RO channel ID"
ChRemap_0000= 5407 5404 5402 5401 5406 5405 5403 5400 4507 4504 4502 4501 4506 4505 4503 4500
ChRemap_0001= 3407 3404 3402 3401 3406 3405 3403 3400 2307 2304 2302 2301 2306 2305 2303 2300
ChRemap_0002= 4407 4404 4402 4401 4406 4405 4403 4400 3307 3304 3302 3301 3306 3305 3303 3300
ChRemap_0003= 2207 2204 2202 2201 2206 2205 2203 2200 1107 1104 1102 1101 1106 1105 1103 1100
ChRemap_0004= 6007 6004 6002 6001 6006 6005 6003 6000 5307 5304 5302 5301 5306 5305 5303 5300
ChRemap_0005= 4307 4304 4302 4301 4306 4305 4303 4300 1007 1004 1002 1001 1006 1005 1003 1000
ChRemap_0006= 5907 5904 5902 5901 5906 5905 5903 5900 3207 3204 3202 3201 3206 3205 3203 3200
ChRemap_0007= 2107 2104 2102 2101 2106 2105 2103 2100 907 904 902 901 906 905 903 900
ChRemap_0008= 5207 5204 5202 5201 5206 5205 5203 5200 4207 4204 4202 4201 4206 4205 4203 4200
ChRemap_0009= 3107 3104 3102 3101 3106 3105 3103 3100 2007 2004 2002 2001 2006 2005 2003 2000
ChRemap_0010= 5807 5804 5802 5801 5806 5805 5803 5800 5107 5104 5102 5101 5106 5105 5103 5100
ChRemap_0011= 4107 4104 4102 4101 4106 4105 4103 4100 807 804 802 801 806 805 803 800
ChRemap_0012= 5707 5704 5702 5701 5706 5705 5703 5700 3007 3004 3002 3001 3006 3005 3003 3000
ChRemap_0013= 1907 1904 1902 1901 1906 1905 1903 1900 707 704 702 701 706 705 703 700
ChRemap_0014= 5007 5004 5002 5001 5006 5005 5003 5000 4007 4004 4002 4001 4006 4005 4003 4000
ChRemap_0015= 2907 2904 2902 2901 2906 2905 2903 2900 1807 1804 1802 1801 1806 1805 1803 1800
ChRemap_0016= 5607 5604 5602 5601 5606 5605 5603 5600 4907 4904 4902 4901 4906 4905 4903 4900
ChRemap_0017= 3907 3904 3902 3901 3906 3905 3903 3900 607 604 602 601 606 605 603 600
ChRemap_0018= 5507 5504 5502 5501 5506 5505 5503 5500 2807 2804 2802 2801 2806 2805 2803 2800
ChRemap_0019= 1707 1704 1702 1701 1706 1705 1703 1700 507 504 502 501 506 505 503 500
ChRemap_0020= 4807 4804 4802 4801 4806 4805 4803 4800 3807 3804 3802 3801 3806 3805 3803 3800
ChRemap_0021= 2707 2704 2702 2701 2706 2705 2703 2700 1607 1604 1602 1601 1606 1605 1603 1600
ChRemap_0022= 4707 4704 4702 4701 4706 4705 4703 4700 3707 3704 3702 3701 3706 3705 3703 3700
ChRemap_0023= 2607 2604 2602 2601 2606 2605 2603 2600 407 404 402 401 406 405 403 400
ChRemap_0024= 4607 4604 4602 4601 4606 4605 4603 4600 3607 3604 3602 3601 3606 3605 3603 3600
ChRemap_0025= 1507 1504 1502 1501 1506 1505 1503 1500 307 304 302 301 306 305  303  300
ChRemap_0026= 3507 3504 3502 3501 3506 3505 3503 3500 2507 2504 2502 2501 2506 2505 2503 2500
ChRemap_0027= 1407 1404 1402 1401 1406 1405 1403 1400 207 204 202 201 206 205 203 200
ChRemap_0028= 2407 2404 2402 2401 2406 2405 2403 2400 1207 1204 1202 1201 1206 1205 1203 1200
ChRemap_0029= 1307 1304 1302 1301 1306 1305 1303 1300 107 104 102 101 106 105 103 100
ChRemap_0030= 7 4 2 1 6 5 3 0 -1 -1 -1 -1 -1 -1 -1 -1
ChRemap_0031= -1 -1 -1 -1 -1 -1 -1 -1 -1 -1 -1 -1 -1 -1 -1 -1
ChRemap_0032= 11007 11004 11002 11001 11006 11005 11003 11000 11107 11104 11102 11101 11106 11105 11103 11100
ChRemap_0033= 12207 12204 12202 12201 12206 12205 12203 12200 12307 12304 12302 12301 12306 12305 12303 12300
ChRemap_0034= 10907 10904 10902 10901 10906 10905 10903 10900 12107 12104 12102 12101 12106 12105 12103 12100
ChRemap_0035= 13407 13404 13402 13401 13406 13405 13403 13400 14507 14504 14502 14501 14506 14505 14503 14500
ChRemap_0036= 10807 10804 10802 10801 10806 10805 10803 10800 13307 13304 13302 13301 13306 13305 13303 13300
ChRemap_0037= 14407 14404 14402 14401 14406 14405 14403 14400 15407 15404 15402 15401 15406 15405 15403 15400
ChRemap_0038= 12007 12004 12002 12001 12006 12005 12003 12000 13207 13204 13202 13201 13206 13205 13203 13200
ChRemap_0039= 14307 14304 14302 14301 14306 14305 14303 14300 15307 15304 15302 15301 15306 15305 15303 15300
ChRemap_0040= 10707 10704 10702 10701 10706 10705 10703 10700 11907 11904 11902 11901 11906 11905 11903 11900
ChRemap_0041= 13107 13104 13102 13101 13106 13105 13103 13100 14207 14204 14202 14201 14206 14205 14203 14200
ChRemap_0042= 10607 10604 10602 10601 10606 10605 10603 10600 11807 11804 11802 11801 11806 11805 11803 11800
ChRemap_0043= 15207 15204 15202 15201 15206 15205 15203 15200 16007 16004 16002 16001 16006 16005 16003 16000
ChRemap_0044= 13007 13004 13002 13001 13006 13005 13003 13000 14107 14104 14102 14101 14106 14105 14103 14100
ChRemap_0045= 15107 15104 15102 15101 15106 15105 15103 15100 15907 15904 15902 15901 15906 15905 15903 15900
ChRemap_0046= 10507 10504 10502 10501 10506 10505 10503 10500 11707 11704 11702 11701 11706 11705 11703 11700
ChRemap_0047= 12907 12904 12902 12901 12906 12905 12903 12900 14007 14004 14002 14001 14006 14005 14003 14000
ChRemap_0048= 10407 10404 10402 10401 10406 10405 10403 10400 11607 11604 11602 11601 11606 11605 11603 11600
ChRemap_0049= 15007 15004 15002 15001 15006 15005 15003 15000 15807 15804 15802 15801 15806 15805 15803 15800
ChRemap_0050= 12807 12804 12802 12801 12806 12805 12803 12800 13907 13904 13902 13901 13906 13905 13903 13900
ChRemap_0051= 14907 14904 14902 14901 14906 14905 14903 14900 15707 15704 15702 15701 15706 15705 15703 15700
ChRemap_0052= 10307 10304 10302 10301 10306 10305 10303 10300 11507 11504 11502 11501 11506 11505 11503 11500
ChRemap_0053= 12707 12704 12702 12701 12706 12705 12703 12700 13807 13804 13802 13801 13806 13805 13803 13800
ChRemap_0054= 10207 10204 10202 10201 10206 10205 10203 10200 11407 11404 11402 11401 11406 11405 11403 11400
ChRemap_0055= 14807 14804 14802 14801 14806 14805 14803 14800 15607 15604 15602 15601 15606 15605 15603 15600
ChRemap_0056= 12607 12604 12602 12601 12606 12605 12603 12600 13707 13704 13702 13701 13706 13705 13703 13700
ChRemap_0057= 14707 14704 14702 14701 14706 14705 14703 14700 15507 15504 15502 15501 15506 15505 15503 15500
ChRemap_0058= 10107 10104 10102 10101 10106 10105 10103 10100 11307 11304 11302 11301 11306 11305 11300 11303
ChRemap_0059= 12507 12504 12502 12501 12506 12505 12503 12500 13607 13604 13602 13601 13606 13605 13603 13600
ChRemap_0060= 10007 10004 10002 10001 10006 10005 10003 10000 11207 11204 11202 11201 11206 11205 11203 11200
ChRemap_0061= 12407 12404 12402 12401 12406 12405 12403 12400 14607 14604 14602 14601 14606 14605 14603 14600
ChRemap_0062= 13507 13504 13502 13501 13506 13505 13503 13500 -1 -1 -1 -1 -1 -1 -1 -1
ChRemap_0063= -1 -1 -1 -1 -1 -1 -1 -1 -1 -1 -1 -1 -1 -1 -1 -1
ChRemap_0064= 104607 104604 104602 104601 104606 104605 104603 104600 103607 103604 103602 103601 103606 103605 103603 103600
ChRemap_0065= 101507 101504 101502 101501 101506 101505 101503 101500 100307 100304 100302 100301 100306 100305 100303 100300
ChRemap_0066= 104407 104404 104402 104401 104406 104405 104403 104400 103307 103304 103302 103301 103306 103305 103303 103300
ChRemap_0067= 102207 102204 102202 102201 102206 102205 102203 102200 101107 101104 101102 101101 101106 101105 101103 101100
ChRemap_0068= 106007 106004 106002 106001 106006 106005 106003 106000 105307 105304 105302 105301 105306 105305 105303 105300
ChRemap_0069= 104307 104304 104302 104301 104306 104305 104303 104300 101007 101004 101002 101001 101006 101005 101003 101000
ChRemap_0070= 105907 105904 105902 105901 105906 105905 105903 105900 103207 103204 103202 103201 103206 103205 103203 103200
ChRemap_0071= 102107 102104 102102 102101 102106 102105 102103 102100 100907 100904 100902 100901 100906 100905 100903 100900
ChRemap_0072= 105207 105204 105202 105201 105206 105205 105203 105200 104207 104204 104202 104201 104206 104205 104203 104200
ChRemap_0073= 103107 103104 103102 103101 103106 103105 103103 103100 102007 102004 102002 102001 102006 102005 102003 102000
ChRemap_0074= 105807 105804 105802 105801 105806 105805 105803 105800 105107 105104 105102 105101 105106 105105 105103 105100
ChRemap_0075= 104107 104104 104102 104101 104106 104105 104103 104100 100807 100804 100802 100801 100806 100805 100803 100800
ChRemap_0076= 105707 105704 105702 105701 105706 105705 105703 105700 103007 103004 103002 103001 103006 103005 103003 103000
ChRemap_0077= 101907 101904 101902 101901 101906 101905 101903 101900 100707 100704 100702 100701 100706 100705 100703 100700
ChRemap_0078= 105007 105004 105002 105001 105006 105005 105003 105000 104007 104004 104002 104001 104006 104005 104003 104000
ChRemap_0079= 102907 102904 102902 102901 102906 102905 102903 102900 101807 101804 101802 101801 101806 101805 101803 101800
ChRemap_0080= 105607 105604 105602 105601 105606 105605 105603 105600 104907 104904 104902 104901 104906 104905 104903 104900
ChRemap_0081= 103907 103904 103902 103901 103906 103905 103903 103900 100607 100604 100602 100601 100606 100605 100603 100600
ChRemap_0082= 105507 105504 105502 105501 105506 105505 105503 105500 102807 102804 102802 102801 102806 102805 102803 102800
ChRemap_0083= 101707 101704 101702 101701 101706 101705 101703 101700 100507 100504 100502 100501 100506 100505 100503 100500
ChRemap_0084= 104807 104804 104802 104801 104806 104805 104803 104800 103807 103804 103802 103801 103806 103805 103803 103800
ChRemap_0085= 102707 102704 102702 102701 102706 102705 102703 102700 101607 101604 101602 101601 101606 101605 101603 101600
ChRemap_0086= 104707 104704 104702 104701 104706 104705 104703 104700 103707 103704 103702 103701 103706 103705 103703 103700
ChRemap_0087= 102607 102604 102602 102601 102606 102605 102603 102600 100407 100404 100402 100401 100406 100405 100403 100400
ChRemap_0088= 105407 105404 105402 105401 105406 105405 105403 105400 104507 104504 104502 104501 104506 104505 104503 104500
ChRemap_0089= 103407 103404 103402 103401 103406 103405 103403 103400 102307 102304 102302 102301 102306 102305 102303 102300
ChRemap_0090= 103507 103504 103502 103501 103506 103505 103503 103500 102507 102504 102502 102501 102506 102505 102503 102500
ChRemap_0091= 101407 101404 101402 101401 101406 101405 101403 101400 100207 100204 100202 100201 100206 100205 100203 100200
ChRemap_0092= 102407 102404 102402 102401 102406 102405 102403 102400 101207 101204 101202 101201 101206 101205 101203 101200
ChRemap_0093= 101307 101304 101302 101301 101306 101305 101303 101300 100107 100104 100102 100101 100106 100105 100103 100100
ChRemap_0094= 100007 100004 100002 100001 100006 100005 100003 100000 -1 -1 -1 -1 -1 -1 -1 -1
ChRemap_0095= -1 -1 -1 -1 -1 -1 -1 -1 -1 -1 -1 -1 -1 -1 -1 -1
ChRemap_0096= 111007 111004 111002 111001 111006 111005 111003 111000 111107 111104 111102 111101 111106 111105 111103 111100
ChRemap_0097= 112207 112204 112202 112201 112206 112205 112203 112200 112307 112304 112302 112301 112306 112305 112303 112300
ChRemap_0098= 110907 110904 110902 110901 110906 110905 110903 110900 112107 112104 112102 112101 112106 112105 112103 112100
ChRemap_0099= 113407 113404 113402 113401 113406 113405 113403 113400 114507 114504 114502 114501 114506 114505 114503 114500
ChRemap_0100= 110807 110804 110802 110801 110806 110805 110803 110800 113307 113304 113302 113301 113306 113305 113303 113300
ChRemap_0101= 114407 114404 114402 114401 114406 114405 114403 114400 115407 115404 115402 115401 115406 115405 115403 115400
ChRemap_0102= 112007 112004 112002 112001 112006 112005 112003 112000 113207 113204 113202 113201 113206 113205 113203 113200
ChRemap_0103= 114307 114304 114302 114301 114306 114305 114303 114300 115307 115304 115302 115301 115306 115305 115303 115300
ChRemap_0104= 110707 110704 110702 110701 110706 110705 110703 110700 111907 111904 111902 111901 111906 111905 111903 111900
ChRemap_0105= 113107 113104 113102 113101 113106 113105 113103 113100 114207 114204 114202 114201 114206 114205 114203 114200
ChRemap_0106= 110607 110604 110602 110601 110606 110605 110603 110600 111807 111804 111802 111801 111806 111805 111803 111800
ChRemap_0107= 115207 115204 115202 115201 115206 115205 115203 115200 116007 116004 116002 116001 116006 116005 116003 116000
ChRemap_0108= 113007 113004 113002 113001 113006 113005 113003 113000 114107 114104 114102 114101 114106 114105 114103 114100
ChRemap_0109= 115107 115104 115102 115101 115106 115105 115103 115100 115907 115904 115902 115901 115906 115905 115903 115900
ChRemap_0110= 110507 110504 110502 110501 110506 110505 110503 110500 111707 111704 111702 111701 111706 111705 111703 111700
ChRemap_0111= 112907 112904 112902 112901 112906 112905 112903 112900 114007 114004 114002 114001 114006 114005 114003 114000
ChRemap_0112= 110407 110404 110402 110401 110406 110405 110403 110400 111607 111604 111602 111601 111606 111605 111603 111600
ChRemap_0113= 115007 115004 115002 115001 115006 115005 115003 115000 115807 115804 115802 115801 115806 115805 115803 115800
ChRemap_0114= 112807 112804 112802 112801 112806 112805 112803 112800 113907 113904 113902 113901 113906 113905 113903 113900
ChRemap_0115= 114907 114904 114902 114901 114906 114905 114903 114900 115707 115704 115702 115701 115706 115705 115703 115700
ChRemap_0116= 110307 110304 110302 110301 110306 110305 110303 110300 111507 111504 111502 111501 111506 111505 111503 111500
ChRemap_0117= 112707 112704 112702 112701 112706 112705 112703 112700 113807 113804 113802 113801 113806 113805 113803 113800
ChRemap_0118= 110207 110204 110202 110201 110206 110205 110203 110200 111407 111404 111402 111401 111406 111405 111403 111400
ChRemap_0119= 114807 114804 114802 114801 114806 114805 114803 114800 115607 115604 115602 115601 115606 115605 115603 115600
ChRemap_0120= 112607 112604 112602 112601 112606 112605 112603 112600 113707 113704 113702 113701 113706 113705 113703 113700
ChRemap_0121= 114707 114704 114702 114701 114706 114705 114703 114700 115507 115504 115502 115501 115506 115505 115503 115500
ChRemap_0122= 110107 110104 110102 110101 110106 110105 110103 110100 111307 111304 111302 111301 111306 111305 111303 111300
ChRemap_0123= 112507 112504 112502 112501 112506 112505 112503 112500 113607 113604 113602 113601 113606 113605 113603 113600
ChRemap_0124= 110007 110004 110002 110001 110006 110005 110003 110000 111207 111204 111202 111201 111206 111205 111203 111200
ChRemap_0125= 112407 112404 112402 112401 112406 112405 112403 112400 114607 114604 114602 114601 114606 114605 114603 114600
ChRemap_0126= 113507 113504 113502 113501 113506 113505 113503 113500 -1 -1 -1 -1 -1 -1 -1 -1
ChRemap_0127= -1 -1 -1 -1 -1 -1 -1 -1 -1 -1 -1 -1 -1 -1 -1 -1
ChRemap_0128= 5410 4510 3410 2310 4610 3610 1510 310 4410 3310 2210 1110 -1 -1 -1 -1
ChRemap_0129= 6010 5310 4310 1010 -1 -1 -1 -1 5910 3210 2110 910 -1 -1 -1 -1
ChRemap_0130= 5210 4210 3110 2010 3510 2510 1410 210 5810 5110 4110 810 -1 -1 -1 -1
ChRemap_0131= 5710 3010 1910 710 -1 -1 -1 -1 5010 4010 2910 1810 -1 -1 -1 -1
ChRemap_0132= 5610 4910 3910 610 -1 -1 -1 -1 -1 -1 -1 -1 5510 2810 1710 510
ChRemap_0133= 4810 3810 2710 1610 2410 1210 1310 110 4710 3710 2610 410 10 -1 -1 -1
ChRemap_0134= -1 -1 -1 -1 -1 -1 -1 -1 -1 -1 -1 -1 -1 -1 -1 -1
ChRemap_0135= -1 -1 -1 -1 -1 -1 -1 -1 -1 -1 -1 -1 -1 -1 -1 -1
ChRemap_0136= 11010 11110 12210 12310 12610 13710 14710 15510 10910 12110 13410 14510 -1 -1 -1 -1
ChRemap_0137= 10810 13310 14410 15410 -1 -1 -1 -1 12010 13210 14310 15310 -1 -1 -1 -1
ChRemap_0138= 10710 11910 13110 14210 10110 11310 12510 13610 10610 11810 15210 16010 -1 -1 -1 -1
ChRemap_0139= 13010 14110 15110 15910 -1 -1 -1 -1 10510 11710 12910 14010 -1 -1 -1 -1
ChRemap_0140= 10410 11610 15010 15810 10010 11210 12410 14610 12810 13910 14910 15710 -1 -1 -1 -1
ChRemap_0141= 10310 11510 12710 13810 -1 -1 -1 -1 10210 11410 14810 15610 13510 -1 -1 -1
ChRemap_0142= -1 -1 -1 -1 -1 -1 -1 -1 -1 -1 -1 -1 -1 -1 -1 -1
ChRemap_0143= -1 -1 -1 -1 -1 -1 -1 -1 -1 -1 -1 -1 -1 -1 -1 -1
ChRemap_0144= 105410 104510 103410 102310 -1 -1 -1 -1 104410 103310 102210 101110 -1 -1 -1 -1
ChRemap_0145= 106010 105310 104310 101010 -1 -1 -1 -1 105910 103210 102110 100910 -1 -1 -1 -1
ChRemap_0146= 105210 104210 103110 102010 -1 -1 -1 -1 105810 105110 104110 100810 -1 -1 -1 -1
ChRemap_0147= 105710 103010 101910 100710 -1 -1 -1 -1 105010 104010 102910 101810 -1 -1 -1 -1
ChRemap_0148= 105610 104910 103910 100610 -1 -1 -1 -1 105510 102810 101710 100510 -1 -1 -1 -1
ChRemap_0149= 104810 103810 102710 101610 -1 -1 -1 -1 104710 103710 102610 100410 -1 -1 -1 -1
ChRemap_0150= 104610 103610 101510 100310 -1 -1 -1 -1 103510 102510 101410 100210 -1 -1 -1 -1
ChRemap_0151= 102410 101210 101310 100110 -1 -1 -1 -1 100010 -1 -1 -1 -1 -1 -1 -1
ChRemap_0152= -1 -1 -1 -1 111010 111110 112210 112310 110910 112110 113410 114510 -1 -1 -1 -1
ChRemap_0153= 110810 113310 114410 115410 -1 -1 -1 -1 -1 -1 -1 -1 112010 113210 114310 115310
ChRemap_0154= 110710 111910 113110 114210 -1 -1 -1 -1 110610 111810 115210 116010 -1 -1 -1 -1
ChRemap_0155= 113010 114110 115110 115910 -1 -1 -1 -1 110510 111710 112910 114010 -1 -1 -1 -1
ChRemap_0156= 110410 111610 115010 115810 -1 -1 -1 -1 112810 113910 114910 115710 -1 -1 -1 -1
ChRemap_0157= 110310 111510 112710 113810 -1 -1 -1 -1 110210 111410 114810 115610 -1 -1 -1 -1
ChRemap_0158= 112610 113710 114710 115510 -1 -1 -1 -1 110110 111310 112510 113610 -1 -1 -1 -1
ChRemap_0159= 110010 111210 112410 114610 -1 -1 -1 -1 113510 -1 -1 -1 -1 -1 -1 -1
