# Generated with run 8636, valid from run 8623.
# Stretching values of FE thresholds for channels with ROID 576-608
# put back to correct values from run 8623
#---------------------------------------------------------------------
#SeqID 	 MinWidth 	 MaxWidth 	 SC_MinWidth 	 SC_MaxWidth
#---------------------------------------------------------------------
0 	 13.1361 	 17.1361 	 0.194037 	 -0.296251
1 	 12.6523 	 16.6523 	 0.472478 	 -0.391613
2 	 12.3137 	 16.3137 	 0.439061 	 -0.439903
3 	 12.1353 	 16.1353 	 0.315942 	 -0.519239
4 	 13.2278 	 17.2278 	 0.20362 	 -0.452668
5 	 12.458 	 16.458 	 0.201164 	 -0.324212
6 	 12.2927 	 16.2927 	 0.349902 	 -0.445444
7 	 13.0105 	 17.0105 	 0.443086 	 -0.260494
8 	 12.9833 	 16.9833 	 0.33951 	 -0.477539
9 	 13.2945 	 17.2945 	 0.312356 	 -0.370683
10 	 13.5462 	 17.5462 	 0.0153754 	 -0.245602
11 	 12.9452 	 16.9452 	 0.252796 	 -0.487007
12 	 12.9702 	 16.9702 	 0.404053 	 -0.491321
13 	 12.4486 	 16.4486 	 0.345276 	 -0.50861
14 	 13.3347 	 17.3347 	 0.341106 	 -0.421169
15 	 13.148 	 17.148 	 0.361771 	 -0.493872
16 	 13.8693 	 17.8693 	 0.163768 	 -0.236065
17 	 13.7105 	 17.7105 	 0.307649 	 -0.350715
18 	 13.8207 	 17.8207 	 0.26169 	 -0.36698
19 	 13.6549 	 17.6549 	 0.29653 	 -0.40552
20 	 13.7902 	 17.7902 	 0.266672 	 -0.323336
21 	 13.6393 	 17.6393 	 0.20432 	 -0.355705
22 	 13.5135 	 17.5135 	 0.241286 	 -0.365674
23 	 13.3496 	 17.3496 	 0.263678 	 -0.314998
24 	 12.552 	 16.552 	 0.286089 	 -0.33246
25 	 12.7694 	 16.7694 	 0.277593 	 -0.315457
26 	 13.2611 	 17.2611 	 0.219383 	 -0.255944
27 	 12.8284 	 16.8284 	 0.262525 	 -0.322691
28 	 12.6856 	 16.6856 	 0.24174 	 -0.289521
29 	 12.6488 	 16.6488 	 0.372766 	 -0.455704
30 	 12.8778 	 16.8778 	 0.273224 	 -0.333919
31 	 12.7781 	 16.7781 	 0.26774 	 -0.313269
32 	 12.2475 	 16.2475 	 0.400141 	 -0.458499
33 	 12.6342 	 16.6342 	 0.29275 	 -0.373301
34 	 12.6687 	 16.6687 	 0.270894 	 -0.332129
35 	 12.153 	 16.153 	 0.318506 	 -0.396277
36 	 12.5553 	 16.5553 	 0.295103 	 -0.356504
37 	 12.2198 	 16.2198 	 0.320548 	 -0.382522
38 	 11.9051 	 15.9051 	 0.391017 	 -0.438282
39 	 12.7865 	 16.7865 	 0.318025 	 -0.34532
40 	 13.0595 	 17.0595 	 0.213015 	 -0.253127
41 	 13.4718 	 17.4718 	 0.243901 	 -0.288307
42 	 13.3604 	 17.3604 	 0.211452 	 -0.243931
43 	 13.86 	 17.86 	 0.196214 	 -0.236959
44 	 13.4678 	 17.4678 	 0.291506 	 -0.319062
45 	 13.5977 	 17.5977 	 0.216709 	 -0.288128
46 	 13.4841 	 17.4841 	 0.185051 	 -0.238336
47 	 13.2904 	 17.2904 	 0.294617 	 -0.32267
48 	 12.6759 	 16.6759 	 0.073217 	 -0.396256
49 	 12.3653 	 16.3653 	 0.115141 	 -0.564259
50 	 12.7366 	 16.7366 	 0.141703 	 -0.467201
51 	 12.6387 	 16.6387 	 0.0409961 	 -0.423544
52 	 12.402 	 16.402 	 0.0500354 	 -0.465796
53 	 12.8914 	 16.8914 	 -0.00219503 	 -0.43138
54 	 12.7371 	 16.7371 	 0.106731 	 -0.402103
55 	 12.2448 	 16.2448 	 0.0379283 	 -0.507581
56 	 13.577 	 17.577 	 0.0579022 	 -0.43639
57 	 14.3507 	 18.3507 	 0.116892 	 -0.420459
58 	 13.7564 	 17.7564 	 0.0929351 	 -0.442906
59 	 14.0824 	 18.0824 	 0.0466621 	 -0.38598
60 	 14.9819 	 18.9819 	 0.0912561 	 -0.377501
61 	 14.2013 	 18.2013 	 0.135594 	 -0.422411
62 	 14.1138 	 18.1138 	 0.093057 	 -0.439226
63 	 14.4537 	 18.4537 	 0.147386 	 -0.418043
64 	 14.0973 	 18.0973 	 0.0534644 	 -0.332218
65 	 14.298 	 18.298 	 0.0605946 	 -0.315926
66 	 14.0418 	 18.0418 	 0.0399083 	 -0.28955
67 	 14.4515 	 18.4515 	 0.0982066 	 -0.359548
68 	 13.7418 	 17.7418 	 0.0901227 	 -0.337618
69 	 14.4431 	 18.4431 	 0.0805011 	 -0.244215
70 	 14.3374 	 18.3374 	 0.0434611 	 -0.212
71 	 14.4363 	 18.4363 	 0.0642294 	 -0.313715
72 	 14.1222 	 18.1222 	 0.132514 	 -0.43599
73 	 13.55 	 17.55 	 0.107732 	 -0.429791
74 	 14.1304 	 18.1304 	 0.10365 	 -0.348844
75 	 13.6376 	 17.6376 	 0.183111 	 -0.438622
76 	 14.1289 	 18.1289 	 0.132797 	 -0.395287
77 	 14.1888 	 18.1888 	 0.125859 	 -0.364954
78 	 13.9327 	 17.9327 	 0.0740792 	 -0.274937
79 	 14.2841 	 18.2841 	 0.0678709 	 -0.35492
80 	 13.2388 	 17.2388 	 0.0487324 	 -0.583897
81 	 14.1654 	 18.1654 	 0.101621 	 -0.432238
82 	 13.8866 	 17.8866 	 0.0915016 	 -0.46976
83 	 13.8909 	 17.8909 	 0.0957622 	 -0.558376
84 	 13.9541 	 17.9541 	 0.104509 	 -0.508327
85 	 13.9946 	 17.9946 	 0.143625 	 -0.530297
86 	 13.8641 	 17.8641 	 0.179738 	 -0.540196
87 	 14.3538 	 18.3538 	 0.0882658 	 -0.427036
88 	 13.8725 	 17.8725 	 0.2849 	 -0.317459
89 	 13.1332 	 17.1332 	 0.531709 	 -0.474065
90 	 14.2822 	 18.2822 	 0.265167 	 -0.323054
91 	 14.1779 	 18.1779 	 0.275832 	 -0.341491
92 	 14.3293 	 18.3293 	 0.264029 	 -0.312223
93 	 14.2136 	 18.2136 	 0.263553 	 -0.3102
94 	 14.0717 	 18.0717 	 0.296979 	 -0.350057
95 	 14.1247 	 18.1247 	 0.184625 	 -0.324561
96 	 12.7774 	 16.7774 	 0.281152 	 -0.436153
97 	 12.7235 	 16.7235 	 0.14075 	 -0.452457
98 	 12.6753 	 16.6753 	 0.175104 	 -0.408495
99 	 12.428 	 16.428 	 0.145559 	 -0.426628
100 	 12.7947 	 16.7947 	 0.257876 	 -0.366334
101 	 12.6336 	 16.6336 	 0.117078 	 -0.29808
102 	 12.742 	 16.742 	 0.0100838 	 -0.328968
103 	 12.6999 	 16.6999 	 0.196145 	 -0.504833
104 	 12.3205 	 16.3205 	 0.245545 	 -0.445254
105 	 13.3287 	 17.3287 	 0.213193 	 -0.309241
106 	 14.0414 	 18.0414 	 0.205281 	 -0.314492
107 	 12.833 	 16.833 	 0.184871 	 -0.328663
108 	 13.4499 	 17.4499 	 0.208324 	 -0.346603
109 	 12.1278 	 16.1278 	 0.296076 	 -0.442851
110 	 13.3306 	 17.3306 	 0.221667 	 -0.383642
111 	 12.7138 	 16.7138 	 0.296054 	 -0.43394
112 	 13.2533 	 17.2533 	 0.301258 	 -0.355889
113 	 13.4893 	 17.4893 	 0.252433 	 -0.306282
114 	 13.6957 	 17.6957 	 0.229664 	 -0.287025
115 	 13.436 	 17.436 	 0.215083 	 -0.379493
116 	 13.5137 	 17.5137 	 0.279204 	 -0.340357
117 	 13.4527 	 17.4527 	 0.216894 	 -0.316363
118 	 13.3391 	 17.3391 	 0.230546 	 -0.323484
119 	 13.3531 	 17.3531 	 0.240579 	 -0.35115
120 	 13.0782 	 17.0782 	 0.276382 	 -0.314169
121 	 12.3397 	 16.3397 	 0.401261 	 -0.46715
122 	 12.5088 	 16.5088 	 0.362143 	 -0.397995
123 	 13.1958 	 17.1958 	 0.269125 	 -0.317718
124 	 12.7112 	 16.7112 	 0.252296 	 -0.360319
125 	 12.3557 	 16.3557 	 0.36176 	 -0.413799
126 	 12.3034 	 16.3034 	 0.3396 	 -0.396272
127 	 12.3505 	 16.3505 	 0.341298 	 -0.376058
128 	 13.5891 	 17.5891 	 0.299533 	 -0.353705
129 	 14.1074 	 18.1074 	 0.286712 	 -0.325886
130 	 13.9613 	 17.9613 	 0.315932 	 -0.317883
131 	 13.974 	 17.974 	 0.223212 	 -0.267245
132 	 14.2271 	 18.2271 	 0.227396 	 -0.2062
133 	 13.8988 	 17.8988 	 0.25417 	 -0.30413
134 	 14.1175 	 18.1175 	 0.272796 	 -0.240065
135 	 14.6617 	 18.6617 	 0.215252 	 -0.236154
136 	 13.5932 	 17.5932 	 0.247329 	 -0.302943
137 	 13.1553 	 17.1553 	 0.132802 	 -0.20683
138 	 13.212 	 17.212 	 0.227273 	 -0.290127
139 	 13.4188 	 17.4188 	 0.24543 	 -0.301854
140 	 13.2796 	 17.2796 	 0.238581 	 -0.264591
141 	 13.408 	 17.408 	 0.245099 	 -0.274052
142 	 13.4285 	 17.4285 	 0.251275 	 -0.236319
143 	 13.4368 	 17.4368 	 0.186834 	 -0.206293
144 	 13.4157 	 17.4157 	 0.102838 	 -0.411812
145 	 13.3803 	 17.3803 	 0.09932 	 -0.288229
146 	 13.1522 	 17.1522 	 0.0796052 	 -0.430106
147 	 13.343 	 17.343 	 0.0436125 	 -0.285489
148 	 12.9631 	 16.9631 	 0.126553 	 -0.390983
149 	 13.0141 	 17.0141 	 0.0973839 	 -0.354502
150 	 13.397 	 17.397 	 0.105406 	 -0.253688
151 	 13.4954 	 17.4954 	 0.00392149 	 -0.230518
152 	 13.0494 	 17.0494 	 0.304465 	 -0.294485
153 	 13.576 	 17.576 	 0.207042 	 -0.234562
154 	 13.3793 	 17.3793 	 0.218514 	 -0.25995
155 	 13.3791 	 17.3791 	 0.233322 	 -0.211636
156 	 13.028 	 17.028 	 0.258385 	 -0.275489
157 	 13.1851 	 17.1851 	 0.229951 	 -0.261723
158 	 13.0512 	 17.0512 	 0.308257 	 -0.293843
159 	 13.414 	 17.414 	 0.233419 	 -0.239197
160 	 12.2958 	 16.2958 	 0.0538405 	 -0.558495
161 	 12.6714 	 16.6714 	 0.155152 	 -0.586664
162 	 12.6121 	 16.6121 	 0.108948 	 -0.51887
163 	 12.8379 	 16.8379 	 0.0670595 	 -0.431434
164 	 13.2476 	 17.2476 	 0.104188 	 -0.415342
165 	 13.0166 	 17.0166 	 0.0773607 	 -0.476866
166 	 12.459 	 16.459 	 0.113473 	 -0.576094
167 	 13.0738 	 17.0738 	 0.134776 	 -0.521392
168 	 13.1209 	 17.1209 	 0.117453 	 -0.131365
169 	 12.8811 	 16.8811 	 0.128893 	 -0.231138
170 	 12.8536 	 16.8536 	 0.279332 	 -0.312884
171 	 13.3722 	 17.3722 	 0.163796 	 -0.214675
172 	 13.4146 	 17.4146 	 0.192698 	 -0.173449
173 	 12.9688 	 16.9688 	 0.176812 	 -0.219946
174 	 12.9969 	 16.9969 	 0.227517 	 -0.236772
175 	 13.3179 	 17.3179 	 0.220943 	 -0.231799
176 	 13.8857 	 17.8857 	 0.290974 	 -0.337249
177 	 13.8364 	 17.8364 	 0.243984 	 -0.258382
178 	 13.8606 	 17.8606 	 0.245025 	 -0.313583
179 	 14.2846 	 18.2846 	 0.252551 	 -0.291442
180 	 13.9952 	 17.9952 	 0.265944 	 -0.29117
181 	 13.9887 	 17.9887 	 0.225249 	 -0.243541
182 	 14.2917 	 18.2917 	 0.268518 	 -0.314522
183 	 14.0386 	 18.0386 	 0.248504 	 -0.28357
184 	 14.1022 	 18.1022 	 0.206039 	 -0.291798
185 	 13.7484 	 17.7484 	 0.25523 	 -0.308047
186 	 13.8587 	 17.8587 	 0.276732 	 -0.343913
187 	 13.5053 	 17.5053 	 0.226951 	 -0.309568
188 	 13.7996 	 17.7996 	 0.239447 	 -0.337819
189 	 13.5294 	 17.5294 	 0.242556 	 -0.332254
190 	 13.5526 	 17.5526 	 0.231645 	 -0.31996
191 	 13.5235 	 17.5235 	 0.254764 	 -0.338123
192 	 13.7754 	 17.7754 	 0.134897 	 -0.37308
193 	 13.65 	 17.65 	 0.220574 	 -0.379855
194 	 13.527 	 17.527 	 0.232078 	 -0.375201
195 	 13.2443 	 17.2443 	 0.0667469 	 -0.30583
196 	 13.6258 	 17.6258 	 0.0750759 	 -0.291009
197 	 13.3557 	 17.3557 	 0.168895 	 -0.402625
198 	 13.5843 	 17.5843 	 0.105021 	 -0.348935
199 	 13.3976 	 17.3976 	 0.156314 	 -0.309455
200 	 13.7761 	 17.7761 	 0.240577 	 -0.341896
201 	 14.5566 	 18.5566 	 0.229592 	 -0.335892
202 	 14.2658 	 18.2658 	 0.268446 	 -0.311787
203 	 13.9167 	 17.9167 	 0.226492 	 -0.300469
204 	 13.9318 	 17.9318 	 0.252295 	 -0.366503
205 	 13.6195 	 17.6195 	 0.206428 	 -0.295806
206 	 13.8853 	 17.8853 	 0.299155 	 -0.403814
207 	 14.5134 	 18.5134 	 0.143954 	 -0.272229
208 	 11.7782 	 15.7782 	 0.229767 	 -0.349704
209 	 12.7718 	 16.7718 	 0.243951 	 -0.279124
210 	 12.7978 	 16.7978 	 0.231776 	 -0.278732
211 	 11.983 	 15.983 	 0.306429 	 -0.378611
212 	 12.6642 	 16.6642 	 0.170751 	 -0.245945
213 	 12.18 	 16.18 	 0.274519 	 -0.363196
214 	 12.9045 	 16.9045 	 0.198585 	 -0.277279
215 	 12.6989 	 16.6989 	 0.298797 	 -0.315211
216 	 13.3233 	 17.3233 	 0.207937 	 -0.279528
217 	 13.4534 	 17.4534 	 0.184583 	 -0.242358
218 	 13.7438 	 17.7438 	 0.247297 	 -0.288317
219 	 13.5451 	 17.5451 	 0.264411 	 -0.301532
220 	 13.5214 	 17.5214 	 0.252454 	 -0.290691
221 	 13.3993 	 17.3993 	 0.227164 	 -0.273381
222 	 13.0304 	 17.0304 	 0.233583 	 -0.300112
223 	 13.7571 	 17.7571 	 0.233185 	 -0.295658
224 	 12.7709 	 16.7709 	 0.2003 	 -0.256211
225 	 12.7924 	 16.7924 	 0.242254 	 -0.297272
226 	 13.1048 	 17.1048 	 0.251927 	 -0.317101
227 	 13.0096 	 17.0096 	 0.184983 	 -0.202065
228 	 13.0035 	 17.0035 	 0.272109 	 -0.272892
229 	 13.2427 	 17.2427 	 0.174864 	 -0.253733
230 	 12.9836 	 16.9836 	 0.216425 	 -0.232551
231 	 12.8956 	 16.8956 	 0.204289 	 -0.237243
232 	 12.9814 	 16.9814 	 0.256495 	 -0.218104
233 	 13.2724 	 17.2724 	 0.196481 	 -0.226743
234 	 13.1209 	 17.1209 	 0.200682 	 -0.225564
235 	 12.9916 	 16.9916 	 0.236082 	 -0.248803
236 	 13.1985 	 17.1985 	 0.23452 	 -0.26467
237 	 13.111 	 17.111 	 0.181283 	 -0.189321
238 	 13.0796 	 17.0796 	 0.189425 	 -0.229998
239 	 13.4681 	 17.4681 	 0.243967 	 -0.253749
240 	 13.6076 	 17.6076 	 0.260685 	 -0.284402
241 	 14.129 	 18.129 	 0.256367 	 -0.270142
242 	 14.1498 	 18.1498 	 0.283324 	 -0.316151
243 	 13.9154 	 17.9154 	 0.221898 	 -0.270633
244 	 14.2234 	 18.2234 	 0.280514 	 -0.275917
245 	 14.2003 	 18.2003 	 0.230463 	 -0.257726
246 	 14.5944 	 18.5944 	 0.188955 	 -0.206197
247 	 14.1163 	 18.1163 	 0.24964 	 -0.265321
248 	 13.634 	 17.634 	 0.287781 	 -0.323177
249 	 13.5574 	 17.5574 	 0.217404 	 -0.245303
250 	 13.3923 	 17.3923 	 0.225651 	 -0.313863
251 	 13.8381 	 17.8381 	 0.245964 	 -0.27974
252 	 13.6722 	 17.6722 	 0.23961 	 -0.304743
253 	 13.2646 	 17.2646 	 0.246737 	 -0.287882
254 	 13.8847 	 17.8847 	 0.23589 	 -0.281928
255 	 13.6588 	 17.6588 	 0.210806 	 -0.305386
256 	 13.8539 	 17.8539 	 0.230795 	 -0.269147
257 	 13.8199 	 17.8199 	 0.201367 	 -0.240033
258 	 13.604 	 17.604 	 0.263218 	 -0.307274
259 	 13.7578 	 17.7578 	 0.25021 	 -0.269101
260 	 13.9821 	 17.9821 	 0.2108 	 -0.203206
261 	 13.6209 	 17.6209 	 0.258737 	 -0.26725
262 	 13.8025 	 17.8025 	 0.203285 	 -0.238115
263 	 13.9736 	 17.9736 	 0.187159 	 -0.20716
264 	 13.4159 	 17.4159 	 0.199533 	 -0.249489
265 	 12.7143 	 16.7143 	 0.283556 	 -0.304751
266 	 12.8507 	 16.8507 	 0.28192 	 -0.309719
267 	 12.6473 	 16.6473 	 0.260445 	 -0.304934
268 	 12.6728 	 16.6728 	 0.316761 	 -0.326649
269 	 12.7255 	 16.7255 	 0.199979 	 -0.272739
270 	 12.9748 	 16.9748 	 0.263193 	 -0.275772
271 	 12.8625 	 16.8625 	 0.260737 	 -0.276071
272 	 13.1211 	 17.1211 	 0.324197 	 -0.350869
273 	 13.3573 	 17.3573 	 0.217021 	 -0.262917
274 	 13.3719 	 17.3719 	 0.250783 	 -0.275152
275 	 13.6622 	 17.6622 	 0.226018 	 -0.283318
276 	 13.4984 	 17.4984 	 0.251997 	 -0.332779
277 	 13.1522 	 17.1522 	 0.248782 	 -0.2877
278 	 13.1156 	 17.1156 	 0.259359 	 -0.337491
279 	 13.4379 	 17.4379 	 0.282391 	 -0.350538
280 	 12.6271 	 16.6271 	 0.260598 	 -0.42179
281 	 13.1053 	 17.1053 	 0.148061 	 -0.369525
282 	 13.3152 	 17.3152 	 0.256384 	 -0.350549
283 	 13.0598 	 17.0598 	 0.106841 	 -0.275836
284 	 13.5708 	 17.5708 	 0.118265 	 -0.276904
285 	 13.1675 	 17.1675 	 0.0821014 	 -0.0696046
286 	 13.108 	 17.108 	 0.0374496 	 -0.181448
287 	 13.5911 	 17.5911 	 0.185804 	 -0.284898
288 	 13.0645 	 17.0645 	 0.231073 	 -0.390974
289 	 12.7276 	 16.7276 	 0.29414 	 -0.407645
290 	 12.6673 	 16.6673 	 0.281115 	 -0.342397
291 	 12.5196 	 16.5196 	 0.346746 	 -0.469553
292 	 12.3306 	 16.3306 	 0.35779 	 -0.458688
293 	 12.9594 	 16.9594 	 0.239402 	 -0.368438
294 	 12.396 	 16.396 	 0.292686 	 -0.387388
295 	 12.6595 	 16.6595 	 0.267765 	 -0.430563
296 	 14.0611 	 18.0611 	 0.197028 	 -0.292157
297 	 14.0415 	 18.0415 	 0.272423 	 -0.288184
298 	 14.0481 	 18.0481 	 0.205444 	 -0.239589
299 	 13.7902 	 17.7902 	 0.199097 	 -0.289805
300 	 14.087 	 18.087 	 0.247001 	 -0.270513
301 	 13.7594 	 17.7594 	 0.136955 	 -0.274892
302 	 13.7173 	 17.7173 	 0.166393 	 -0.247496
303 	 13.7294 	 17.7294 	 0.259486 	 -0.26721
304 	 13.2815 	 17.2815 	 0.268052 	 -0.32771
305 	 13.7278 	 17.7278 	 0.292605 	 -0.35087
306 	 13.9832 	 17.9832 	 0.253286 	 -0.289797
307 	 14.1573 	 18.1573 	 0.219916 	 -0.275622
308 	 13.4484 	 17.4484 	 0.303348 	 -0.365961
309 	 13.7704 	 17.7704 	 0.282044 	 -0.332617
310 	 13.5271 	 17.5271 	 0.24498 	 -0.339029
311 	 13.5659 	 17.5659 	 0.233492 	 -0.282108
312 	 13.5179 	 17.5179 	 0.270732 	 -0.328091
313 	 13.6746 	 17.6746 	 0.296977 	 -0.321082
314 	 14.1749 	 18.1749 	 0.168297 	 -0.228553
315 	 14.511 	 18.511 	 0.198249 	 -0.268494
316 	 14.1778 	 18.1778 	 0.197119 	 -0.243301
317 	 14.1764 	 18.1764 	 0.23654 	 -0.257949
318 	 14.3043 	 18.3043 	 0.189308 	 -0.236775
319 	 13.7719 	 17.7719 	 0.262726 	 -0.270543
320 	 13.6417 	 17.6417 	 0.197558 	 -0.244927
321 	 13.8322 	 17.8322 	 0.243719 	 -0.261853
322 	 13.8304 	 17.8304 	 0.254465 	 -0.266828
323 	 13.3476 	 17.3476 	 0.267819 	 -0.275568
324 	 13.4366 	 17.4366 	 0.244014 	 -0.260621
325 	 13.754 	 17.754 	 0.259079 	 -0.252723
326 	 13.9229 	 17.9229 	 0.240601 	 -0.277011
327 	 14.1912 	 18.1912 	 0.193587 	 -0.213237
328 	 13.9261 	 17.9261 	 0.210582 	 -0.191854
329 	 13.7868 	 17.7868 	 0.207841 	 -0.175848
330 	 14.002 	 18.002 	 0.203821 	 -0.18548
331 	 14.2709 	 18.2709 	 0.148365 	 -0.208414
332 	 14.0352 	 18.0352 	 0.215203 	 -0.214123
333 	 13.738 	 17.738 	 0.227403 	 -0.225925
334 	 13.6427 	 17.6427 	 0.23212 	 -0.203509
335 	 13.3375 	 17.3375 	 0.270734 	 -0.289848
336 	 13.8074 	 17.8074 	 0.263156 	 -0.270676
337 	 13.8357 	 17.8357 	 0.224681 	 -0.244614
338 	 14.1425 	 18.1425 	 0.239553 	 -0.267008
339 	 13.6293 	 17.6293 	 0.22293 	 -0.257756
340 	 13.704 	 17.704 	 0.280295 	 -0.291401
341 	 13.6497 	 17.6497 	 0.232738 	 -0.267782
342 	 13.6993 	 17.6993 	 0.219773 	 -0.268202
343 	 14.043 	 18.043 	 0.18511 	 -0.209314
344 	 14.2519 	 18.2519 	 0.257531 	 -0.287508
345 	 14.2469 	 18.2469 	 0.248002 	 -0.283232
346 	 13.7753 	 17.7753 	 0.260892 	 -0.264791
347 	 14.5427 	 18.5427 	 0.24622 	 -0.32415
348 	 13.8702 	 17.8702 	 0.25372 	 -0.286076
349 	 13.6629 	 17.6629 	 0.276659 	 -0.315934
350 	 13.5987 	 17.5987 	 0.280986 	 -0.32847
351 	 14.7653 	 18.7653 	 0.248984 	 -0.525812
352 	 14.467 	 18.467 	 0.328434 	 -0.309997
353 	 14.3676 	 18.3676 	 0.24174 	 -0.281605
354 	 14.8241 	 18.8241 	 0.25016 	 -0.272542
355 	 14.2979 	 18.2979 	 0.276236 	 -0.260113
356 	 14.6312 	 18.6312 	 0.259999 	 -0.325305
357 	 14.5401 	 18.5401 	 0.303735 	 -0.350445
358 	 14.5025 	 18.5025 	 0.291831 	 -0.288716
359 	 15.0168 	 19.0168 	 0.217906 	 -0.243824
360 	 13.2795 	 17.2795 	 0.262748 	 -0.307465
361 	 13.5634 	 17.5634 	 0.217813 	 -0.266267
362 	 13.3052 	 17.3052 	 0.270024 	 -0.331879
363 	 13.3899 	 17.3899 	 0.241279 	 -0.255894
364 	 13.4408 	 17.4408 	 0.269575 	 -0.338119
365 	 13.2919 	 17.2919 	 0.289384 	 -0.337364
366 	 13.1107 	 17.1107 	 0.245546 	 -0.283063
367 	 13.463 	 17.463 	 0.267621 	 -0.242259
368 	 13.4658 	 17.4658 	 0.19274 	 -0.400441
369 	 13.6569 	 17.6569 	 0.211264 	 -0.40606
370 	 13.6451 	 17.6451 	 0.365803 	 -0.447665
371 	 13.127 	 17.127 	 0.327803 	 -0.514191
372 	 13.7275 	 17.7275 	 0.209443 	 -0.348978
373 	 13.498 	 17.498 	 0.483796 	 -0.667089
374 	 13.3997 	 17.3997 	 0.317908 	 -0.554439
375 	 13.7382 	 17.7382 	 0.189173 	 -0.295803
376 	 13.2238 	 17.2238 	 0.157536 	 -0.261541
377 	 12.8718 	 16.8718 	 0.165202 	 -0.257815
378 	 13.0964 	 17.0964 	 0.167889 	 -0.251008
379 	 12.9675 	 16.9675 	 0.255884 	 -0.285939
380 	 13.606 	 17.606 	 0.218568 	 -0.198935
381 	 13.2452 	 17.2452 	 0.167344 	 -0.191681
382 	 13.2427 	 17.2427 	 0.265673 	 -0.228732
383 	 13.6498 	 17.6498 	 0.168286 	 -0.241141
384 	 14.2117 	 18.2117 	 0.184833 	 -0.27291
385 	 14.0262 	 18.0262 	 0.250149 	 -0.288504
386 	 13.8776 	 17.8776 	 0.240241 	 -0.250405
387 	 13.8522 	 17.8522 	 0.23849 	 -0.276173
388 	 13.8654 	 17.8654 	 0.254737 	 -0.319591
389 	 14.0649 	 18.0649 	 0.249682 	 -0.320688
390 	 13.82 	 17.82 	 0.225125 	 -0.309207
391 	 14.0037 	 18.0037 	 0.196337 	 -0.252102
392 	 13.6213 	 17.6213 	 0.220787 	 -0.234922
393 	 14.0681 	 18.0681 	 0.210252 	 -0.234206
394 	 13.7563 	 17.7563 	 0.231218 	 -0.250327
395 	 13.5329 	 17.5329 	 0.267071 	 -0.294114
396 	 13.9788 	 17.9788 	 0.210845 	 -0.212302
397 	 14.1929 	 18.1929 	 0.154454 	 -0.208275
398 	 13.9925 	 17.9925 	 0.156317 	 -0.15038
399 	 13.7747 	 17.7747 	 0.178034 	 -0.202277
400 	 14.3185 	 18.3185 	 0.300947 	 -0.306505
401 	 14.7172 	 18.7172 	 0.272209 	 -0.277775
402 	 14.4706 	 18.4706 	 0.245524 	 -0.242916
403 	 14.3002 	 18.3002 	 0.258448 	 -0.277085
404 	 14.4276 	 18.4276 	 0.299244 	 -0.298396
405 	 14.4859 	 18.4859 	 0.250316 	 -0.256474
406 	 14.456 	 18.456 	 0.251192 	 -0.249815
407 	 14.8441 	 18.8441 	 0.248699 	 -0.242404
408 	 13.1406 	 17.1406 	 0.186874 	 -0.230449
409 	 12.9127 	 16.9127 	 0.21914 	 -0.255893
410 	 13.0778 	 17.0778 	 0.165732 	 -0.196998
411 	 12.9597 	 16.9597 	 0.270131 	 -0.250839
412 	 13.3035 	 17.3035 	 0.195864 	 -0.213188
413 	 13.3755 	 17.3755 	 0.163914 	 -0.186474
414 	 13.0566 	 17.0566 	 0.176514 	 -0.208263
415 	 13.3261 	 17.3261 	 0.22969 	 -0.192186
416 	 12.7419 	 16.7419 	 0.206985 	 -0.234453
417 	 13.0833 	 17.0833 	 0.247032 	 -0.277377
418 	 12.758 	 16.758 	 0.257128 	 -0.292812
419 	 12.523 	 16.523 	 0.276851 	 -0.288899
420 	 12.7043 	 16.7043 	 0.26888 	 -0.282467
421 	 12.7322 	 16.7322 	 0.29522 	 -0.316973
422 	 12.7296 	 16.7296 	 0.240455 	 -0.275428
423 	 12.9249 	 16.9249 	 0.257282 	 -0.272894
424 	 12.8876 	 16.8876 	 0.224519 	 -0.279527
425 	 12.7855 	 16.7855 	 0.253099 	 -0.286748
426 	 13.2698 	 17.2698 	 0.212503 	 -0.251308
427 	 12.686 	 16.686 	 0.243388 	 -0.281617
428 	 12.9465 	 16.9465 	 0.269591 	 -0.311321
429 	 12.73 	 16.73 	 0.231856 	 -0.276646
430 	 12.9569 	 16.9569 	 0.198029 	 -0.294444
431 	 12.8548 	 16.8548 	 0.233738 	 -0.270731
432 	 12.2075 	 16.2075 	 0.278196 	 -0.32723
433 	 12.6254 	 16.6254 	 0.304896 	 -0.323882
434 	 12.8114 	 16.8114 	 0.221826 	 -0.247944
435 	 12.9131 	 16.9131 	 0.190743 	 -0.247086
436 	 12.8073 	 16.8073 	 0.270591 	 -0.29539
437 	 13.2007 	 17.2007 	 0.250401 	 -0.305383
438 	 12.9486 	 16.9486 	 0.261315 	 -0.323223
439 	 13.1262 	 17.1262 	 0.247473 	 -0.259613
440 	 13.6213 	 17.6213 	 0.298105 	 -0.296446
441 	 13.676 	 17.676 	 0.151864 	 -0.205406
442 	 13.8331 	 17.8331 	 0.226855 	 -0.241338
443 	 13.9501 	 17.9501 	 0.232999 	 -0.256018
444 	 13.6377 	 17.6377 	 0.186224 	 -0.232753
445 	 14.1012 	 18.1012 	 0.208505 	 -0.195514
446 	 13.6094 	 17.6094 	 0.23405 	 -0.259124
447 	 13.8683 	 17.8683 	 0.249556 	 -0.266953
448 	 13.767 	 17.767 	 0.220494 	 -0.213434
449 	 13.521 	 17.521 	 0.255852 	 -0.28911
450 	 13.9985 	 17.9985 	 0.263392 	 -0.260017
451 	 13.9939 	 17.9939 	 0.226221 	 -0.260469
452 	 14.1164 	 18.1164 	 0.231205 	 -0.276406
453 	 13.8046 	 17.8046 	 0.232281 	 -0.346763
454 	 13.6452 	 17.6452 	 0.176093 	 -0.248027
455 	 14.0445 	 18.0445 	 0.203634 	 -0.184358
456 	 13.1645 	 17.1645 	 0.237008 	 -0.293701
457 	 13.405 	 17.405 	 0.206209 	 -0.219514
458 	 13.0465 	 17.0465 	 0.226171 	 -0.253094
459 	 12.828 	 16.828 	 0.18881 	 -0.218397
460 	 13.1776 	 17.1776 	 0.249145 	 -0.279989
461 	 13.1009 	 17.1009 	 0.236109 	 -0.266253
462 	 13.1001 	 17.1001 	 0.180437 	 -0.205915
463 	 13.5769 	 17.5769 	 0.218663 	 -0.212332
464 	 13.6182 	 17.6182 	 0.197678 	 -0.23991
465 	 13.646 	 17.646 	 0.240284 	 -0.274439
466 	 13.6804 	 17.6804 	 0.253677 	 -0.253492
467 	 13.4007 	 17.4007 	 0.199814 	 -0.187786
468 	 13.7212 	 17.7212 	 0.219272 	 -0.253302
469 	 13.2855 	 17.2855 	 0.218056 	 -0.250709
470 	 13.5762 	 17.5762 	 0.219288 	 -0.198304
471 	 13.7892 	 17.7892 	 0.21555 	 -0.223061
472 	 13.3316 	 17.3316 	 0.182653 	 -0.210692
473 	 12.5877 	 16.5877 	 0.243484 	 -0.295481
474 	 12.1877 	 16.1877 	 0.308389 	 -0.340727
475 	 13.0428 	 17.0428 	 0.182719 	 -0.216231
476 	 12.2857 	 16.2857 	 0.291729 	 -0.329685
477 	 12.7806 	 16.7806 	 0.215598 	 -0.206021
478 	 13.0589 	 17.0589 	 0.189154 	 -0.168327
479 	 11.9041 	 15.9041 	 0.321368 	 -0.332176
480 	 14.6801 	 18.6801 	 0.25541 	 -0.246824
481 	 14.0379 	 18.0379 	 0.224281 	 -0.260183
482 	 13.9954 	 17.9954 	 0.25363 	 -0.303306
483 	 14.5092 	 18.5092 	 0.260613 	 -0.288083
484 	 14.2085 	 18.2085 	 0.264081 	 -0.284476
485 	 13.7911 	 17.7911 	 0.389886 	 -0.412954
486 	 14.0759 	 18.0759 	 0.27229 	 -0.287934
487 	 13.8068 	 17.8068 	 0.282626 	 -0.329732
488 	 13.1924 	 17.1924 	 0.235709 	 -0.351594
489 	 13.4091 	 17.4091 	 0.236476 	 -0.422458
490 	 13.4546 	 17.4546 	 0.230651 	 -0.3565
491 	 13.2315 	 17.2315 	 0.126468 	 -0.305434
492 	 13.5887 	 17.5887 	 0.259311 	 -0.362254
493 	 13.1013 	 17.1013 	 0.225246 	 -0.367405
494 	 13.2993 	 17.2993 	 0.150314 	 -0.352017
495 	 13.416 	 17.416 	 0.0993951 	 -0.300195
496 	 12.4667 	 16.4667 	 0.110567 	 -0.249136
497 	 13.5682 	 17.5682 	 0.10653 	 -0.231275
498 	 12.805 	 16.805 	 0.0723883 	 -0.263484
499 	 12.1843 	 16.1843 	 0.344326 	 -0.435911
500 	 13.0207 	 17.0207 	 0.108941 	 -0.22543
501 	 12.3628 	 16.3628 	 0.34318 	 -0.466886
502 	 12.9819 	 16.9819 	 0.179188 	 -0.248873
503 	 13.5411 	 17.5411 	 0.180555 	 -0.258973
504 	 12.99 	 16.99 	 0.00434392 	 -0.238545
505 	 13.0037 	 17.0037 	 0.306184 	 -0.374911
506 	 13.4734 	 17.4734 	 0.150489 	 -0.265017
507 	 12.7359 	 16.7359 	 0.212934 	 -0.327819
508 	 13.3979 	 17.3979 	 0.155613 	 -0.289332
509 	 13.115 	 17.115 	 0.25275 	 -0.369822
510 	 13.1228 	 17.1228 	 0.339913 	 -0.347751
511 	 13.1155 	 17.1155 	 0.203618 	 -0.330241
512 	 12.38 	 16.38 	 0.249034 	 -0.294776
513 	 12.7744 	 16.7744 	 0.301522 	 -0.282501
514 	 12.6157 	 16.6157 	 0.298776 	 -0.348812
515 	 12.651 	 16.651 	 0.268357 	 -0.284427
516 	 12.9248 	 16.9248 	 0.343874 	 -0.345855
517 	 12.6977 	 16.6977 	 0.336177 	 -0.380525
518 	 12.398 	 16.398 	 0.270174 	 -0.308436
519 	 12.4324 	 16.4324 	 0.276113 	 -0.295038
520 	 13.7968 	 17.7968 	 0.210773 	 -0.215006
521 	 13.6897 	 17.6897 	 0.249663 	 -0.271331
522 	 13.5726 	 17.5726 	 0.287904 	 -0.303242
523 	 13.854 	 17.854 	 0.186966 	 -0.236321
524 	 13.9252 	 17.9252 	 0.287708 	 -0.286799
525 	 13.7172 	 17.7172 	 0.237857 	 -0.281292
526 	 13.7501 	 17.7501 	 0.255304 	 -0.27684
527 	 13.8293 	 17.8293 	 0.26771 	 -0.245863
528 	 13.4723 	 17.4723 	 0.298675 	 -0.308144
529 	 13.8919 	 17.8919 	 0.209288 	 -0.232566
530 	 13.4024 	 17.4024 	 0.290877 	 -0.323383
531 	 13.5559 	 17.5559 	 0.25985 	 -0.276226
532 	 13.6839 	 17.6839 	 0.252721 	 -0.287442
533 	 13.3373 	 17.3373 	 0.282334 	 -0.314896
534 	 13.5862 	 17.5862 	 0.149096 	 -0.20365
535 	 13.5003 	 17.5003 	 0.261961 	 -0.279816
536 	 12.6356 	 16.6356 	 0.339296 	 -0.332573
537 	 12.8613 	 16.8613 	 0.163435 	 -0.243708
538 	 13.1241 	 17.1241 	 0.294649 	 -0.35627
539 	 12.7683 	 16.7683 	 0.35164 	 -0.333376
540 	 12.9147 	 16.9147 	 0.288897 	 -0.311665
541 	 13.5547 	 17.5547 	 0.197695 	 -0.244883
542 	 13.1582 	 17.1582 	 0.295507 	 -0.29347
543 	 12.7956 	 16.7956 	 0.300737 	 -0.302367
544 	 12.6233 	 16.6233 	 0.360673 	 -0.384115
545 	 13.5453 	 17.5453 	 0.220808 	 -0.264848
546 	 13.1685 	 17.1685 	 0.315776 	 -0.338292
547 	 12.4597 	 16.4597 	 0.364321 	 -0.344589
548 	 13.2354 	 17.2354 	 0.246612 	 -0.281545
549 	 12.9935 	 16.9935 	 0.369698 	 -0.404946
550 	 13.5639 	 17.5639 	 0.230232 	 -0.239996
551 	 12.7384 	 16.7384 	 0.334901 	 -0.329859
552 	 13.3698 	 17.3698 	 0.366591 	 -0.38699
553 	 13.4463 	 17.4463 	 0.416917 	 -0.384327
554 	 13.4835 	 17.4835 	 0.321004 	 -0.333548
555 	 13.6161 	 17.6161 	 0.321946 	 -0.369821
556 	 12.9245 	 16.9245 	 0.426315 	 -0.439015
557 	 13.4598 	 17.4598 	 0.40913 	 -0.426877
558 	 13.4798 	 17.4798 	 0.385299 	 -0.37618
559 	 13.3777 	 17.3777 	 0.353759 	 -0.372535
560 	 12.024 	 16.024 	 0.306803 	 -0.291097
561 	 11.6642 	 15.6642 	 0.305699 	 -0.353343
562 	 12.3134 	 16.3134 	 0.327554 	 -0.286372
563 	 12.0001 	 16.0001 	 0.26527 	 -0.311108
564 	 11.665 	 15.665 	 0.33037 	 -0.34428
565 	 12.1543 	 16.1543 	 0.336875 	 -0.36622
566 	 11.8537 	 15.8537 	 0.317858 	 -0.349042
567 	 12.2023 	 16.2023 	 0.322521 	 -0.311057
568 	 13.0688 	 17.0688 	 0.3276 	 -0.38946
569 	 13.5601 	 17.5601 	 0.279893 	 -0.306269
570 	 13.5698 	 17.5698 	 0.32795 	 -0.327018
571 	 13.0554 	 17.0554 	 0.333349 	 -0.356939
572 	 13.2928 	 17.2928 	 0.291101 	 -0.319904
573 	 13.1966 	 17.1966 	 0.370224 	 -0.423089
574 	 13.4852 	 17.4852 	 0.264957 	 -0.322365
575 	 13.1175 	 17.1175 	 0.358145 	 -0.403534
576 	 13.2977 	 17.2977 	 0.211591 	 -0.281189
577 	 13.1878 	 17.1878 	 0.340166 	 -0.370726
578 	 14.0403 	 18.0403 	 0.231493 	 -0.248543
579 	 13.7148 	 17.7148 	 0.171504 	 -0.237401
580 	 12.9256 	 16.9256 	 0.379986 	 -0.417116
581 	 13.8266 	 17.8266 	 0.206556 	 -0.230195
582 	 13.5771 	 17.5771 	 0.228113 	 -0.260336
583 	 12.9055 	 16.9055 	 0.293433 	 -0.31341
584 	 13.2484 	 17.2484 	 0.068423 	 -0.213616
585 	 13.6427 	 17.6427 	 0.0896993 	 -0.265856
586 	 12.8131 	 16.8131 	 -0.98881 	 -1.45721
587 	 13.2305 	 17.2305 	 0.185279 	 -0.32107
588 	 12.8967 	 16.8967 	 0.164444 	 -0.382201
589 	 13.4076 	 17.4076 	 0.08112 	 -0.28009
590 	 12.9728 	 16.9728 	 0.163757 	 -0.332676
591 	 12.9248 	 16.9248 	 0.180853 	 -0.460564
592 	 12.2513 	 16.2513 	 0.358312 	 -0.489044
593 	 11.6753 	 15.6753 	 0.259211 	 -0.33887
594 	 12.5379 	 16.5379 	 0.253978 	 -0.353307
595 	 12.8575 	 16.8575 	 0.23758 	 -0.310359
596 	 12.176 	 16.176 	 0.208519 	 -0.404548
597 	 12.7361 	 16.7361 	 0.20087 	 -0.359905
598 	 12.098 	 16.098 	 0.308387 	 -0.411298
599 	 12.4437 	 16.4437 	 0.0564733 	 -0.242049
600 	 13.9571 	 17.9571 	 0.230275 	 -0.335796
601 	 13.638 	 17.638 	 0.10656 	 -0.329314
602 	 14.224 	 18.224 	 0.183973 	 -0.205004
603 	 12.925 	 16.925 	 0.101122 	 -0.247285
604 	 13.9249 	 17.9249 	 0.17273 	 -0.306478
605 	 13.8656 	 17.8656 	 0.0616114 	 -0.251128
606 	 13.5485 	 17.5485 	 0.233083 	 -0.23443
607 	 14.0572 	 18.0572 	 0.182951 	 -0.214803
608 	 12.4848 	 16.4848 	 0.273852 	 -0.323265
609 	 12.8544 	 16.8544 	 0.289997 	 -0.299334
610 	 13.5479 	 17.5479 	 0.252725 	 -0.291153
611 	 12.4877 	 16.4877 	 0.314739 	 -0.320446
612 	 13.4668 	 17.4668 	 0.285773 	 -0.298773
613 	 12.8223 	 16.8223 	 0.219427 	 -0.277463
614 	 13.0687 	 17.0687 	 0.285501 	 -0.324998
615 	 12.983 	 16.983 	 0.290808 	 -0.285584
616 	 13.4347 	 17.4347 	 0.316963 	 -0.276087
617 	 14.567 	 18.567 	 0.228402 	 -0.259668
618 	 14.8064 	 18.8064 	 0.195731 	 -0.241991
619 	 13.8889 	 17.8889 	 0.289559 	 -0.297772
620 	 14.4609 	 18.4609 	 0.262392 	 -0.296087
621 	 13.9399 	 17.9399 	 0.295603 	 -0.3095
622 	 14.467 	 18.467 	 0.247459 	 -0.234249
623 	 14.1256 	 18.1256 	 0.193072 	 -0.261521
624 	 12.4404 	 16.4404 	 0.259046 	 -0.275106
625 	 12.5862 	 16.5862 	 0.260103 	 -0.254376
626 	 12.5674 	 16.5674 	 0.263243 	 -0.300209
627 	 12.1419 	 16.1419 	 0.289869 	 -0.299743
628 	 12.6269 	 16.6269 	 0.253505 	 -0.257866
629 	 12.4963 	 16.4963 	 0.278749 	 -0.264054
630 	 12.3839 	 16.3839 	 0.266618 	 -0.284335
631 	 12.6402 	 16.6402 	 0.260659 	 -0.258772
632 	 12.7399 	 16.7399 	 0.268165 	 -0.311429
633 	 13.1065 	 17.1065 	 0.324312 	 -0.311909
634 	 13.0894 	 17.0894 	 0.251539 	 -0.283369
635 	 12.942 	 16.942 	 0.260243 	 -0.285496
636 	 13.4968 	 17.4968 	 0.310248 	 -0.312512
637 	 13.0582 	 17.0582 	 0.273274 	 -0.272133
638 	 12.8415 	 16.8415 	 0.315399 	 -0.311683
639 	 13.3325 	 17.3325 	 0.264627 	 -0.287492
640 	 13.8061 	 17.8061 	 0.252208 	 -0.273961
641 	 13.4811 	 17.4811 	 0.281534 	 -0.32778
642 	 13.7483 	 17.7483 	 0.296465 	 -0.306495
643 	 13.4788 	 17.4788 	 0.272808 	 -0.299187
644 	 13.8507 	 17.8507 	 0.354314 	 -0.330074
645 	 13.9696 	 17.9696 	 0.255144 	 -0.278275
646 	 14.4023 	 18.4023 	 0.260653 	 -0.240931
647 	 13.8066 	 17.8066 	 0.360213 	 -0.374234
648 	 12.9564 	 16.9564 	 0.303429 	 -0.369574
649 	 13.259 	 17.259 	 0.337845 	 -0.340265
650 	 13.2666 	 17.2666 	 0.350991 	 -0.403378
651 	 13.3167 	 17.3167 	 0.279883 	 -0.320794
652 	 10.1175 	 14.1175 	 0.401629 	 -0.570968
653 	 13.2379 	 17.2379 	 0.291893 	 -0.338949
654 	 13.3419 	 17.3419 	 0.286281 	 -0.315206
655 	 12.9506 	 16.9506 	 0.269075 	 -0.297079
656 	 12.8714 	 16.8714 	 0.307336 	 -0.292728
657 	 13.1816 	 17.1816 	 0.270692 	 -0.281391
658 	 13.3354 	 17.3354 	 0.254188 	 -0.221788
659 	 12.874 	 16.874 	 0.305519 	 -0.341849
660 	 12.7174 	 16.7174 	 0.310589 	 -0.357088
661 	 13.7729 	 17.7729 	 0.205882 	 -0.243872
662 	 13.0078 	 17.0078 	 0.271309 	 -0.292769
663 	 12.8214 	 16.8214 	 0.326242 	 -0.330961
664 	 12.7733 	 16.7733 	 0.338437 	 -0.336744
665 	 13.5884 	 17.5884 	 0.287395 	 -0.312246
666 	 13.4365 	 17.4365 	 0.358965 	 -0.340079
667 	 13.1225 	 17.1225 	 0.288258 	 -0.329589
668 	 13.0987 	 17.0987 	 0.366136 	 -0.370347
669 	 12.6461 	 16.6461 	 0.311128 	 -0.331924
670 	 13.4044 	 17.4044 	 0.240642 	 -0.278406
671 	 13.4301 	 17.4301 	 0.34336 	 -0.34649
672 	 12.6228 	 16.6228 	 0.318852 	 -0.361486
673 	 12.939 	 16.939 	 0.294704 	 -0.334891
674 	 13.2614 	 17.2614 	 0.255441 	 -0.295405
675 	 13.1528 	 17.1528 	 0.259458 	 -0.328993
676 	 13.0738 	 17.0738 	 0.3131 	 -0.377189
677 	 13.1871 	 17.1871 	 0.292512 	 -0.347837
678 	 12.739 	 16.739 	 0.279484 	 -0.332593
679 	 13.0032 	 17.0032 	 0.252193 	 -0.316224
680 	 13.2817 	 17.2817 	 0.233639 	 -0.294072
681 	 13.4683 	 17.4683 	 0.187972 	 -0.415777
682 	 13.7859 	 17.7859 	 0.133187 	 -0.30582
683 	 13.9885 	 17.9885 	 0.217061 	 -0.342863
684 	 13.6064 	 17.6064 	 0.024599 	 -0.194147
685 	 13.4018 	 17.4018 	 0.180792 	 -0.359376
686 	 13.3152 	 17.3152 	 0.157765 	 -0.304667
687 	 13.3864 	 17.3864 	 0.09567 	 -0.310023
688 	 12.1218 	 16.1218 	 0.264403 	 -0.360812
689 	 12.0522 	 16.0522 	 0.225423 	 -0.275889
690 	 13.1766 	 17.1766 	 0.0832575 	 -0.233278
691 	 12.2826 	 16.2826 	 0.269029 	 -0.426284
692 	 12.751 	 16.751 	 0.0275717 	 -0.25992
693 	 12.4806 	 16.4806 	 0.165931 	 -0.304618
694 	 12.1299 	 16.1299 	 0.245479 	 -0.368839
695 	 12.676 	 16.676 	 0.0024844 	 -0.190891
696 	 13.3657 	 17.3657 	 0.209399 	 -0.295891
697 	 13.7805 	 17.7805 	 0.254155 	 -0.308053
698 	 13.9424 	 17.9424 	 0.239698 	 -0.266195
699 	 12.9638 	 16.9638 	 0.141673 	 -0.337
700 	 13.185 	 17.185 	 0.219619 	 -0.357833
701 	 13.2607 	 17.2607 	 0.219142 	 -0.389412
702 	 13.2435 	 17.2435 	 0.287069 	 -0.320804
703 	 13.2885 	 17.2885 	 0.209309 	 -0.300924
704 	 14.2262 	 18.2262 	 0.270675 	 -0.361346
705 	 13.788 	 17.788 	 0.199543 	 -0.279955
706 	 14.0587 	 18.0587 	 0.216169 	 -0.286186
707 	 13.9158 	 17.9158 	 0.331119 	 -0.383275
708 	 13.4909 	 17.4909 	 0.289087 	 -0.309096
709 	 13.2748 	 17.2748 	 0.289761 	 -0.351682
710 	 13.557 	 17.557 	 0.252385 	 -0.321976
711 	 13.8261 	 17.8261 	 0.281159 	 -0.267215
712 	 13.4636 	 17.4636 	 0.308477 	 -0.346418
713 	 13.4603 	 17.4603 	 0.187579 	 -0.226949
714 	 13.295 	 17.295 	 0.200387 	 -0.235399
715 	 13.4386 	 17.4386 	 0.182532 	 -0.202183
716 	 12.9216 	 16.9216 	 0.241105 	 -0.285087
717 	 13.2217 	 17.2217 	 0.263211 	 -0.294768
718 	 13.5858 	 17.5858 	 0.201641 	 -0.255646
719 	 13.4211 	 17.4211 	 0.192385 	 -0.194061
720 	 12.6245 	 16.6245 	 0.257636 	 -0.285859
721 	 13.0442 	 17.0442 	 0.274907 	 -0.284148
722 	 12.8151 	 16.8151 	 0.243581 	 -0.285226
723 	 12.4605 	 16.4605 	 0.302192 	 -0.31032
724 	 12.7995 	 16.7995 	 0.249831 	 -0.296954
725 	 12.7369 	 16.7369 	 0.252654 	 -0.265161
726 	 12.8716 	 16.8716 	 0.304787 	 -0.300111
727 	 12.4179 	 16.4179 	 0.277338 	 -0.340688
728 	 13.3659 	 17.3659 	 0.31327 	 -0.338791
729 	 13.5453 	 17.5453 	 0.256216 	 -0.279513
730 	 13.6874 	 17.6874 	 0.300584 	 -0.27279
731 	 13.4388 	 17.4388 	 0.241133 	 -0.268132
732 	 13.8003 	 17.8003 	 0.269493 	 -0.260463
733 	 13.1487 	 17.1487 	 0.363475 	 -0.371433
734 	 12.7721 	 16.7721 	 0.29114 	 -0.300551
735 	 13.5319 	 17.5319 	 0.26488 	 -0.286581
736 	 12.7688 	 16.7688 	 0.37956 	 -0.398397
737 	 13.2386 	 17.2386 	 0.277321 	 -0.348902
738 	 13.515 	 17.515 	 0.244723 	 -0.310602
739 	 13.1207 	 17.1207 	 0.35635 	 -0.368584
740 	 13.0152 	 17.0152 	 0.286449 	 -0.310067
741 	 13.2949 	 17.2949 	 0.291545 	 -0.335585
742 	 13.2498 	 17.2498 	 0.323737 	 -0.371127
743 	 12.7359 	 16.7359 	 0.328458 	 -0.361851
744 	 12.9755 	 16.9755 	 0.349502 	 -0.402556
745 	 13.4796 	 17.4796 	 0.239112 	 -0.343681
746 	 13.617 	 17.617 	 0.243383 	 -0.345292
747 	 13.4057 	 17.4057 	 0.281152 	 -0.329273
748 	 13.4842 	 17.4842 	 0.309144 	 -0.34629
749 	 13.5373 	 17.5373 	 0.296795 	 -0.320452
750 	 13.1725 	 17.1725 	 0.304372 	 -0.3224
751 	 13.4659 	 17.4659 	 0.309754 	 -0.340959
752 	 12.9676 	 16.9676 	 0.301498 	 -0.305814
753 	 12.6937 	 16.6937 	 0.330708 	 -0.349635
754 	 13.4079 	 17.4079 	 0.214836 	 -0.263102
755 	 12.8108 	 16.8108 	 0.291692 	 -0.3174
756 	 13.0601 	 17.0601 	 0.308251 	 -0.358415
757 	 13.2468 	 17.2468 	 0.305863 	 -0.31153
758 	 13.0962 	 17.0962 	 0.282024 	 -0.315351
759 	 13.1797 	 17.1797 	 0.387417 	 -0.413987
760 	 13.0571 	 17.0571 	 0.317435 	 -0.347132
761 	 13.621 	 17.621 	 0.327465 	 -0.306266
762 	 13.6439 	 17.6439 	 0.284367 	 -0.318021
763 	 13.1482 	 17.1482 	 0.315894 	 -0.336599
764 	 13.2483 	 17.2483 	 0.353333 	 -0.381536
765 	 13.4277 	 17.4277 	 0.26781 	 -0.307544
766 	 13.5903 	 17.5903 	 0.291608 	 -0.312146
767 	 13.7539 	 17.7539 	 0.233372 	 -0.251845
768 	 13.6295 	 17.6295 	 0.185058 	 -0.324523
769 	 13.9095 	 17.9095 	 0.135583 	 -0.36836
770 	 14.115 	 18.115 	 0.0351982 	 -0.408896
771 	 13.986 	 17.986 	 0.0660678 	 -0.288468
772 	 13.9036 	 17.9036 	 0.105531 	 -0.3215
773 	 13.8485 	 17.8485 	 0.362651 	 -0.447518
774 	 13.5759 	 17.5759 	 0.107649 	 -0.291647
775 	 13.7487 	 17.7487 	 -0.0499658 	 -0.240933
776 	 13.0224 	 17.0224 	 -0.185485 	 -0.531367
777 	 13.2484 	 17.2484 	 0.091462 	 -0.337428
778 	 12.9003 	 16.9003 	 0.111125 	 -0.500225
779 	 12.9691 	 16.9691 	 0.0334271 	 -0.584336
780 	 13.1312 	 17.1312 	 0.0332213 	 -0.525309
781 	 12.911 	 16.911 	 0.105757 	 -0.600531
782 	 13.1976 	 17.1976 	 0.100611 	 -0.364801
783 	 12.8672 	 16.8672 	 0.0104334 	 -0.344173
784 	 13.0019 	 17.0019 	 0.228396 	 -0.335989
785 	 13.3373 	 17.3373 	 0.133545 	 -0.269712
786 	 12.7315 	 16.7315 	 0.105469 	 -0.266718
787 	 12.4773 	 16.4773 	 0.233157 	 -0.353748
788 	 12.3794 	 16.3794 	 0.262317 	 -0.328605
789 	 12.4123 	 16.4123 	 0.101116 	 -0.397714
790 	 12.8362 	 16.8362 	 0.248532 	 -0.369894
791 	 12.832 	 16.832 	 0.134479 	 -0.237747
792 	 13 	 17 	 0.166567 	 -0.482957
793 	 13.1101 	 17.1101 	 0.0981016 	 -0.516072
794 	 13.1334 	 17.1334 	 0.0769522 	 -0.452182
795 	 12.5268 	 16.5268 	 0.163503 	 -0.445004
796 	 13.2778 	 17.2778 	 0.0794118 	 -0.523257
797 	 13.2563 	 17.2563 	 0.115029 	 -0.579564
798 	 12.8554 	 16.8554 	 0.151301 	 -0.568466
799 	 13.1292 	 17.1292 	 0.0585244 	 -0.521003
800 	 13.2463 	 17.2463 	 0.227948 	 -0.299915
801 	 13.3855 	 17.3855 	 0.258668 	 -0.262265
802 	 10.5673 	 14.5673 	 0.375589 	 -0.356068
803 	 13.5422 	 17.5422 	 0.283868 	 -0.266904
804 	 13.6515 	 17.6515 	 0.24834 	 -0.303114
805 	 13.8198 	 17.8198 	 0.182777 	 -0.210929
806 	 13.4509 	 17.4509 	 0.196688 	 -0.24455
807 	 13.615 	 17.615 	 0.255428 	 -0.285987
808 	 13.7008 	 17.7008 	 0.0464006 	 -0.402302
809 	 13.4827 	 17.4827 	 0.0834332 	 -0.452664
810 	 13.5267 	 17.5267 	 0.0354543 	 -0.474646
811 	 13.284 	 17.284 	 0.0855061 	 -0.473077
812 	 13.2697 	 17.2697 	 0.090395 	 -0.469094
813 	 13.3921 	 17.3921 	 -0.00369004 	 -0.445826
814 	 13.641 	 17.641 	 0.0207776 	 -0.458439
815 	 13.3555 	 17.3555 	 0.0351965 	 -0.484647
816 	 13.4507 	 17.4507 	 0.273123 	 -0.3149
817 	 13.4652 	 17.4652 	 0.253325 	 -0.271706
818 	 13.3675 	 17.3675 	 0.260471 	 -0.302586
819 	 13.3197 	 17.3197 	 0.252136 	 -0.263944
820 	 13.568 	 17.568 	 0.273134 	 -0.287543
821 	 13.2548 	 17.2548 	 0.227991 	 -0.272219
822 	 13.1235 	 17.1235 	 0.308034 	 -0.315588
823 	 13.4145 	 17.4145 	 0.294531 	 -0.296429
824 	 12.5249 	 16.5249 	 0.318522 	 -0.379986
825 	 12.9045 	 16.9045 	 0.303426 	 -0.327879
826 	 13.2995 	 17.2995 	 0.244981 	 -0.28084
827 	 13.04 	 17.04 	 0.269811 	 -0.311291
828 	 13.1702 	 17.1702 	 0.234522 	 -0.257341
829 	 12.7494 	 16.7494 	 0.281777 	 -0.358024
830 	 12.8599 	 16.8599 	 0.274719 	 -0.364853
831 	 13.2851 	 17.2851 	 0.255336 	 -0.29694
832 	 13.4133 	 17.4133 	 0.256574 	 -0.291967
833 	 12.9782 	 16.9782 	 0.304434 	 -0.34065
834 	 13.0045 	 17.0045 	 0.319483 	 -0.330016
835 	 13.0251 	 17.0251 	 0.234888 	 -0.250852
836 	 13.0864 	 17.0864 	 0.297649 	 -0.318099
837 	 13.5616 	 17.5616 	 0.162123 	 -0.168802
838 	 13.3828 	 17.3828 	 0.179202 	 -0.217298
839 	 12.9206 	 16.9206 	 0.269122 	 -0.313081
840 	 13.2816 	 17.2816 	 0.381365 	 -0.395296
841 	 13.7382 	 17.7382 	 0.290854 	 -0.347458
842 	 13.7867 	 17.7867 	 0.255301 	 -0.330434
843 	 13.7278 	 17.7278 	 0.314691 	 -0.329065
844 	 13.8829 	 17.8829 	 0.265662 	 -0.306256
845 	 13.6929 	 17.6929 	 0.263011 	 -0.280663
846 	 13.0933 	 17.0933 	 0.342675 	 -0.398533
847 	 13.7321 	 17.7321 	 0.277927 	 -0.31705
848 	 12.956 	 16.956 	 0.373262 	 -0.382563
849 	 12.7239 	 16.7239 	 0.354057 	 -0.38346
850 	 13.1035 	 17.1035 	 0.145664 	 -0.171921
851 	 12.5205 	 16.5205 	 0.368527 	 -0.467286
852 	 12.84 	 16.84 	 0.248573 	 -0.282183
853 	 12.9066 	 16.9066 	 0.31917 	 -0.402579
854 	 12.7221 	 16.7221 	 0.356324 	 -0.365534
855 	 12.8634 	 16.8634 	 0.272327 	 -0.328506
856 	 12.2122 	 16.2122 	 0.0198509 	 -0.447203
857 	 12.7317 	 16.7317 	 -0.0855027 	 -0.515235
858 	 12.3732 	 16.3732 	 -0.0124237 	 -0.528395
859 	 11.6543 	 15.6543 	 -0.0865162 	 -0.419837
860 	 12.6337 	 16.6337 	 -0.0409262 	 -0.417875
861 	 12.2899 	 16.2899 	 0.00566293 	 -0.515142
862 	 12.214 	 16.214 	 0.00576591 	 -0.51117
863 	 12.5133 	 16.5133 	 -0.000766746 	 -0.351103
864 	 12.2536 	 16.2536 	 0.135593 	 -0.269241
865 	 13.1935 	 17.1935 	 0.0865914 	 -0.282094
866 	 12.8359 	 16.8359 	 0.128259 	 -0.276498
867 	 13.3453 	 17.3453 	 0.182386 	 -0.322288
868 	 12.2338 	 16.2338 	 0.231399 	 -0.351774
869 	 12.4913 	 16.4913 	 0.158461 	 -0.261463
870 	 12.9443 	 16.9443 	 0.204795 	 -0.303242
871 	 12.7809 	 16.7809 	 0.267597 	 -0.313938
872 	 13.4399 	 17.4399 	 0.34134 	 -0.332892
873 	 14.0044 	 18.0044 	 0.190633 	 -0.266143
874 	 13.3796 	 17.3796 	 0.217907 	 -0.211124
875 	 14.0593 	 18.0593 	 0.156634 	 -0.300458
876 	 13.94 	 17.94 	 0.156079 	 -0.247486
877 	 13.5811 	 17.5811 	 0.107288 	 -0.234195
878 	 14.0958 	 18.0958 	 0.187292 	 -0.315407
879 	 14.125 	 18.125 	 0.263315 	 -0.289966
880 	 13.4295 	 17.4295 	 0.256189 	 -0.266373
881 	 14.0614 	 18.0614 	 0.127978 	 -0.214854
882 	 14.1821 	 18.1821 	 0.14449 	 -0.176769
883 	 13.9218 	 17.9218 	 0.144988 	 -0.1627
884 	 13.3801 	 17.3801 	 0.223469 	 -0.231169
885 	 13.8711 	 17.8711 	 0.159 	 -0.246245
886 	 13.6723 	 17.6723 	 0.189489 	 -0.209653
887 	 13.5069 	 17.5069 	 0.252916 	 -0.267599
888 	 14.0159 	 18.0159 	 0.172234 	 -0.205194
889 	 13.4054 	 17.4054 	 0.255506 	 -0.303397
890 	 13.2993 	 17.2993 	 0.224219 	 -0.299062
891 	 13.5025 	 17.5025 	 0.185535 	 -0.272061
892 	 13.1721 	 17.1721 	 0.2973 	 -0.365167
893 	 13.2552 	 17.2552 	 0.188876 	 -0.239761
894 	 13.121 	 17.121 	 0.301185 	 -0.332411
895 	 13.4019 	 17.4019 	 0.1938 	 -0.225934
896 	 13.8805 	 17.8805 	 0.258985 	 -0.255165
897 	 14.1933 	 18.1933 	 0.255734 	 -0.271825
898 	 13.7567 	 17.7567 	 0.306004 	 -0.27487
899 	 13.6493 	 17.6493 	 0.299734 	 -0.292124
900 	 13.5944 	 17.5944 	 0.275473 	 -0.341172
901 	 14.0115 	 18.0115 	 0.294235 	 -0.314983
902 	 13.6231 	 17.6231 	 0.314464 	 -0.341306
903 	 13.9334 	 17.9334 	 0.235598 	 -0.264562
904 	 12.7489 	 16.7489 	 0.270207 	 -0.296351
905 	 12.7866 	 16.7866 	 0.222852 	 -0.252803
906 	 12.7218 	 16.7218 	 0.306456 	 -0.251735
907 	 12.7613 	 16.7613 	 0.226716 	 -0.264866
908 	 12.7128 	 16.7128 	 0.212804 	 -0.258174
909 	 13.4722 	 17.4722 	 0.159723 	 -0.182246
910 	 12.5496 	 16.5496 	 0.30055 	 -0.308204
911 	 9.92684 	 13.9268 	 0.278699 	 -0.335475
912 	 12.6837 	 16.6837 	 0.312386 	 -0.342984
913 	 12.6688 	 16.6688 	 0.285018 	 -0.316968
914 	 12.5578 	 16.5578 	 0.273017 	 -0.302434
915 	 12.4038 	 16.4038 	 0.268458 	 -0.303576
916 	 12.7017 	 16.7017 	 0.303585 	 -0.31595
917 	 12.4296 	 16.4296 	 0.280995 	 -0.32356
918 	 12.2978 	 16.2978 	 0.317924 	 -0.334765
919 	 12.8262 	 16.8262 	 0.263522 	 -0.269081
920 	 13.5846 	 17.5846 	 0.346437 	 -0.33558
921 	 13.2613 	 17.2613 	 0.33947 	 -0.361711
922 	 13.4333 	 17.4333 	 0.259998 	 -0.246522
923 	 13.0027 	 17.0027 	 0.382035 	 -0.406161
924 	 13.2783 	 17.2783 	 0.348382 	 -0.366652
925 	 13.5393 	 17.5393 	 0.349556 	 -0.356729
926 	 13.4509 	 17.4509 	 0.53684 	 -0.101949
927 	 13.1325 	 17.1325 	 0.374682 	 -0.391722
928 	 12.5596 	 16.5596 	 0.0877453 	 -0.522233
929 	 12.4398 	 16.4398 	 -0.125436 	 -0.469631
930 	 12.2806 	 16.2806 	 -0.0192272 	 -0.517644
931 	 12.6392 	 16.6392 	 0.0313252 	 -0.458149
932 	 12.6354 	 16.6354 	 -0.0725534 	 -0.504087
933 	 12.61 	 16.61 	 0.0575108 	 -0.457538
934 	 12.7234 	 16.7234 	 -0.0730717 	 -0.457438
935 	 12.3067 	 16.3067 	 0.155315 	 -0.535638
936 	 13.4315 	 17.4315 	 -0.0702198 	 -0.455384
937 	 13.4648 	 17.4648 	 0.0963655 	 -0.479672
938 	 13.5386 	 17.5386 	 -0.0389968 	 -0.425722
939 	 13.8779 	 17.8779 	 -0.0804908 	 -0.408451
940 	 13.3199 	 17.3199 	 0.0245222 	 -0.41129
941 	 13.7445 	 17.7445 	 -0.0689982 	 -0.320686
942 	 13.3858 	 17.3858 	 0.154076 	 -0.454682
943 	 13.5318 	 17.5318 	 0.160769 	 -0.451807
944 	 12.9433 	 16.9433 	 0.0901206 	 -0.397744
945 	 13.3913 	 17.3913 	 0.104057 	 -0.338759
946 	 13.114 	 17.114 	 0.11894 	 -0.342477
947 	 10.741 	 14.741 	 0.134223 	 -0.611292
948 	 13.201 	 17.201 	 0.116165 	 -0.512547
949 	 13.266 	 17.266 	 0.207939 	 -0.504771
950 	 12.9039 	 16.9039 	 0.137809 	 -0.41605
951 	 13.1808 	 17.1808 	 0.17104 	 -0.35741
952 	 13.8387 	 17.8387 	 0.111874 	 -0.576118
953 	 14.6507 	 18.6507 	 -0.0147077 	 -0.501004
954 	 14.1409 	 18.1409 	 0.0505689 	 -0.381452
955 	 13.9345 	 17.9345 	 -0.0982957 	 -0.464251
956 	 14.325 	 18.325 	 0.0617042 	 -0.508791
957 	 13.6587 	 17.6587 	 0.0197069 	 -0.552806
958 	 13.9057 	 17.9057 	 0.0429656 	 -0.519271
959 	 14.5422 	 18.5422 	 0.0302396 	 -0.489174
960 	 13.4502 	 17.4502 	 0.132992 	 -0.452633
961 	 13.4416 	 17.4416 	 0.00176004 	 -0.502529
962 	 13.863 	 17.863 	 0.0495365 	 -0.378777
963 	 13.6337 	 17.6337 	 -0.0545467 	 -0.429447
964 	 13.4713 	 17.4713 	 0.0933892 	 -0.468972
965 	 13.5687 	 17.5687 	 0.0895395 	 -0.479619
966 	 14.274 	 18.274 	 0.0386036 	 -0.386931
967 	 13.4318 	 17.4318 	 0.149465 	 -0.508777
968 	 11.9391 	 15.9391 	 0.238331 	 -0.43133
969 	 12.2033 	 16.2033 	 0.265543 	 -0.308859
970 	 12.1384 	 16.1384 	 0.245732 	 -0.269013
971 	 11.2509 	 15.2509 	 0.322429 	 -0.371537
972 	 11.732 	 15.732 	 0.315019 	 -0.338235
973 	 11.7571 	 15.7571 	 0.25832 	 -0.318484
974 	 11.919 	 15.919 	 0.266389 	 -0.321718
975 	 11.8136 	 15.8136 	 0.304258 	 -0.323979
976 	 13.374 	 17.374 	 0.155645 	 -0.207053
977 	 13.6001 	 17.6001 	 0.282633 	 -0.291434
978 	 13.2461 	 17.2461 	 0.335512 	 -0.312328
979 	 13.2103 	 17.2103 	 0.247871 	 -0.261502
980 	 13.0472 	 17.0472 	 0.273946 	 -0.288784
981 	 13.65 	 17.65 	 0.264967 	 -0.295547
982 	 13.0922 	 17.0922 	 0.319589 	 -0.312432
983 	 13.7495 	 17.7495 	 0.225805 	 -0.262093
984 	 13.1729 	 17.1729 	 0.287714 	 -0.27449
985 	 13.2438 	 17.2438 	 0.291186 	 -0.295339
986 	 12.7864 	 16.7864 	 0.327968 	 -0.330915
987 	 13.2511 	 17.2511 	 0.257175 	 -0.246726
988 	 13.8005 	 17.8005 	 0.260888 	 -0.256722
989 	 13.6631 	 17.6631 	 0.171369 	 -0.242221
990 	 12.6781 	 16.6781 	 0.291707 	 -0.321926
991 	 13.1825 	 17.1825 	 0.27655 	 -0.282526
992 	 13.8881 	 17.8881 	 0.233088 	 -0.279998
993 	 14.458 	 18.458 	 0.154225 	 -0.193381
994 	 13.877 	 17.877 	 0.231304 	 -0.280256
995 	 13.6162 	 17.6162 	 0.312593 	 -0.341953
996 	 13.9589 	 17.9589 	 0.265183 	 -0.318198
997 	 14.0395 	 18.0395 	 0.207271 	 -0.306364
998 	 14.0813 	 18.0813 	 0.210451 	 -0.281248
999 	 13.6511 	 17.6511 	 0.317438 	 -0.334413
1000 	 13.3307 	 17.3307 	 0.304582 	 -0.324296
1001 	 12.9571 	 16.9571 	 0.344862 	 -0.348289
1002 	 13.4734 	 17.4734 	 0.264113 	 -0.294001
1003 	 13.0078 	 17.0078 	 0.285005 	 -0.33568
1004 	 13.4601 	 17.4601 	 0.345745 	 -0.354672
1005 	 13.157 	 17.157 	 0.236368 	 -0.275968
1006 	 13.6572 	 17.6572 	 0.280292 	 -0.293935
1007 	 13.7896 	 17.7896 	 0.245774 	 -0.268049
1008 	 12.5946 	 16.5946 	 0.338809 	 -0.385281
1009 	 12.6687 	 16.6687 	 0.336757 	 -0.386313
1010 	 12.7635 	 16.7635 	 0.312945 	 -0.337834
1011 	 12.9577 	 16.9577 	 0.324443 	 -0.367061
1012 	 12.6066 	 16.6066 	 0.288315 	 -0.322888
1013 	 12.9415 	 16.9415 	 0.292506 	 -0.333425
1014 	 13.2504 	 17.2504 	 0.251832 	 -0.312803
1015 	 12.7744 	 16.7744 	 0.314395 	 -0.380957
1016 	 12.397 	 16.397 	 0.323498 	 -0.38398
1017 	 13.1804 	 17.1804 	 0.210728 	 -0.290019
1018 	 12.6714 	 16.6714 	 0.288992 	 -0.35702
1019 	 12.8843 	 16.8843 	 0.280854 	 -0.354256
1020 	 12.6747 	 16.6747 	 0.291777 	 -0.361065
1021 	 13.0781 	 17.0781 	 0.244628 	 -0.321776
1022 	 12.7561 	 16.7561 	 0.263821 	 -0.34604
1023 	 12.9437 	 16.9437 	 0.258387 	 -0.353435
1024 	 13.3341 	 17.3341 	 0.190014 	 -0.274742
1025 	 13.0078 	 17.0078 	 0.269433 	 -0.271382
1026 	 13.4573 	 17.4573 	 0.26064 	 -0.288633
1027 	 13.0976 	 17.0976 	 0.334502 	 -0.41143
1028 	 13.4075 	 17.4075 	 0.211456 	 -0.284101
1029 	 12.8812 	 16.8812 	 0.303202 	 -0.387213
1030 	 13.1263 	 17.1263 	 0.296556 	 -0.324442
1031 	 12.9635 	 16.9635 	 0.288287 	 -0.306031
1032 	 13.7798 	 17.7798 	 0.229015 	 -0.263507
1033 	 13.5306 	 17.5306 	 0.298818 	 -0.316355
1034 	 13.67 	 17.67 	 0.246332 	 -0.262759
1035 	 13.4232 	 17.4232 	 0.244547 	 -0.262666
1036 	 13.3577 	 17.3577 	 0.252918 	 -0.273542
1037 	 12.8865 	 16.8865 	 0.317977 	 -0.329083
1038 	 13.4947 	 17.4947 	 0.211828 	 -0.252677
1039 	 14.1503 	 18.1503 	 0.169279 	 -0.23912
1040 	 12.809 	 16.809 	 0.32321 	 -0.299564
1041 	 12.511 	 16.511 	 0.328465 	 -0.34621
1042 	 12.5652 	 16.5652 	 0.330262 	 -0.351954
1043 	 12.4484 	 16.4484 	 0.242663 	 -0.295032
1044 	 12.9498 	 16.9498 	 0.319911 	 -0.339699
1045 	 12.7962 	 16.7962 	 0.246753 	 -0.307545
1046 	 12.5306 	 16.5306 	 0.283807 	 -0.307865
1047 	 12.9294 	 16.9294 	 0.288606 	 -0.291196
1048 	 14.0313 	 18.0313 	 0.21651 	 -0.254617
1049 	 14.3826 	 18.3826 	 0.234257 	 -0.287799
1050 	 14.4153 	 18.4153 	 0.276658 	 -0.287707
1051 	 14.4563 	 18.4563 	 0.142106 	 -0.248943
1052 	 14.5063 	 18.5063 	 0.287567 	 -0.270527
1053 	 14.3649 	 18.3649 	 0.207114 	 -0.280571
1054 	 14.335 	 18.335 	 0.221129 	 -0.282121
1055 	 14.6388 	 18.6388 	 0.246044 	 -0.217689
1056 	 13.4855 	 17.4855 	 0.190263 	 -0.282583
1057 	 13.966 	 17.966 	 0.191707 	 -0.282688
1058 	 13.5644 	 17.5644 	 0.10657 	 -0.221074
1059 	 13.1286 	 17.1286 	 0.178855 	 -0.278888
1060 	 13.2212 	 17.2212 	 0.265888 	 -0.341641
1061 	 13.2156 	 17.2156 	 0.170427 	 -0.258119
1062 	 13.4097 	 17.4097 	 0.265556 	 -0.329469
1063 	 13.4535 	 17.4535 	 0.161883 	 -0.263545
1064 	 14.0115 	 18.0115 	 0.233068 	 -0.286702
1065 	 13.7678 	 17.7678 	 0.293833 	 -0.343383
1066 	 13.6202 	 17.6202 	 0.169528 	 -0.245776
1067 	 12.9076 	 16.9076 	 0.320116 	 -0.418486
1068 	 13.2035 	 17.2035 	 0.283081 	 -0.343665
1069 	 13.2847 	 17.2847 	 0.277899 	 -0.357684
1070 	 13.4693 	 17.4693 	 0.310292 	 -0.357002
1071 	 13.75 	 17.75 	 0.26176 	 -0.305374
1072 	 14.2684 	 18.2684 	 0.239012 	 -0.288188
1073 	 13.2725 	 17.2725 	 0.267121 	 -0.295343
1074 	 13.7828 	 17.7828 	 0.291319 	 -0.282416
1075 	 13.5349 	 17.5349 	 0.316913 	 -0.326547
1076 	 13.2635 	 17.2635 	 0.358142 	 -0.356471
1077 	 13.4572 	 17.4572 	 0.315704 	 -0.311737
1078 	 13.365 	 17.365 	 0.307055 	 -0.327708
1079 	 13.3319 	 17.3319 	 0.320531 	 -0.311283
1080 	 13.4525 	 17.4525 	 0.306707 	 -0.300756
1081 	 14.0747 	 18.0747 	 0.258829 	 -0.27909
1082 	 14.3314 	 18.3314 	 0.258353 	 -0.269141
1083 	 14.062 	 18.062 	 0.280624 	 -0.335735
1084 	 13.8426 	 17.8426 	 0.313048 	 -0.354709
1085 	 13.5966 	 17.5966 	 0.221725 	 -0.229412
1086 	 13.8852 	 17.8852 	 0.238454 	 -0.284621
1087 	 13.9372 	 17.9372 	 0.253234 	 -0.26407
1088 	 12.7077 	 16.7077 	 0.391075 	 -0.419071
1089 	 13.4363 	 17.4363 	 0.263831 	 -0.320833
1090 	 13.7436 	 17.7436 	 0.229531 	 -0.294602
1091 	 13.547 	 17.547 	 0.114793 	 -0.192786
1092 	 13.9655 	 17.9655 	 0.213823 	 -0.289784
1093 	 12.4209 	 16.4209 	 0.285413 	 -0.339918
1094 	 13.7189 	 17.7189 	 0.245054 	 -0.308934
1095 	 13.6019 	 17.6019 	 0.224178 	 -0.277148
1096 	 12.5556 	 16.5556 	 0.430479 	 -0.433188
1097 	 13.5448 	 17.5448 	 0.277534 	 -0.294879
1098 	 13.2762 	 17.2762 	 0.313154 	 -0.312329
1099 	 13.0673 	 17.0673 	 0.370794 	 -0.373038
1100 	 13.0544 	 17.0544 	 0.239934 	 -0.301274
1101 	 13.2834 	 17.2834 	 0.26111 	 -0.297307
1102 	 13.3758 	 17.3758 	 0.306677 	 -0.330715
1103 	 13.5119 	 17.5119 	 0.252667 	 -0.283378
1104 	 12.9297 	 16.9297 	 0.290541 	 -0.332632
1105 	 12.9925 	 16.9925 	 0.293592 	 -0.320049
1106 	 13.3836 	 17.3836 	 0.306692 	 -0.352576
1107 	 12.9443 	 16.9443 	 0.249588 	 -0.309825
1108 	 13.1362 	 17.1362 	 0.345999 	 -0.353739
1109 	 12.9603 	 16.9603 	 0.338951 	 -0.398195
1110 	 12.7097 	 16.7097 	 0.39105 	 -0.405252
1111 	 13.2229 	 17.2229 	 0.339079 	 -0.357597
1112 	 13.2015 	 17.2015 	 0.267398 	 -0.342032
1113 	 13.1412 	 17.1412 	 0.270286 	 -0.32184
1114 	 13.4916 	 17.4916 	 0.233726 	 -0.307756
1115 	 13.4726 	 17.4726 	 0.229135 	 -0.312668
1116 	 13.3456 	 17.3456 	 0.236438 	 -0.326055
1117 	 13.1487 	 17.1487 	 0.269572 	 -0.328328
1118 	 13.8152 	 17.8152 	 0.196539 	 -0.283484
1119 	 13.3079 	 17.3079 	 0.259482 	 -0.312302
1120 	 13.73 	 17.73 	 0.186619 	 -0.266235
1121 	 13.327 	 17.327 	 0.257384 	 -0.312252
1122 	 13.5536 	 17.5536 	 0.295695 	 -0.343449
1123 	 13.3444 	 17.3444 	 0.273986 	 -0.309049
1124 	 13.8243 	 17.8243 	 0.240775 	 -0.328129
1125 	 13.6417 	 17.6417 	 0.280513 	 -0.337302
1126 	 13.3295 	 17.3295 	 0.342063 	 -0.35416
1127 	 13.3938 	 17.3938 	 0.343256 	 -0.377678
1128 	 13.5749 	 17.5749 	 0.123799 	 -0.196209
1129 	 13.7307 	 17.7307 	 0.185422 	 -0.260167
1130 	 14.2281 	 18.2281 	 0.172085 	 -0.258361
1131 	 13.2975 	 17.2975 	 0.246563 	 -0.281876
1132 	 13.7733 	 17.7733 	 0.248765 	 -0.295891
1133 	 13.3966 	 17.3966 	 0.191913 	 -0.26679
1134 	 13.6223 	 17.6223 	 0.216865 	 -0.283166
1135 	 13.7423 	 17.7423 	 0.248084 	 -0.293745
1136 	 12.5722 	 16.5722 	 0.330478 	 -0.35933
1137 	 12.5244 	 16.5244 	 0.262226 	 -0.313698
1138 	 13.2219 	 17.2219 	 0.23526 	 -0.295934
1139 	 12.4825 	 16.4825 	 0.182717 	 -0.282912
1140 	 12.8534 	 16.8534 	 0.254973 	 -0.33723
1141 	 12.7558 	 16.7558 	 0.264849 	 -0.3232
1142 	 12.2758 	 16.2758 	 0.309854 	 -0.362878
1143 	 12.6216 	 16.6216 	 0.300978 	 -0.362716
1144 	 13.9388 	 17.9388 	 0.287833 	 -0.336031
1145 	 14.4674 	 18.4674 	 0.0673387 	 -0.132802
1146 	 14.04 	 18.04 	 0.163756 	 -0.269499
1147 	 13.9541 	 17.9541 	 0.173966 	 -0.23928
1148 	 14.1211 	 18.1211 	 0.204658 	 -0.266733
1149 	 13.7398 	 17.7398 	 0.160865 	 -0.206462
1150 	 13.6864 	 17.6864 	 0.228513 	 -0.215359
1151 	 14.432 	 18.432 	 0.236307 	 -0.27265
1152 	 12.7436 	 16.7436 	 0.248488 	 -0.292291
1153 	 13.9431 	 17.9431 	 0.138498 	 -0.269683
1154 	 13.0004 	 17.0004 	 0.289178 	 -0.366664
1155 	 12.7853 	 16.7853 	 0.267966 	 -0.339587
1156 	 13.5305 	 17.5305 	 0.174593 	 -0.267267
1157 	 12.9579 	 16.9579 	 0.271982 	 -0.33716
1158 	 12.8872 	 16.8872 	 0.304668 	 -0.325145
1159 	 12.9745 	 16.9745 	 0.233167 	 -0.294632
1160 	 13.931 	 17.931 	 0.268138 	 -0.34289
1161 	 14.2998 	 18.2998 	 0.202871 	 -0.264493
1162 	 14.1405 	 18.1405 	 0.176123 	 -0.210229
1163 	 13.9902 	 17.9902 	 0.182462 	 -0.235094
1164 	 13.9797 	 17.9797 	 0.164309 	 -0.278116
1165 	 14.0815 	 18.0815 	 0.149436 	 -0.195859
1166 	 14.3272 	 18.3272 	 0.299843 	 -0.30289
1167 	 13.7049 	 17.7049 	 0.299191 	 -0.320657
1168 	 13.887 	 17.887 	 0.309334 	 -0.312119
1169 	 14.2844 	 18.2844 	 0.30866 	 -0.298984
1170 	 14.302 	 18.302 	 0.214679 	 -0.296914
1171 	 14.1427 	 18.1427 	 0.292743 	 -0.275237
1172 	 14.3935 	 18.3935 	 0.27504 	 -0.317831
1173 	 14.0167 	 18.0167 	 0.337454 	 -0.361275
1174 	 14.0345 	 18.0345 	 0.324778 	 -0.339301
1175 	 13.4254 	 17.4254 	 0.288263 	 -0.342666
1176 	 13.3041 	 17.3041 	 0.267334 	 -0.323959
1177 	 13.2944 	 17.2944 	 0.207531 	 -0.266647
1178 	 12.7032 	 16.7032 	 0.235402 	 -0.263696
1179 	 13.076 	 17.076 	 0.336371 	 -0.37649
1180 	 12.4257 	 16.4257 	 0.286712 	 -0.298844
1181 	 13.0691 	 17.0691 	 0.321621 	 -0.350295
1182 	 12.5056 	 16.5056 	 0.38525 	 -0.429178
1183 	 12.3386 	 16.3386 	 0.227091 	 -0.266197
1184 	 13.2732 	 17.2732 	 0.229669 	 -0.278394
1185 	 13.18 	 17.18 	 0.214189 	 -0.269203
1186 	 14.5025 	 18.5025 	 0.168566 	 -0.24082
1187 	 13.3678 	 17.3678 	 0.291262 	 -0.322895
1188 	 13.5993 	 17.5993 	 0.297174 	 -0.340035
1189 	 13.0148 	 17.0148 	 0.249716 	 -0.27793
1190 	 12.8485 	 16.8485 	 0.31781 	 -0.366039
1191 	 13.6317 	 17.6317 	 0.293025 	 -0.33238
1192 	 12.7817 	 16.7817 	 0.294204 	 -0.335122
1193 	 13.3682 	 17.3682 	 0.348705 	 -0.33063
1194 	 12.9038 	 16.9038 	 0.325787 	 -0.335253
1195 	 13.157 	 17.157 	 0.399082 	 -0.401967
1196 	 13.391 	 17.391 	 0.238235 	 -0.282288
1197 	 12.7765 	 16.7765 	 0.269582 	 -0.305015
1198 	 13.1641 	 17.1641 	 0.261356 	 -0.299274
1199 	 13.8464 	 17.8464 	 0.186158 	 -0.257889
1200 	 13.7521 	 17.7521 	 0.367794 	 -0.405032
1201 	 13.767 	 17.767 	 0.261882 	 -0.311866
1202 	 13.8521 	 17.8521 	 0.278275 	 -0.352987
1203 	 13.9988 	 17.9988 	 0.275596 	 -0.34621
1204 	 13.6474 	 17.6474 	 0.306754 	 -0.365423
1205 	 13.505 	 17.505 	 0.274281 	 -0.283718
1206 	 13.6058 	 17.6058 	 0.254131 	 -0.323113
1207 	 14.1738 	 18.1738 	 0.206735 	 -0.290903
1208 	 13.0365 	 17.0365 	 0.314927 	 -0.375886
1209 	 13.6788 	 17.6788 	 0.202564 	 -0.265614
1210 	 13.8571 	 17.8571 	 0.207431 	 -0.261646
1211 	 13.1086 	 17.1086 	 0.290488 	 -0.371454
1212 	 13.7022 	 17.7022 	 0.186244 	 -0.264419
1213 	 13.1111 	 17.1111 	 0.29343 	 -0.331242
1214 	 13.5637 	 17.5637 	 0.19881 	 -0.233518
1215 	 13.4988 	 17.4988 	 0.250817 	 -0.282888
1216 	 13.7764 	 17.7764 	 0.197102 	 -0.240831
1217 	 13.7846 	 17.7846 	 0.252909 	 -0.293359
1218 	 13.493 	 17.493 	 0.299288 	 -0.339361
1219 	 13.7329 	 17.7329 	 0.221001 	 -0.287808
1220 	 13.5344 	 17.5344 	 0.322276 	 -0.371692
1221 	 14.101 	 18.101 	 0.198493 	 -0.254247
1222 	 13.4955 	 17.4955 	 0.245729 	 -0.315929
1223 	 13.5558 	 17.5558 	 0.303012 	 -0.322461
1224 	 13.6291 	 17.6291 	 0.264837 	 -0.332164
1225 	 13.5975 	 17.5975 	 0.213972 	 -0.304882
1226 	 13.6715 	 17.6715 	 0.259037 	 -0.310048
1227 	 13.4287 	 17.4287 	 0.243304 	 -0.312291
1228 	 13.2717 	 17.2717 	 0.374789 	 -0.385122
1229 	 13.7268 	 17.7268 	 0.196293 	 -0.290439
1230 	 13.3567 	 17.3567 	 0.325001 	 -0.370967
1231 	 13.5815 	 17.5815 	 0.23914 	 -0.296512
1232 	 14.4936 	 18.4936 	 0.236564 	 -0.328237
1233 	 14.883 	 18.883 	 0.190016 	 -0.196947
1234 	 14.8255 	 18.8255 	 0.238312 	 -0.280641
1235 	 14.4415 	 18.4415 	 0.223822 	 -0.267734
1236 	 14.696 	 18.696 	 0.274936 	 -0.336022
1237 	 14.19 	 18.19 	 0.24988 	 -0.309175
1238 	 14.9669 	 18.9669 	 0.0958283 	 -0.231542
1239 	 15.0188 	 19.0188 	 0.297638 	 -0.2989
1240 	 14.455 	 18.455 	 0.175551 	 -0.286422
1241 	 13.7967 	 17.7967 	 0.212702 	 -0.270826
1242 	 13.0723 	 17.0723 	 0.230626 	 -0.325805
1243 	 13.6236 	 17.6236 	 0.159255 	 -0.241113
1244 	 13.304 	 17.304 	 0.259949 	 -0.340944
1245 	 13.8139 	 17.8139 	 0.228753 	 -0.291493
1246 	 13.7326 	 17.7326 	 0.196352 	 -0.27699
1247 	 13.1227 	 17.1227 	 0.173305 	 -0.311209
1248 	 4.50408 	 8.50408 	 0.00963696 	 -0.335975
1249 	 13.6395 	 17.6395 	 0.187729 	 -0.282182
1250 	 13.9452 	 17.9452 	 0.111362 	 -0.236307
1251 	 13.4975 	 17.4975 	 0.204432 	 -0.245911
1252 	 13.3702 	 17.3702 	 0.16085 	 -0.20663
1253 	 13.6678 	 17.6678 	 0.200446 	 -0.297136
1254 	 13.3591 	 17.3591 	 0.239457 	 -0.299211
1255 	 13.1294 	 17.1294 	 0.258031 	 -0.355092
1256 	 13.8932 	 17.8932 	 0.267662 	 -0.281866
1257 	 14.4475 	 18.4475 	 0.24924 	 -0.269912
1258 	 13.58 	 17.58 	 0.211878 	 -0.245051
1259 	 13.5437 	 17.5437 	 0.268676 	 -0.267131
1260 	 13.8613 	 17.8613 	 0.323887 	 -0.34251
1261 	 14.1243 	 18.1243 	 0.235895 	 -0.273292
1262 	 14.0899 	 18.0899 	 0.258612 	 -0.317271
1263 	 14.2241 	 18.2241 	 0.219864 	 -0.252577
1264 	 13.141 	 17.141 	 0.34503 	 -0.349458
1265 	 13.2233 	 17.2233 	 0.373155 	 -0.387541
1266 	 13.4463 	 17.4463 	 0.215013 	 -0.242729
1267 	 13.2393 	 17.2393 	 0.318547 	 -0.35211
1268 	 12.1373 	 16.1373 	 0.324585 	 -0.37232
1269 	 12.9412 	 16.9412 	 0.37946 	 -0.368411
1270 	 13.0147 	 17.0147 	 0.262003 	 -0.300034
1271 	 13.3901 	 17.3901 	 0.250506 	 -0.294202
1272 	 12.7802 	 16.7802 	 0.254843 	 -0.315805
1273 	 12.9456 	 16.9456 	 0.335146 	 -0.363967
1274 	 13.2543 	 17.2543 	 0.24249 	 -0.309722
1275 	 13.2287 	 17.2287 	 0.291581 	 -0.365319
1276 	 13.1671 	 17.1671 	 0.278426 	 -0.338372
1277 	 13.1323 	 17.1323 	 0.328387 	 -0.329356
1278 	 13.1768 	 17.1768 	 0.218761 	 -0.282552
1279 	 13.3623 	 17.3623 	 0.223334 	 -0.274955
1280 	 13.2564 	 17.2564 	 0.226001 	 -0.280249
1281 	 13.3732 	 17.3732 	 0.230232 	 -0.303602
1282 	 13.0015 	 17.0015 	 0.252997 	 -0.326266
1283 	 13.1773 	 17.1773 	 0.200007 	 -0.292906
1284 	 13.68 	 17.68 	 0.211552 	 -0.279651
1285 	 13.2626 	 17.2626 	 0.25556 	 -0.262372
1286 	 13.5115 	 17.5115 	 0.250994 	 -0.320873
1287 	 13.6812 	 17.6812 	 0.214109 	 -0.267908
1288 	 14.0208 	 18.0208 	 0.263612 	 -0.271173
1289 	 13.4388 	 17.4388 	 0.23883 	 -0.300569
1290 	 13.6851 	 17.6851 	 0.196139 	 -0.255843
1291 	 13.6874 	 17.6874 	 0.217485 	 -0.243531
1292 	 13.2607 	 17.2607 	 0.311143 	 -0.353434
1293 	 13.2465 	 17.2465 	 0.322646 	 -0.343876
1294 	 13.1362 	 17.1362 	 0.249602 	 -0.308928
1295 	 13.1092 	 17.1092 	 0.359001 	 -0.396379
1296 	 14.2682 	 18.2682 	 0.226439 	 -0.290245
1297 	 14.3099 	 18.3099 	 0.230155 	 -0.285202
1298 	 14.3816 	 18.3816 	 0.205167 	 -0.263113
1299 	 14.3671 	 18.3671 	 0.159552 	 -0.253318
1300 	 14.0508 	 18.0508 	 0.214247 	 -0.282353
1301 	 13.8286 	 17.8286 	 0.156466 	 -0.278156
1302 	 13.9493 	 17.9493 	 0.206693 	 -0.318472
1303 	 14.2117 	 18.2117 	 0.151232 	 -0.218322
1304 	 12.8815 	 16.8815 	 0.358544 	 -0.365749
1305 	 13.1924 	 17.1924 	 0.303946 	 -0.317199
1306 	 13.1115 	 17.1115 	 0.291073 	 -0.309452
1307 	 13.1264 	 17.1264 	 0.329459 	 -0.323559
1308 	 12.9285 	 16.9285 	 0.3486 	 -0.347027
1309 	 12.962 	 16.962 	 0.310201 	 -0.328611
1310 	 12.8051 	 16.8051 	 0.260487 	 -0.299338
1311 	 13.1945 	 17.1945 	 0.253277 	 -0.301652
1312 	 13.3341 	 17.3341 	 0.26533 	 -0.321655
1313 	 13.7607 	 17.7607 	 0.163393 	 -0.233511
1314 	 13.6736 	 17.6736 	 0.197772 	 -0.271649
1315 	 13.7716 	 17.7716 	 0.221825 	 -0.273768
1316 	 13.2767 	 17.2767 	 0.225553 	 -0.284884
1317 	 13.9332 	 17.9332 	 0.101224 	 -0.193563
1318 	 14.1256 	 18.1256 	 0.108074 	 -0.223684
1319 	 13.3787 	 17.3787 	 0.244448 	 -0.314146
1320 	 15.1829 	 19.1829 	 0.236727 	 -0.313404
1321 	 14.7177 	 18.7177 	 0.301922 	 -0.350664
1322 	 14.3704 	 18.3704 	 0.305586 	 -0.35571
1323 	 14.7497 	 18.7497 	 0.314605 	 -0.345328
1324 	 14.1992 	 18.1992 	 0.373676 	 -0.41845
1325 	 14.3149 	 18.3149 	 0.14361 	 -0.24132
1326 	 14.6796 	 18.6796 	 0.30059 	 -0.360567
1327 	 14.1952 	 18.1952 	 0.218734 	 -0.303576
1328 	 12.4443 	 16.4443 	 0.260851 	 -0.342002
1329 	 13.5523 	 17.5523 	 0.333862 	 -0.350974
1330 	 14.2454 	 18.2454 	 0.213153 	 -0.296033
1331 	 13.519 	 17.519 	 0.330252 	 -0.354722
1332 	 14.2985 	 18.2985 	 0.226564 	 -0.28841
1333 	 13.5342 	 17.5342 	 0.318381 	 -0.34771
1334 	 13.4305 	 17.4305 	 0.270718 	 -0.37079
1335 	 14.3209 	 18.3209 	 0.153009 	 -0.252325
1336 	 13.3944 	 17.3944 	 0.19818 	 -0.233595
1337 	 13.7574 	 17.7574 	 0.18681 	 -0.250765
1338 	 14.0673 	 18.0673 	 0.167161 	 -0.239972
1339 	 14.0065 	 18.0065 	 0.200685 	 -0.257176
1340 	 14.0437 	 18.0437 	 0.202909 	 -0.317578
1341 	 13.9589 	 17.9589 	 0.200111 	 -0.238063
1342 	 13.5888 	 17.5888 	 0.22518 	 -0.299184
1343 	 13.993 	 17.993 	 0.172289 	 -0.279316
1344 	 13.0684 	 17.0684 	 0.131276 	 -0.243527
1345 	 12.6256 	 16.6256 	 0.308402 	 -0.332369
1346 	 12.3133 	 16.3133 	 0.263507 	 -0.300704
1347 	 12.6813 	 16.6813 	 0.263675 	 -0.295181
1348 	 12.3792 	 16.3792 	 0.357348 	 -0.373459
1349 	 12.6469 	 16.6469 	 0.32841 	 -0.364805
1350 	 12.7989 	 16.7989 	 0.203466 	 -0.265663
1351 	 12.1427 	 16.1427 	 0.207123 	 -0.245834
1352 	 12.7812 	 16.7812 	 0.323688 	 -0.36347
1353 	 12.4811 	 16.4811 	 0.347959 	 -0.407554
1354 	 12.381 	 16.381 	 0.376593 	 -0.414469
1355 	 12.278 	 16.278 	 0.360022 	 -0.392302
1356 	 13.047 	 17.047 	 0.289616 	 -0.331907
1357 	 12.5849 	 16.5849 	 0.315992 	 -0.358633
1358 	 12.6921 	 16.6921 	 0.266245 	 -0.324774
1359 	 12.7329 	 16.7329 	 0.244626 	 -0.319885
1360 	 14.0376 	 18.0376 	 0.201716 	 -0.267154
1361 	 13.7203 	 17.7203 	 0.199199 	 -0.257166
1362 	 13.6353 	 17.6353 	 0.332074 	 -0.367528
1363 	 13.9328 	 17.9328 	 0.183198 	 -0.239461
1364 	 13.4977 	 17.4977 	 0.3114 	 -0.352951
1365 	 14.0562 	 18.0562 	 0.226597 	 -0.300539
1366 	 13.8839 	 17.8839 	 0.26673 	 -0.346606
1367 	 13.4242 	 17.4242 	 0.220172 	 -0.29226
1368 	 13.7536 	 17.7536 	 0.290633 	 -0.388597
1369 	 13.5919 	 17.5919 	 0.243932 	 -0.328417
1370 	 13.8356 	 17.8356 	 0.274694 	 -0.34926
1371 	 13.569 	 17.569 	 0.273548 	 -0.355627
1372 	 13.6529 	 17.6529 	 0.315709 	 -0.366752
1373 	 13.73 	 17.73 	 0.310352 	 -0.360095
1374 	 13.5196 	 17.5196 	 0.213262 	 -0.284646
1375 	 13.7087 	 17.7087 	 0.248389 	 -0.324242
1376 	 12.4534 	 16.4534 	 0.214428 	 -0.287152
1377 	 12.8433 	 16.8433 	 0.235048 	 -0.308736
1378 	 12.9304 	 16.9304 	 0.194215 	 -0.264272
1379 	 12.7526 	 16.7526 	 0.220438 	 -0.252166
1380 	 12.4866 	 16.4866 	 0.288788 	 -0.32382
1381 	 12.6388 	 16.6388 	 0.206565 	 -0.27221
1382 	 12.7789 	 16.7789 	 0.154109 	 -0.27573
1383 	 12.894 	 16.894 	 0.263212 	 -0.318952
1384 	 12.6069 	 16.6069 	 0.329888 	 -0.341798
1385 	 11.7581 	 15.7581 	 0.474351 	 -0.194021
1386 	 12.8271 	 16.8271 	 0.285484 	 -0.32103
1387 	 12.7434 	 16.7434 	 0.284023 	 -0.353436
1388 	 13.2038 	 17.2038 	 0.277467 	 -0.318653
1389 	 12.7244 	 16.7244 	 0.297095 	 -0.340966
1390 	 13.0484 	 17.0484 	 0.282411 	 -0.306565
1391 	 12.727 	 16.727 	 0.236185 	 -0.285148
1392 	 13.3896 	 17.3896 	 0.255081 	 -0.327698
1393 	 13.2147 	 17.2147 	 0.313637 	 -0.343749
1394 	 13.2229 	 17.2229 	 0.290464 	 -0.362251
1395 	 13.3975 	 17.3975 	 0.184971 	 -0.260064
1396 	 13.4218 	 17.4218 	 0.324593 	 -0.393455
1397 	 13.0251 	 17.0251 	 0.317885 	 -0.374477
1398 	 13.4854 	 17.4854 	 0.253219 	 -0.320504
1399 	 13.9235 	 17.9235 	 0.099786 	 -0.195579
1400 	 13.274 	 17.274 	 0.319483 	 -0.351478
1401 	 14.0198 	 18.0198 	 0.253255 	 -0.304868
1402 	 13.7447 	 17.7447 	 0.281787 	 -0.314945
1403 	 13.8521 	 17.8521 	 0.248085 	 -0.314202
1404 	 13.7522 	 17.7522 	 0.327824 	 -0.371287
1405 	 13.9847 	 17.9847 	 0.214019 	 -0.294823
1406 	 12.7692 	 16.7692 	 0.415727 	 -0.394942
1407 	 13.844 	 17.844 	 0.286805 	 -0.368219
1408 	 12.9879 	 16.9879 	 0.333545 	 -0.338451
1409 	 13.1318 	 17.1318 	 0.227194 	 -0.269919
1410 	 12.7137 	 16.7137 	 0.326591 	 -0.332848
1411 	 12.7291 	 16.7291 	 0.338905 	 -0.350432
1412 	 13.0983 	 17.0983 	 0.321791 	 -0.335951
1413 	 12.4106 	 16.4106 	 0.258052 	 -0.3001
1414 	 12.8051 	 16.8051 	 0.28769 	 -0.326287
1415 	 13.053 	 17.053 	 0.341311 	 -0.363676
1416 	 13.1104 	 17.1104 	 0.300886 	 -0.353183
1417 	 13.3809 	 17.3809 	 0.327433 	 -0.347863
1418 	 13.7783 	 17.7783 	 0.210935 	 -0.284056
1419 	 13.7695 	 17.7695 	 0.280253 	 -0.306441
1420 	 13.8364 	 17.8364 	 0.207976 	 -0.262205
1421 	 13.3703 	 17.3703 	 0.365585 	 -0.415027
1422 	 13.4219 	 17.4219 	 0.3139 	 -0.36282
1423 	 13.4415 	 17.4415 	 0.285495 	 -0.335021
1424 	 12.4859 	 16.4859 	 0.270014 	 -0.343837
1425 	 12.778 	 16.778 	 0.255153 	 -0.315495
1426 	 13.0078 	 17.0078 	 0.293699 	 -0.363853
1427 	 12.4686 	 16.4686 	 0.255989 	 -0.29691
1428 	 12.9321 	 16.9321 	 0.284364 	 -0.351717
1429 	 12.6542 	 16.6542 	 0.325141 	 -0.354069
1430 	 12.7765 	 16.7765 	 0.242517 	 -0.302895
1431 	 13.0244 	 17.0244 	 0.233861 	 -0.298788
1432 	 12.5308 	 16.5308 	 0.293414 	 -0.356762
1433 	 13.274 	 17.274 	 0.226388 	 -0.275393
1434 	 13.0646 	 17.0646 	 0.27877 	 -0.341178
1435 	 12.948 	 16.948 	 0.212764 	 -0.267747
1436 	 12.9805 	 16.9805 	 0.264082 	 -0.3118
1437 	 12.8846 	 16.8846 	 0.254427 	 -0.326005
1438 	 13.2596 	 17.2596 	 0.182748 	 -0.263483
1439 	 13.0585 	 17.0585 	 0.291096 	 -0.327277
1440 	 12.9322 	 16.9322 	 0.326754 	 -0.39008
1441 	 12.9984 	 16.9984 	 0.260743 	 -0.31847
1442 	 12.7861 	 16.7861 	 0.299989 	 -0.313257
1443 	 12.7557 	 16.7557 	 0.269326 	 -0.298962
1444 	 13.1002 	 17.1002 	 0.329426 	 -0.378186
1445 	 12.8349 	 16.8349 	 0.370157 	 -0.37532
1446 	 13.5932 	 17.5932 	 0.265732 	 -0.321314
1447 	 13.3282 	 17.3282 	 0.270639 	 -0.296675
1448 	 14.5282 	 18.5282 	 0.283764 	 -0.287846
1449 	 14.5621 	 18.5621 	 0.136519 	 -0.249856
1450 	 14.55 	 18.55 	 0.245745 	 -0.282228
1451 	 14.187 	 18.187 	 0.345862 	 -0.380647
1452 	 14.4173 	 18.4173 	 0.205034 	 -0.229896
1453 	 14.6608 	 18.6608 	 0.265115 	 -0.290398
1454 	 14.1205 	 18.1205 	 0.208284 	 -0.251034
1455 	 13.8689 	 17.8689 	 0.204138 	 -0.270825
1456 	 13.2194 	 17.2194 	 0.3057 	 -0.386395
1457 	 13.0387 	 17.0387 	 0.330533 	 -0.353456
1458 	 12.74 	 16.74 	 0.223444 	 -0.310081
1459 	 13.1123 	 17.1123 	 0.323902 	 -0.406282
1460 	 13.0326 	 17.0326 	 0.235363 	 -0.302517
1461 	 12.942 	 16.942 	 0.344077 	 -0.411493
1462 	 13.3477 	 17.3477 	 0.199882 	 -0.306203
1463 	 13.0052 	 17.0052 	 0.325788 	 -0.375469
1464 	 12.4958 	 16.4958 	 0.176865 	 -0.232181
1465 	 12.0029 	 16.0029 	 0.231443 	 -0.255172
1466 	 12.2501 	 16.2501 	 0.210628 	 -0.272208
1467 	 12.2265 	 16.2265 	 0.221117 	 -0.217734
1468 	 12.2884 	 16.2884 	 0.241228 	 -0.277192
1469 	 12.1534 	 16.1534 	 0.272686 	 -0.334894
1470 	 12.4997 	 16.4997 	 0.16637 	 -0.217896
1471 	 12.4682 	 16.4682 	 0.226258 	 -0.221202
1472 	 13.0022 	 17.0022 	 0.298516 	 -0.293904
1473 	 13.1915 	 17.1915 	 0.228847 	 -0.233107
1474 	 13.4772 	 17.4772 	 0.176692 	 -0.209376
1475 	 13.3199 	 17.3199 	 0.19941 	 -0.21526
1476 	 13.2061 	 17.2061 	 0.202511 	 -0.254057
1477 	 13.3435 	 17.3435 	 0.25915 	 -0.271042
1478 	 13.3021 	 17.3021 	 0.2295 	 -0.251406
1479 	 12.6272 	 16.6272 	 0.297021 	 -0.306721
1480 	 13.5807 	 17.5807 	 0.208789 	 -0.280902
1481 	 13.2839 	 17.2839 	 0.282404 	 -0.303858
1482 	 12.7575 	 16.7575 	 0.290796 	 -0.343467
1483 	 13.2166 	 17.2166 	 0.299414 	 -0.359438
1484 	 13.4009 	 17.4009 	 0.267372 	 -0.304251
1485 	 11.6381 	 15.6381 	 0.292528 	 -0.321967
1486 	 11.681 	 15.681 	 0.310431 	 -0.384023
1487 	 13.3415 	 17.3415 	 0.329261 	 -0.36986
1488 	 13.1218 	 17.1218 	 0.224886 	 -0.260154
1489 	 13.0289 	 17.0289 	 0.215713 	 -0.256857
1490 	 13.0288 	 17.0288 	 0.252227 	 -0.303914
1491 	 12.7972 	 16.7972 	 0.210955 	 -0.296809
1492 	 12.8128 	 16.8128 	 0.293225 	 -0.319546
1493 	 12.554 	 16.554 	 0.285648 	 -0.384569
1494 	 13.1566 	 17.1566 	 0.218498 	 -0.257092
1495 	 12.865 	 16.865 	 0.237055 	 -0.276877
1496 	 13.9259 	 17.9259 	 0.230103 	 -0.256914
1497 	 13.899 	 17.899 	 0.211765 	 -0.226832
1498 	 13.7119 	 17.7119 	 0.264678 	 -0.302366
1499 	 10.4344 	 14.4344 	 0.72427 	 -0.255712
1500 	 14.3265 	 18.3265 	 0.14473 	 -0.173801
1501 	 13.5029 	 17.5029 	 0.285537 	 -0.270006
1502 	 13.8953 	 17.8953 	 0.174028 	 -0.183028
1503 	 13.9059 	 17.9059 	 0.226119 	 -0.277504
1504 	 13.0187 	 17.0187 	 0.265084 	 -0.289577
1505 	 13.0129 	 17.0129 	 0.2753 	 -0.303096
1506 	 13.3198 	 17.3198 	 0.173596 	 -0.208657
1507 	 12.4961 	 16.4961 	 0.277763 	 -0.335204
1508 	 13.8183 	 17.8183 	 0.192779 	 -0.255606
1509 	 13.2126 	 17.2126 	 0.25253 	 -0.32066
1510 	 13.2479 	 17.2479 	 0.265587 	 -0.284786
1511 	 14.008 	 18.008 	 0.16626 	 -0.197558
1512 	 12.1559 	 16.1559 	 0.24861 	 -0.271559
1513 	 12.7577 	 16.7577 	 0.238557 	 -0.284672
1514 	 12.8139 	 16.8139 	 0.220421 	 -0.281252
1515 	 12.2296 	 16.2296 	 0.253495 	 -0.260492
1516 	 12.5452 	 16.5452 	 0.263984 	 -0.275961
1517 	 12.5527 	 16.5527 	 0.294443 	 -0.331453
1518 	 12.615 	 16.615 	 0.26501 	 -0.300369
1519 	 12.4204 	 16.4204 	 0.165617 	 -0.206045
1520 	 12.8302 	 16.8302 	 0.240356 	 -0.261381
1521 	 13.0096 	 17.0096 	 0.236194 	 -0.223998
1522 	 13.0398 	 17.0398 	 0.240267 	 -0.26472
1523 	 12.428 	 16.428 	 0.253637 	 -0.266353
1524 	 13.522 	 17.522 	 0.24461 	 -0.243306
1525 	 12.7988 	 16.7988 	 0.302444 	 -0.338871
1526 	 12.7301 	 16.7301 	 0.2768 	 -0.30259
1527 	 13.3636 	 17.3636 	 0.209017 	 -0.213552
1528 	 13.6929 	 17.6929 	 0.117295 	 -0.159058
1529 	 13.3645 	 17.3645 	 0.182833 	 -0.222027
1530 	 13.8195 	 17.8195 	 0.186163 	 -0.209398
1531 	 13.8363 	 17.8363 	 0.161928 	 -0.21835
1532 	 14.1562 	 18.1562 	 0.175933 	 -0.213043
1533 	 13.8707 	 17.8707 	 0.19606 	 -0.248782
1534 	 13.5951 	 17.5951 	 0.182635 	 -0.209498
1535 	 13.3919 	 17.3919 	 0.212442 	 -0.23263
1536 	 13.2119 	 17.2119 	 0.135472 	 -0.158486
1537 	 13.4238 	 17.4238 	 0.131112 	 -0.161444
1538 	 13.46 	 17.46 	 0.18251 	 -0.221503
1539 	 12.7465 	 16.7465 	 0.263302 	 -0.283605
1540 	 13.4604 	 17.4604 	 0.161146 	 -0.219004
1541 	 14.1129 	 18.1129 	 0.16063 	 -0.204724
1542 	 13.0526 	 17.0526 	 0.164453 	 -0.215074
1543 	 13.3323 	 17.3323 	 0.163229 	 -0.206829
1544 	 13.9713 	 17.9713 	 0.217894 	 -0.256476
1545 	 14.1189 	 18.1189 	 0.178459 	 -0.222591
1546 	 14.3247 	 18.3247 	 0.202455 	 -0.276089
1547 	 14.2083 	 18.2083 	 0.184829 	 -0.232494
1548 	 14.5188 	 18.5188 	 0.173368 	 -0.239276
1549 	 13.7085 	 17.7085 	 0.26768 	 -0.27985
1550 	 13.9419 	 17.9419 	 0.182784 	 -0.205867
1551 	 14.4247 	 18.4247 	 0.179353 	 -0.221249
1552 	 13.8041 	 17.8041 	 0.200507 	 -0.235647
1553 	 14.3368 	 18.3368 	 0.15719 	 -0.220952
1554 	 14.3015 	 18.3015 	 0.134889 	 -0.209997
1555 	 14.1663 	 18.1663 	 0.158733 	 -0.227094
1556 	 14.3759 	 18.3759 	 0.145086 	 -0.230861
1557 	 13.8154 	 17.8154 	 0.197699 	 -0.225381
1558 	 14.2927 	 18.2927 	 0.174646 	 -0.234121
1559 	 14.6416 	 18.6416 	 0.133492 	 -0.190449
1560 	 13.528 	 17.528 	 0.185097 	 -0.203235
1561 	 12.7068 	 16.7068 	 0.248716 	 -0.282622
1562 	 13.2875 	 17.2875 	 0.163757 	 -0.187995
1563 	 13.0709 	 17.0709 	 0.201137 	 -0.186789
1564 	 12.8817 	 16.8817 	 0.275805 	 -0.322772
1565 	 12.7092 	 16.7092 	 0.251195 	 -0.300279
1566 	 13.0971 	 17.0971 	 0.234608 	 -0.254106
1567 	 13.065 	 17.065 	 0.183189 	 -0.22101
1568 	 11.6899 	 15.6899 	 0.145804 	 -0.202404
1569 	 12.3929 	 16.3929 	 0.16497 	 -0.200398
1570 	 12.2327 	 16.2327 	 0.215905 	 -0.243156
1571 	 12.0009 	 16.0009 	 0.219206 	 -0.233287
1572 	 12.4242 	 16.4242 	 0.181992 	 -0.237723
1573 	 12.0031 	 16.0031 	 0.214469 	 -0.224376
1574 	 12.0197 	 16.0197 	 0.2419 	 -0.264661
1575 	 12.5771 	 16.5771 	 0.207493 	 -0.242094
1576 	 13.3253 	 17.3253 	 0.372368 	 -0.442007
1577 	 14.1694 	 18.1694 	 0.202199 	 -0.251344
1578 	 13.8172 	 17.8172 	 0.286261 	 -0.376299
1579 	 13.6591 	 17.6591 	 0.251183 	 -0.308107
1580 	 13.7584 	 17.7584 	 0.220846 	 -0.336897
1581 	 13.9072 	 17.9072 	 0.218516 	 -0.24542
1582 	 13.6851 	 17.6851 	 0.244918 	 -0.28001
1583 	 13.9472 	 17.9472 	 0.24385 	 -0.307089
1584 	 12.7121 	 16.7121 	 0.24351 	 -0.249651
1585 	 12.7731 	 16.7731 	 0.160331 	 -0.199238
1586 	 12.8983 	 16.8983 	 0.173823 	 -0.202941
1587 	 12.6147 	 16.6147 	 0.208451 	 -0.24398
1588 	 12.9615 	 16.9615 	 0.191785 	 -0.254036
1589 	 12.8099 	 16.8099 	 0.189391 	 -0.239627
1590 	 12.9672 	 16.9672 	 0.169555 	 -0.217455
1591 	 13.004 	 17.004 	 0.181364 	 -0.207113
1592 	 14.3342 	 18.3342 	 0.245769 	 -0.26735
1593 	 14.5322 	 18.5322 	 0.184048 	 -0.198141
1594 	 13.8169 	 17.8169 	 0.24611 	 -0.255726
1595 	 14.4439 	 18.4439 	 0.18955 	 -0.244597
1596 	 14.1391 	 18.1391 	 0.218244 	 -0.255246
1597 	 14.0759 	 18.0759 	 0.22297 	 -0.233994
1598 	 14.1442 	 18.1442 	 0.173899 	 -0.208778
1599 	 14.5073 	 18.5073 	 0.212226 	 -0.232424
1600 	 13.1514 	 17.1514 	 0.193323 	 -0.244472
1601 	 12.7508 	 16.7508 	 0.193526 	 -0.226503
1602 	 12.4472 	 16.4472 	 0.264091 	 -0.351108
1603 	 12.7827 	 16.7827 	 0.237183 	 -0.270594
1604 	 12.6704 	 16.6704 	 0.202528 	 -0.275722
1605 	 12.9566 	 16.9566 	 0.221867 	 -0.269394
1606 	 12.9607 	 16.9607 	 0.174677 	 -0.225885
1607 	 12.3471 	 16.3471 	 0.283075 	 -0.32535
1608 	 12.8359 	 16.8359 	 0.154055 	 -0.194371
1609 	 12.6389 	 16.6389 	 0.263271 	 -0.275854
1610 	 12.7871 	 16.7871 	 0.247034 	 -0.276464
1611 	 12.9554 	 16.9554 	 0.163988 	 -0.193689
1612 	 12.7299 	 16.7299 	 0.250809 	 -0.281092
1613 	 12.9317 	 16.9317 	 0.224583 	 -0.26106
1614 	 13.0958 	 17.0958 	 0.245729 	 -0.274481
1615 	 12.8172 	 16.8172 	 0.273715 	 -0.320861
1616 	 13.1262 	 17.1262 	 0.317961 	 -0.316684
1617 	 13.4389 	 17.4389 	 0.248375 	 -0.265724
1618 	 13.6321 	 17.6321 	 0.247859 	 -0.292576
1619 	 13.1961 	 17.1961 	 0.300583 	 -0.334445
1620 	 13.2823 	 17.2823 	 0.280504 	 -0.291868
1621 	 13.1899 	 17.1899 	 0.211768 	 -0.235294
1622 	 13.1157 	 17.1157 	 0.180853 	 -0.233845
1623 	 13.2433 	 17.2433 	 0.245241 	 -0.272312
1624 	 13.4671 	 17.4671 	 0.183991 	 -0.224146
1625 	 13.105 	 17.105 	 0.203503 	 -0.220119
1626 	 13.1855 	 17.1855 	 0.217547 	 -0.239979
1627 	 13.3697 	 17.3697 	 0.192892 	 -0.199184
1628 	 12.9872 	 16.9872 	 0.249776 	 -0.285246
1629 	 13.0673 	 17.0673 	 0.277298 	 -0.29278
1630 	 13.3275 	 17.3275 	 0.21138 	 -0.236642
1631 	 13.3253 	 17.3253 	 0.285467 	 -0.215578
1632 	 14.8106 	 18.8106 	 0.135839 	 -0.230066
1633 	 14.7533 	 18.7533 	 0.178217 	 -0.217914
1634 	 14.1445 	 18.1445 	 0.201864 	 -0.240656
1635 	 13.9423 	 17.9423 	 0.186388 	 -0.184658
1636 	 14.5411 	 18.5411 	 0.157712 	 -0.175059
1637 	 14.2702 	 18.2702 	 0.173885 	 -0.248242
1638 	 14.2576 	 18.2576 	 0.160478 	 -0.246949
1639 	 14.6497 	 18.6497 	 0.145729 	 -0.242496
1640 	 13.3716 	 17.3716 	 0.2427 	 -0.276823
1641 	 13.2426 	 17.2426 	 0.246144 	 -0.278019
1642 	 14.4931 	 18.4931 	 0.13929 	 -0.139904
1643 	 13.3334 	 17.3334 	 0.227451 	 -0.276569
1644 	 13.8943 	 17.8943 	 0.226124 	 -0.264778
1645 	 13.4158 	 17.4158 	 0.200827 	 -0.240938
1646 	 13.9748 	 17.9748 	 0.179722 	 -0.18061
1647 	 14.6079 	 18.6079 	 0.168007 	 -0.23667
1648 	 12.5019 	 16.5019 	 0.262816 	 -0.29822
1649 	 13.6261 	 17.6261 	 0.205215 	 -0.249025
1650 	 12.8453 	 16.8453 	 0.23501 	 -0.249801
1651 	 12.8493 	 16.8493 	 0.164252 	 -0.207307
1652 	 12.7182 	 16.7182 	 0.241439 	 -0.278359
1653 	 13.8358 	 17.8358 	 0.131291 	 -0.203401
1654 	 13.1724 	 17.1724 	 0.160761 	 -0.199344
1655 	 13.1394 	 17.1394 	 0.151429 	 -0.168781
1656 	 13.7148 	 17.7148 	 0.221322 	 -0.219309
1657 	 13.6012 	 17.6012 	 0.145936 	 -0.237381
1658 	 14.1532 	 18.1532 	 0.140684 	 -0.197374
1659 	 14.2804 	 18.2804 	 0.17851 	 -0.235489
1660 	 13.7907 	 17.7907 	 0.154081 	 -0.22527
1661 	 13.7879 	 17.7879 	 0.170481 	 -0.2265
1662 	 14.0305 	 18.0305 	 0.142272 	 -0.20657
1663 	 14.2284 	 18.2284 	 0.176194 	 -0.23273
1664 	 11.7507 	 15.7507 	 0.224798 	 -0.273041
1665 	 12.6461 	 16.6461 	 0.213574 	 -0.226788
1666 	 12.8989 	 16.8989 	 0.087869 	 -0.127911
1667 	 12.6554 	 16.6554 	 0.0494339 	 -0.133217
1668 	 12.6939 	 16.6939 	 0.169853 	 -0.206991
1669 	 12.4878 	 16.4878 	 0.193921 	 -0.218264
1670 	 12.4714 	 16.4714 	 0.20299 	 -0.237833
1671 	 12.7717 	 16.7717 	 0.191325 	 -0.214355
1672 	 13.3149 	 17.3149 	 0.337538 	 -0.393378
1673 	 13.7311 	 17.7311 	 0.319296 	 -0.404633
1674 	 13.7086 	 17.7086 	 0.325616 	 -0.388074
1675 	 13.4515 	 17.4515 	 0.293999 	 -0.337135
1676 	 13.6375 	 17.6375 	 0.29815 	 -0.348805
1677 	 13.6903 	 17.6903 	 0.339677 	 -0.405355
1678 	 13.7342 	 17.7342 	 0.445493 	 -0.497693
1679 	 13.8006 	 17.8006 	 0.301297 	 -0.34673
1680 	 13.0583 	 17.0583 	 0.289883 	 -0.302243
1681 	 14.2699 	 18.2699 	 0.154576 	 -0.19008
1682 	 13.907 	 17.907 	 0.190379 	 -0.221559
1683 	 13.2212 	 17.2212 	 0.252907 	 -0.264505
1684 	 14.1428 	 18.1428 	 0.209593 	 -0.238176
1685 	 13.3018 	 17.3018 	 0.198899 	 -0.220763
1686 	 14.1863 	 18.1863 	 0.173176 	 -0.191653
1687 	 13.7689 	 17.7689 	 0.224263 	 -0.236864
1688 	 13.3865 	 17.3865 	 0.244052 	 -0.306234
1689 	 14.0597 	 18.0597 	 0.170582 	 -0.208005
1690 	 14.5069 	 18.5069 	 0.142084 	 -0.194429
1691 	 13.5682 	 17.5682 	 0.202857 	 -0.267308
1692 	 14.2566 	 18.2566 	 0.186517 	 -0.238469
1693 	 13.7976 	 17.7976 	 0.220813 	 -0.298831
1694 	 13.7401 	 17.7401 	 0.224852 	 -0.30374
1695 	 14.2774 	 18.2774 	 0.169171 	 -0.210871
1696 	 13.4066 	 17.4066 	 0.221224 	 -0.259446
1697 	 14.1769 	 18.1769 	 0.205408 	 -0.265983
1698 	 13.528 	 17.528 	 0.182684 	 -0.235419
1699 	 13.6232 	 17.6232 	 0.221087 	 -0.268659
1700 	 13.8941 	 17.8941 	 0.201489 	 -0.244777
1701 	 13.5975 	 17.5975 	 0.209553 	 -0.256486
1702 	 14.3414 	 18.3414 	 0.163697 	 -0.232906
1703 	 14.3302 	 18.3302 	 0.141586 	 -0.214328
1704 	 13.2987 	 17.2987 	 0.248246 	 -0.274154
1705 	 13.6715 	 17.6715 	 0.203393 	 -0.23346
1706 	 13.2846 	 17.2846 	 0.265445 	 -0.306722
1707 	 13.3969 	 17.3969 	 0.210838 	 -0.232132
1708 	 13.7011 	 17.7011 	 0.220737 	 -0.264701
1709 	 13.4943 	 17.4943 	 0.282994 	 -0.318657
1710 	 13.7125 	 17.7125 	 0.202235 	 -0.238728
1711 	 13.7359 	 17.7359 	 0.204968 	 -0.226899
1712 	 12.9804 	 16.9804 	 0.275878 	 -0.27997
1713 	 13.2282 	 17.2282 	 0.239645 	 -0.257694
1714 	 12.9087 	 16.9087 	 0.152312 	 -0.271129
1715 	 13.265 	 17.265 	 0.250884 	 -0.282407
1716 	 13.359 	 17.359 	 0.196168 	 -0.243289
1717 	 13.418 	 17.418 	 0.19952 	 -0.230255
1718 	 13.2248 	 17.2248 	 0.25957 	 -0.306728
1719 	 13.3361 	 17.3361 	 0.229227 	 -0.236349
1720 	 14.14 	 18.14 	 0.227808 	 -0.259856
1721 	 14.2785 	 18.2785 	 0.185447 	 -0.222516
1722 	 14.323 	 18.323 	 0.180781 	 -0.188488
1723 	 13.9765 	 17.9765 	 0.180687 	 -0.206163
1724 	 14.7615 	 18.7615 	 0.231886 	 -0.258549
1725 	 14.4494 	 18.4494 	 0.192635 	 -0.234306
1726 	 13.8702 	 17.8702 	 0.216366 	 -0.2493
1727 	 14.5027 	 18.5027 	 0.178936 	 -0.22182
1728 	 11.962 	 15.962 	 0.301538 	 -0.335978
1729 	 12.7269 	 16.7269 	 0.2056 	 -0.244435
1730 	 12.7014 	 16.7014 	 0.18778 	 -0.235709
1731 	 12.3882 	 16.3882 	 0.243078 	 -0.305836
1732 	 12.8589 	 16.8589 	 0.205005 	 -0.27669
1733 	 12.1678 	 16.1678 	 0.247349 	 -0.278383
1734 	 12.5004 	 16.5004 	 0.261965 	 -0.311422
1735 	 12.5305 	 16.5305 	 0.183975 	 -0.256245
1736 	 13.8899 	 17.8899 	 0.194972 	 -0.203092
1737 	 13.8879 	 17.8879 	 0.195576 	 -0.266769
1738 	 14.0734 	 18.0734 	 0.145566 	 -0.229512
1739 	 13.7858 	 17.7858 	 0.233671 	 -0.284234
1740 	 13.8683 	 17.8683 	 0.126244 	 -0.194151
1741 	 13.4197 	 17.4197 	 0.192996 	 -0.248615
1742 	 13.884 	 17.884 	 0.193797 	 -0.249468
1743 	 13.6526 	 17.6526 	 0.211967 	 -0.242762
1744 	 12.9588 	 16.9588 	 0.16684 	 -0.207306
1745 	 12.9927 	 16.9927 	 0.18856 	 -0.216851
1746 	 12.738 	 16.738 	 0.251927 	 -0.244983
1747 	 13.1681 	 17.1681 	 0.177116 	 -0.200836
1748 	 13.1663 	 17.1663 	 0.143766 	 -0.205315
1749 	 12.7748 	 16.7748 	 0.201194 	 -0.224465
1750 	 12.8095 	 16.8095 	 0.185811 	 -0.197058
1751 	 12.9115 	 16.9115 	 0.179908 	 -0.211512
1752 	 11.7076 	 15.7076 	 0.255286 	 -0.311105
1753 	 12.6203 	 16.6203 	 0.128686 	 -0.180059
1754 	 12.0271 	 16.0271 	 0.252293 	 -0.276841
1755 	 12.0171 	 16.0171 	 0.252386 	 -0.288822
1756 	 11.5272 	 15.5272 	 0.247876 	 -0.312639
1757 	 11.6669 	 15.6669 	 0.254927 	 -0.302356
1758 	 12.3381 	 16.3381 	 0.208315 	 -0.247118
1759 	 11.8677 	 15.8677 	 0.182548 	 -0.214771
1760 	 12.1878 	 16.1878 	 0.335948 	 -0.371935
1761 	 12.1812 	 16.1812 	 0.227572 	 -0.309357
1762 	 12.2957 	 16.2957 	 0.238694 	 -0.295819
1763 	 12.1327 	 16.1327 	 0.295724 	 -0.33702
1764 	 12.2661 	 16.2661 	 0.322758 	 -0.390777
1765 	 11.7811 	 15.7811 	 0.236059 	 -0.28749
1766 	 12.3082 	 16.3082 	 0.285459 	 -0.320812
1767 	 12.9321 	 16.9321 	 0.334755 	 -0.348935
1768 	 12.4203 	 16.4203 	 0.343353 	 -0.377891
1769 	 12.7278 	 16.7278 	 0.345852 	 -0.391345
1770 	 11.9139 	 15.9139 	 0.311515 	 -0.383566
1771 	 12.1096 	 16.1096 	 0.348506 	 -0.376512
1772 	 12.3372 	 16.3372 	 0.337644 	 -0.392073
1773 	 12.4549 	 16.4549 	 0.351382 	 -0.408715
1774 	 12.2957 	 16.2957 	 0.350333 	 -0.365445
1775 	 12.8326 	 16.8326 	 0.420703 	 -0.455465
1776 	 13.734 	 17.734 	 0.256136 	 -0.284911
1777 	 8.99692 	 12.9969 	 0.537446 	 -0.104872
1778 	 13.854 	 17.854 	 0.171306 	 -0.173132
1779 	 13.6684 	 17.6684 	 0.240702 	 -0.299978
1780 	 14.2361 	 18.2361 	 0.224105 	 -0.285081
1781 	 13.7995 	 17.7995 	 0.23143 	 -0.295353
1782 	 13.8463 	 17.8463 	 0.219947 	 -0.290344
1783 	 13.4302 	 17.4302 	 0.236373 	 -0.285778
1784 	 12.7873 	 16.7873 	 0.20055 	 -0.264949
1785 	 13.6715 	 17.6715 	 0.197913 	 -0.237471
1786 	 13.1203 	 17.1203 	 0.288165 	 -0.323908
1787 	 12.846 	 16.846 	 0.149384 	 -0.230997
1788 	 12.9827 	 16.9827 	 0.240877 	 -0.309088
1789 	 13.2187 	 17.2187 	 0.199712 	 -0.2492
1790 	 13.1783 	 17.1783 	 0.226253 	 -0.240414
1791 	 13.0554 	 17.0554 	 0.175784 	 -0.221591
1792 	 13.0777 	 17.0777 	 0.221198 	 -0.274865
1793 	 12.7154 	 16.7154 	 0.251688 	 -0.278114
1794 	 13.5619 	 17.5619 	 0.243093 	 -0.295187
1795 	 13.0653 	 17.0653 	 0.148458 	 -0.211647
1796 	 13.069 	 17.069 	 0.244447 	 -0.29991
1797 	 12.9061 	 16.9061 	 0.19345 	 -0.219049
1798 	 13.2409 	 17.2409 	 0.211902 	 -0.271872
1799 	 13.1591 	 17.1591 	 0.193815 	 -0.216684
1800 	 12.7603 	 16.7603 	 0.254043 	 -0.271507
1801 	 12.8826 	 16.8826 	 0.127259 	 -0.179158
1802 	 12.6032 	 16.6032 	 0.163707 	 -0.222213
1803 	 12.7401 	 16.7401 	 0.273662 	 -0.341767
1804 	 13.271 	 17.271 	 0.254627 	 -0.292414
1805 	 12.6598 	 16.6598 	 0.200955 	 -0.25655
1806 	 12.757 	 16.757 	 0.228033 	 -0.260343
1807 	 12.9563 	 16.9563 	 0.239099 	 -0.26738
1808 	 13.4908 	 17.4908 	 0.171428 	 -0.206772
1809 	 12.9752 	 16.9752 	 0.251118 	 -0.283381
1810 	 13.5765 	 17.5765 	 0.14307 	 -0.18638
1811 	 13.1367 	 17.1367 	 0.243187 	 -0.26285
1812 	 13.3268 	 17.3268 	 0.167835 	 -0.205429
1813 	 12.8614 	 16.8614 	 0.219198 	 -0.237223
1814 	 13.5535 	 17.5535 	 0.206322 	 -0.233796
1815 	 13.0691 	 17.0691 	 0.217574 	 -0.250143
1816 	 13.4054 	 17.4054 	 0.26761 	 -0.30091
1817 	 13.1379 	 17.1379 	 0.267036 	 -0.277846
1818 	 13.6807 	 17.6807 	 0.232973 	 -0.271902
1819 	 13.5889 	 17.5889 	 0.255957 	 -0.281169
1820 	 13.9238 	 17.9238 	 0.203492 	 -0.258597
1821 	 13.3498 	 17.3498 	 0.269623 	 -0.282649
1822 	 13.5547 	 17.5547 	 0.205231 	 -0.261692
1823 	 13.5374 	 17.5374 	 0.21783 	 -0.274399
1824 	 13.5008 	 17.5008 	 0.229108 	 -0.2421
1825 	 13.8662 	 17.8662 	 0.157058 	 -0.199883
1826 	 13.4373 	 17.4373 	 0.205608 	 -0.225898
1827 	 13.2922 	 17.2922 	 0.202804 	 -0.23717
1828 	 13.516 	 17.516 	 0.224458 	 -0.24098
1829 	 13.3116 	 17.3116 	 0.200671 	 -0.239303
1830 	 13.6133 	 17.6133 	 0.185814 	 -0.222635
1831 	 14.0339 	 18.0339 	 0.165099 	 -0.221189
1832 	 12.9109 	 16.9109 	 0.220575 	 -0.217893
1833 	 13.1915 	 17.1915 	 0.22617 	 -0.254708
1834 	 13.435 	 17.435 	 0.168703 	 -0.231849
1835 	 12.9895 	 16.9895 	 0.172523 	 -0.239128
1836 	 13.5897 	 17.5897 	 0.174671 	 -0.215104
1837 	 13.1594 	 17.1594 	 0.229389 	 -0.279273
1838 	 13.1869 	 17.1869 	 0.219708 	 -0.252084
1839 	 13.255 	 17.255 	 0.200513 	 -0.23175
1840 	 12.8763 	 16.8763 	 0.285383 	 -0.306102
1841 	 12.4472 	 16.4472 	 0.321802 	 -0.390358
1842 	 12.2727 	 16.2727 	 0.319728 	 -0.385446
1843 	 12.1608 	 16.1608 	 0.293555 	 -0.338858
1844 	 12.3018 	 16.3018 	 0.268716 	 -0.350711
1845 	 12.387 	 16.387 	 0.346492 	 -0.379956
1846 	 12.3124 	 16.3124 	 0.320561 	 -0.390499
1847 	 12.5208 	 16.5208 	 0.230104 	 -0.285496
1848 	 12.2628 	 16.2628 	 0.268342 	 -0.315065
1849 	 12.2505 	 16.2505 	 0.258654 	 -0.312033
1850 	 13.2693 	 17.2693 	 0.282163 	 -0.347381
1851 	 12.4774 	 16.4774 	 0.269588 	 -0.317023
1852 	 12.2329 	 16.2329 	 0.292647 	 -0.349421
1853 	 12.4391 	 16.4391 	 0.240742 	 -0.285657
1854 	 13.1942 	 17.1942 	 0.380498 	 -0.422616
1855 	 12.7135 	 16.7135 	 0.259699 	 -0.300207
1856 	 12.9902 	 16.9902 	 0.266305 	 -0.307102
1857 	 13.4816 	 17.4816 	 0.235557 	 -0.273008
1858 	 13.2736 	 17.2736 	 0.237856 	 -0.286434
1859 	 12.9596 	 16.9596 	 0.260609 	 -0.285794
1860 	 13.0288 	 17.0288 	 0.254519 	 -0.321032
1861 	 13.0344 	 17.0344 	 0.248483 	 -0.267078
1862 	 13.4873 	 17.4873 	 0.234651 	 -0.244425
1863 	 13.5965 	 17.5965 	 0.213205 	 -0.240392
1864 	 13.9128 	 17.9128 	 0.171647 	 -0.154082
1865 	 14.0097 	 18.0097 	 0.176769 	 -0.213604
1866 	 14.3248 	 18.3248 	 0.165868 	 -0.174611
1867 	 14.1698 	 18.1698 	 0.292912 	 -0.278217
1868 	 14.5941 	 18.5941 	 0.199854 	 -0.217327
1869 	 13.7431 	 17.7431 	 0.206129 	 -0.239742
1870 	 13.6108 	 17.6108 	 0.213452 	 -0.244215
1871 	 14.2292 	 18.2292 	 0.22621 	 -0.240456
1872 	 11.814 	 15.814 	 0.297255 	 -0.281203
1873 	 12.3632 	 16.3632 	 0.21339 	 -0.233363
1874 	 12.5594 	 16.5594 	 0.205622 	 -0.226824
1875 	 12.0075 	 16.0075 	 0.263753 	 -0.273255
1876 	 12.5088 	 16.5088 	 0.240926 	 -0.288243
1877 	 11.6363 	 15.6363 	 0.239731 	 -0.259405
1878 	 12.5916 	 16.5916 	 0.167801 	 -0.204896
1879 	 12.5365 	 16.5365 	 0.229263 	 -0.249463
1880 	 12.912 	 16.912 	 0.10896 	 -0.189451
1881 	 13.663 	 17.663 	 0.209832 	 -0.257385
1882 	 13.2236 	 17.2236 	 0.237087 	 -0.273613
1883 	 12.7716 	 16.7716 	 0.31429 	 -0.313048
1884 	 12.639 	 16.639 	 0.249698 	 -0.271911
1885 	 12.946 	 16.946 	 0.207207 	 -0.231746
1886 	 12.8209 	 16.8209 	 0.120083 	 -0.172242
1887 	 13.1093 	 17.1093 	 0.182088 	 -0.263056
1888 	 13.9288 	 17.9288 	 0.200704 	 -0.25187
1889 	 14.1217 	 18.1217 	 0.203026 	 -0.241593
1890 	 14.1509 	 18.1509 	 0.228557 	 -0.268031
1891 	 13.7515 	 17.7515 	 0.244074 	 -0.275967
1892 	 14.0114 	 18.0114 	 0.179876 	 -0.246821
1893 	 13.7412 	 17.7412 	 0.265962 	 -0.267218
1894 	 13.8926 	 17.8926 	 0.226077 	 -0.264299
1895 	 14.2431 	 18.2431 	 0.201014 	 -0.232057
1896 	 13.0229 	 17.0229 	 0.22765 	 -0.218416
1897 	 13.1055 	 17.1055 	 0.152564 	 -0.198617
1898 	 13.0353 	 17.0353 	 0.189174 	 -0.221277
1899 	 13.0417 	 17.0417 	 0.199364 	 -0.20326
1900 	 13.3796 	 17.3796 	 0.14611 	 -0.198712
1901 	 12.9039 	 16.9039 	 0.184948 	 -0.229607
1902 	 12.9384 	 16.9384 	 0.106518 	 -0.210699
1903 	 13.1448 	 17.1448 	 0.160308 	 -0.20872
1904 	 12.4427 	 16.4427 	 0.344463 	 -0.382269
1905 	 12.9173 	 16.9173 	 0.261865 	 -0.309727
1906 	 13.4088 	 17.4088 	 0.22624 	 -0.274831
1907 	 13.0222 	 17.0222 	 0.206353 	 -0.260514
1908 	 12.9213 	 16.9213 	 0.240135 	 -0.298722
1909 	 12.6741 	 16.6741 	 0.140109 	 -0.235777
1910 	 13.2233 	 17.2233 	 0.266841 	 -0.274306
1911 	 13.0898 	 17.0898 	 0.197252 	 -0.249467
1912 	 12.6805 	 16.6805 	 0.48027 	 -0.441549
1913 	 13.005 	 17.005 	 0.32932 	 -0.40324
1914 	 12.3515 	 16.3515 	 0.28745 	 -0.296624
1915 	 12.4406 	 16.4406 	 0.233563 	 -0.313165
1916 	 12.7074 	 16.7074 	 0.397145 	 -0.420101
1917 	 12.9076 	 16.9076 	 0.378484 	 -0.403578
1918 	 12.708 	 16.708 	 0.244872 	 -0.303417
1919 	 12.4989 	 16.4989 	 0.230525 	 -0.285165
1920 	 12.3675 	 16.3675 	 0.253825 	 -0.296293
1921 	 12.0846 	 16.0846 	 0.281831 	 -0.313444
1922 	 12.3253 	 16.3253 	 0.24364 	 -0.284295
1923 	 12.1259 	 16.1259 	 0.231095 	 -0.295008
1924 	 12.355 	 16.355 	 0.252438 	 -0.321031
1925 	 12.1189 	 16.1189 	 0.294024 	 -0.360069
1926 	 12.1946 	 16.1946 	 0.264134 	 -0.305033
1927 	 12.6262 	 16.6262 	 0.2447 	 -0.268414
1928 	 13.6326 	 17.6326 	 0.21859 	 -0.25426
1929 	 13.9195 	 17.9195 	 0.235268 	 -0.260686
1930 	 13.9237 	 17.9237 	 0.275641 	 -0.323564
1931 	 14.3435 	 18.3435 	 0.195154 	 -0.273445
1932 	 14.592 	 18.592 	 0.219462 	 -0.266548
1933 	 14.4069 	 18.4069 	 0.203157 	 -0.23067
1934 	 13.8959 	 17.8959 	 0.240318 	 -0.2795
1935 	 14.4356 	 18.4356 	 0.123494 	 -0.207826
1936 	 12.7283 	 16.7283 	 0.226105 	 -0.275296
1937 	 12.9681 	 16.9681 	 0.146218 	 -0.214351
1938 	 12.889 	 16.889 	 0.2205 	 -0.229984
1939 	 12.7126 	 16.7126 	 0.152732 	 -0.208056
1940 	 12.8055 	 16.8055 	 0.207209 	 -0.232068
1941 	 12.9156 	 16.9156 	 0.235574 	 -0.238872
1942 	 12.7987 	 16.7987 	 0.256056 	 -0.298038
1943 	 12.8023 	 16.8023 	 0.194728 	 -0.199655
1944 	 12.2164 	 16.2164 	 0.30869 	 -0.297004
1945 	 12.7278 	 16.7278 	 0.17646 	 -0.200461
1946 	 12.3805 	 16.3805 	 0.235526 	 -0.260646
1947 	 12.6179 	 16.6179 	 0.290911 	 -0.336803
1948 	 12.9646 	 16.9646 	 0.180503 	 -0.227435
1949 	 12.4967 	 16.4967 	 0.2529 	 -0.287122
1950 	 12.8194 	 16.8194 	 0.221261 	 -0.239468
1951 	 12.688 	 16.688 	 0.080129 	 -0.162
1952 	 0 	 0 	 0 	 0
1953 	 0 	 0 	 0 	 0
1954 	 0 	 0 	 0 	 0
1955 	 0 	 0 	 0 	 0
1956 	 0 	 0 	 0 	 0
1957 	 0 	 0 	 0 	 0
1958 	 0 	 0 	 0 	 0
1959 	 0 	 0 	 0 	 0
1960 	 0 	 0 	 0 	 0
1961 	 0 	 0 	 0 	 0
1962 	 0 	 0 	 0 	 0
1963 	 0 	 0 	 0 	 0
1964 	 0 	 0 	 0 	 0
1965 	 0 	 0 	 0 	 0
1966 	 0 	 0 	 0 	 0
1967 	 0 	 0 	 0 	 0
1968 	 0 	 0 	 0 	 0
1969 	 0 	 0 	 0 	 0
1970 	 0 	 0 	 0 	 0
1971 	 0 	 0 	 0 	 0
1972 	 0 	 0 	 0 	 0
1973 	 0 	 0 	 0 	 0
1974 	 0 	 0 	 0 	 0
1975 	 0 	 0 	 0 	 0
1976 	 0 	 0 	 0 	 0
1977 	 0 	 0 	 0 	 0
1978 	 0 	 0 	 0 	 0
1979 	 0 	 0 	 0 	 0
1980 	 0 	 0 	 0 	 0
1981 	 0 	 0 	 0 	 0
1982 	 0 	 0 	 0 	 0
1983 	 0 	 0 	 0 	 0
1984 	 0 	 0 	 0 	 0
1985 	 0 	 0 	 0 	 0
1986 	 0 	 0 	 0 	 0
1987 	 0 	 0 	 0 	 0
1988 	 0 	 0 	 0 	 0
1989 	 0 	 0 	 0 	 0
1990 	 0 	 0 	 0 	 0
1991 	 0 	 0 	 0 	 0
1992 	 0 	 0 	 0 	 0
1993 	 0 	 0 	 0 	 0
1994 	 0 	 0 	 0 	 0
1995 	 0 	 0 	 0 	 0
1996 	 0 	 0 	 0 	 0
1997 	 0 	 0 	 0 	 0
1998 	 0 	 0 	 0 	 0
1999 	 0 	 0 	 0 	 0
2000 	 0 	 0 	 0 	 0
2001 	 0 	 0 	 0 	 0
2002 	 0 	 0 	 0 	 0
2003 	 0 	 0 	 0 	 0
2004 	 0 	 0 	 0 	 0
2005 	 0 	 0 	 0 	 0
2006 	 0 	 0 	 0 	 0
2007 	 0 	 0 	 0 	 0
2008 	 0 	 0 	 0 	 0
2009 	 0 	 0 	 0 	 0
2010 	 0 	 0 	 0 	 0
2011 	 0 	 0 	 0 	 0
2012 	 0 	 0 	 0 	 0
2013 	 0 	 0 	 0 	 0
2014 	 0 	 0 	 0 	 0
2015 	 0 	 0 	 0 	 0
2016 	 0 	 0 	 0 	 0
2017 	 0 	 0 	 0 	 0
2018 	 0 	 0 	 0 	 0
2019 	 0 	 0 	 0 	 0
2020 	 0 	 0 	 0 	 0
2021 	 0 	 0 	 0 	 0
2022 	 0 	 0 	 0 	 0
2023 	 0 	 0 	 0 	 0
2024 	 0 	 0 	 0 	 0
2025 	 0 	 0 	 0 	 0
2026 	 0 	 0 	 0 	 0
2027 	 0 	 0 	 0 	 0
2028 	 0 	 0 	 0 	 0
2029 	 0 	 0 	 0 	 0
2030 	 0 	 0 	 0 	 0
2031 	 0 	 0 	 0 	 0
2032 	 0 	 0 	 0 	 0
2033 	 0 	 0 	 0 	 0
2034 	 0 	 0 	 0 	 0
2035 	 0 	 0 	 0 	 0
2036 	 0 	 0 	 0 	 0
2037 	 0 	 0 	 0 	 0
2038 	 0 	 0 	 0 	 0
2039 	 0 	 0 	 0 	 0
2040 	 0 	 0 	 0 	 0
2041 	 0 	 0 	 0 	 0
2042 	 0 	 0 	 0 	 0
2043 	 0 	 0 	 0 	 0
2044 	 0 	 0 	 0 	 0
2045 	 0 	 0 	 0 	 0
2046 	 0 	 0 	 0 	 0
2047 	 0 	 0 	 0 	 0
2048 	 0 	 0 	 0 	 0
2049 	 0 	 0 	 0 	 0
2050 	 0 	 0 	 0 	 0
2051 	 0 	 0 	 0 	 0
2052 	 0 	 0 	 0 	 0
2053 	 0 	 0 	 0 	 0
2054 	 0 	 0 	 0 	 0
2055 	 0 	 0 	 0 	 0
2056 	 0 	 0 	 0 	 0
2057 	 0 	 0 	 0 	 0
2058 	 0 	 0 	 0 	 0
2059 	 0 	 0 	 0 	 0
2060 	 0 	 0 	 0 	 0
2061 	 0 	 0 	 0 	 0
2062 	 0 	 0 	 0 	 0
2063 	 0 	 0 	 0 	 0
2064 	 0 	 0 	 0 	 0
2065 	 0 	 0 	 0 	 0
2066 	 0 	 0 	 0 	 0
2067 	 0 	 0 	 0 	 0
2068 	 0 	 0 	 0 	 0
2069 	 0 	 0 	 0 	 0
2070 	 0 	 0 	 0 	 0
2071 	 0 	 0 	 0 	 0
2072 	 0 	 0 	 0 	 0
2073 	 0 	 0 	 0 	 0
2074 	 0 	 0 	 0 	 0
2075 	 0 	 0 	 0 	 0
2076 	 0 	 0 	 0 	 0
2077 	 0 	 0 	 0 	 0
2078 	 0 	 0 	 0 	 0
2079 	 0 	 0 	 0 	 0
2080 	 0 	 0 	 0 	 0
2081 	 0 	 0 	 0 	 0
2082 	 0 	 0 	 0 	 0
2083 	 0 	 0 	 0 	 0
2084 	 0 	 0 	 0 	 0
2085 	 0 	 0 	 0 	 0
2086 	 0 	 0 	 0 	 0
2087 	 0 	 0 	 0 	 0
2088 	 0 	 0 	 0 	 0
2089 	 0 	 0 	 0 	 0
2090 	 0 	 0 	 0 	 0
2091 	 0 	 0 	 0 	 0
2092 	 0 	 0 	 0 	 0
2093 	 0 	 0 	 0 	 0
2094 	 0 	 0 	 0 	 0
2095 	 0 	 0 	 0 	 0
2096 	 0 	 0 	 0 	 0
2097 	 0 	 0 	 0 	 0
2098 	 0 	 0 	 0 	 0
2099 	 0 	 0 	 0 	 0
2100 	 0 	 0 	 0 	 0
2101 	 0 	 0 	 0 	 0
2102 	 0 	 0 	 0 	 0
2103 	 0 	 0 	 0 	 0
2104 	 0 	 0 	 0 	 0
2105 	 0 	 0 	 0 	 0
2106 	 0 	 0 	 0 	 0
2107 	 0 	 0 	 0 	 0
2108 	 0 	 0 	 0 	 0
2109 	 0 	 0 	 0 	 0
2110 	 0 	 0 	 0 	 0
2111 	 0 	 0 	 0 	 0
2112 	 0 	 0 	 0 	 0
2113 	 0 	 0 	 0 	 0
2114 	 0 	 0 	 0 	 0
2115 	 0 	 0 	 0 	 0
2116 	 0 	 0 	 0 	 0
2117 	 0 	 0 	 0 	 0
2118 	 0 	 0 	 0 	 0
2119 	 0 	 0 	 0 	 0
2120 	 0 	 0 	 0 	 0
2121 	 0 	 0 	 0 	 0
2122 	 0 	 0 	 0 	 0
2123 	 0 	 0 	 0 	 0
2124 	 0 	 0 	 0 	 0
2125 	 0 	 0 	 0 	 0
2126 	 0 	 0 	 0 	 0
2127 	 0 	 0 	 0 	 0
2128 	 0 	 0 	 0 	 0
2129 	 0 	 0 	 0 	 0
2130 	 0 	 0 	 0 	 0
2131 	 0 	 0 	 0 	 0
2132 	 0 	 0 	 0 	 0
2133 	 0 	 0 	 0 	 0
2134 	 0 	 0 	 0 	 0
2135 	 0 	 0 	 0 	 0
2136 	 0 	 0 	 0 	 0
2137 	 0 	 0 	 0 	 0
2138 	 0 	 0 	 0 	 0
2139 	 0 	 0 	 0 	 0
2140 	 0 	 0 	 0 	 0
2141 	 0 	 0 	 0 	 0
2142 	 0 	 0 	 0 	 0
2143 	 0 	 0 	 0 	 0
2144 	 0 	 0 	 0 	 0
2145 	 0 	 0 	 0 	 0
2146 	 0 	 0 	 0 	 0
2147 	 0 	 0 	 0 	 0
2148 	 0 	 0 	 0 	 0
2149 	 0 	 0 	 0 	 0
2150 	 0 	 0 	 0 	 0
2151 	 0 	 0 	 0 	 0
2152 	 0 	 0 	 0 	 0
2153 	 0 	 0 	 0 	 0
2154 	 0 	 0 	 0 	 0
2155 	 0 	 0 	 0 	 0
2156 	 0 	 0 	 0 	 0
2157 	 0 	 0 	 0 	 0
2158 	 0 	 0 	 0 	 0
2159 	 0 	 0 	 0 	 0
2160 	 0 	 0 	 0 	 0
2161 	 0 	 0 	 0 	 0
2162 	 0 	 0 	 0 	 0
2163 	 0 	 0 	 0 	 0
2164 	 0 	 0 	 0 	 0
2165 	 0 	 0 	 0 	 0
2166 	 0 	 0 	 0 	 0
2167 	 0 	 0 	 0 	 0
2168 	 0 	 0 	 0 	 0
2169 	 0 	 0 	 0 	 0
2170 	 0 	 0 	 0 	 0
2171 	 0 	 0 	 0 	 0
2172 	 0 	 0 	 0 	 0
2173 	 0 	 0 	 0 	 0
2174 	 0 	 0 	 0 	 0
2175 	 0 	 0 	 0 	 0
2176 	 0 	 0 	 0 	 0
2177 	 0 	 0 	 0 	 0
2178 	 0 	 0 	 0 	 0
2179 	 0 	 0 	 0 	 0
2180 	 0 	 0 	 0 	 0
2181 	 0 	 0 	 0 	 0
2182 	 0 	 0 	 0 	 0
2183 	 0 	 0 	 0 	 0
2184 	 0 	 0 	 0 	 0
2185 	 0 	 0 	 0 	 0
2186 	 0 	 0 	 0 	 0
2187 	 0 	 0 	 0 	 0
2188 	 0 	 0 	 0 	 0
2189 	 0 	 0 	 0 	 0
2190 	 0 	 0 	 0 	 0
2191 	 0 	 0 	 0 	 0
2192 	 0 	 0 	 0 	 0
2193 	 0 	 0 	 0 	 0
2194 	 0 	 0 	 0 	 0
2195 	 0 	 0 	 0 	 0
