# NChannels including PMT+SC
NChannels= 8588 

# Total number of ROBoards
NROBoards= 17

# Number of mezzanines for a full board
NROMezzaninesPerFullBoard= 4

# Number of readout boards for each station [one value for each station]
NROBoardsPerStation= 15 2

# Mezzanine masks to indicate the enabled mezzanines in each board [one value for each ROBoard]
ROMezzanineMasksPerBoard= f f f f f f f f f f f f f f f f f

# FPGA map: number of FPGA per readout (DAQ) board (i.e number of TDCs per Tel62) - from run 1423 - December 2014
# "NFPGAs" has to be specified for how many readout boards the sub-detector is using   
NFPGAs= 4 4 4 4 4 4 4 4 4 4 4 4 4 4 4 4 4

# Number of 25ns-long slots read [one value for each mezzanine]
NSlots= 5 5 5 5 5 5 5 5 5 5 5 5 5 5 5 5 5 5 5 5 5 5 5 5 5 5 5 5 5 5 5 5 5 5 5 5 5 5 5 5 5 5 5 5 5 5 5 5 5 5 5 5 5 5 5 5 5 5 5 5 5 5 5 5 5 5 5 5

LastSlotID= 2 2 2 2 2 2 2 2 2 2 2 2 2 2 2 2 2 2 2 2 2 2 2 2 2 2 2 2 2 2 2 2 2 2 2 2 2 2 2 2 2 2 2 2 2 2 2 2 2 2 2 2 2 2 2 2 2 2 2 2 2 2 2 2 2 2 2 2

# Flag to define the treatment of warning printouts
#0: no warnings
#1: general information event-related 
#2: general information detector-related
#3: maximum detail level
WarningsLevel= 2

# Total number of channels of the readout board (used by RecoBase/src/TDCBRawDecoder.cc)
NROChannels= 8704

ChRemap_0000= 0 1 2 3 4 5 6 7 100 101 102 103 104 105 106 107
ChRemap_0001= 200 201 202 203 204 205 206 207 300 301 302 303 304 305 306 307
ChRemap_0002= 400 401 402 403 404 405 406 407 500 501 502 503 504 505 506 507
ChRemap_0003= 600 601 602 603 604 605 606 607 700 701 702 703 704 705 706 707
ChRemap_0004= 800 801 802 803 804 805 806 807 900 901 902 903 904 905 906 907
ChRemap_0005= 1000 1001 1002 1003 1004 1005 1006 1007 1100 1101 1102 1103 1104 1105 1106 1107
ChRemap_0006= 1200 1201 1202 1203 1204 1205 1206 1207 1300 1301 1302 1303 1304 1305 1306 1307
ChRemap_0007= 1400 1401 1402 1403 1404 1405 1406 1407 1500 1501 1502 1503 1504 1505 1506 1507
ChRemap_0008= 1600 1601 1602 1603 1604 1605 1606 1607 1700 1701 1702 1703 1704 1705 1706 1707
ChRemap_0009= 1800 1801 1802 1803 1804 1805 1806 1807 1900 1901 1902 1903 1904 1905 1906 1907
ChRemap_0010= 2000 2001 2002 2003 2004 2005 2006 2007 2100 2101 2102 2103 2104 2105 2106 2107
ChRemap_0011= 2200 2201 2202 2203 2204 2205 2206 2207 2300 2301 2302 2303 2304 2305 2306 2307
ChRemap_0012= 2400 2401 2402 2403 2404 2405 2406 2407 2500 2501 2502 2503 2504 2505 2506 2507
ChRemap_0013= 2600 2601 2602 2603 2604 2605 2606 2607 2700 2701 2702 2703 2704 2705 2706 2707
ChRemap_0014= 2800 2801 2802 2803 2804 2805 2806 2807 2900 2901 2902 2903 2904 2905 2906 2907
ChRemap_0015= 3000 3001 3002 3003 3004 3005 3006 3007 3100 3101 3102 3103 3104 3105 3106 3107
ChRemap_0016= 3200 3201 3202 3203 3204 3205 3206 3207 3300 3301 3302 3303 3304 3305 3306 3307
ChRemap_0017= 3400 3401 3402 3403 3404 3405 3406 3407 3500 3501 3502 3503 3504 3505 3506 3507
ChRemap_0018= 3600 3601 3602 3603 3604 3605 3606 3607 3700 3701 3702 3703 3704 3705 3706 3707
ChRemap_0019= 3800 3801 3802 3803 3804 3805 3806 3807 3900 3901 3902 3903 3904 3905 3906 3907
ChRemap_0020= 4000 4001 4002 4003 4004 4005 4006 4007 4100 4101 4102 4103 4104 4105 4106 4107
ChRemap_0021= 4200 4201 4202 4203 4204 4205 4206 4207 4300 4301 4302 4303 4304 4305 4306 4307
ChRemap_0022= 4400 4401 4402 4403 4404 4405 4406 4407 4500 4501 4502 4503 4504 4505 4506 4507
ChRemap_0023= 4600 4601 4602 4603 4604 4605 4606 4607 4700 4701 4702 4703 4704 4705 4706 4707
ChRemap_0024= 4800 4801 4802 4803 4804 4805 4806 4807 4900 4901 4902 4903 4904 4905 4906 4907
ChRemap_0025= 5000 5001 5002 5003 5004 5005 5006 5007 5100 5101 5102 5103 5104 5105 5106 5107
ChRemap_0026= 5200 5201 5202 5203 5204 5205 5206 5207 5300 5301 5302 5303 5304 5305 5306 5307
ChRemap_0027= 5400 5401 5402 5403 5404 5405 5406 5407 5500 5501 5502 5503 5504 5505 5506 5507
ChRemap_0028= 5600 5601 5602 5603 5604 5605 5606 5607 5700 5701 5702 5703 5704 5705 5706 5707
ChRemap_0029= 5800 5801 5802 5803 5804 5805 5806 5807 5900 5901 5902 5903 5904 5905 5906 5907
ChRemap_0030= 6000 6001 6002 6003 6004 6005 6006 6007 6100 6101 6102 6103 6104 6105 6106 6107
ChRemap_0031= 6200 6201 6202 6203 6204 6205 6206 6207 6300 6301 6302 6303 6304 6305 6306 6307
ChRemap_0032= 6400 6401 6402 6403 6404 6405 6406 6407 6500 6501 6502 6503 6504 6505 6506 6507
ChRemap_0033= 6600 6601 6602 6603 6604 6605 6606 6607 6700 6701 6702 6703 6704 6705 6706 6707
ChRemap_0034= 6800 6801 6802 6803 6804 6805 6806 6807 6900 6901 6902 6903 6904 6905 6906 6907
ChRemap_0035= 7000 7001 7002 7003 7004 7005 7006 7007 7100 7101 7102 7103 7104 7105 7106 7107
ChRemap_0036= 7200 7201 7202 7203 7204 7205 7206 7207 7300 7301 7302 7303 7304 7305 7306 7307
ChRemap_0037= 7400 7401 7402 7403 7404 7405 7406 7407 7500 7501 7502 7503 7504 7505 7506 7507
ChRemap_0038= 7600 7601 7602 7603 7604 7605 7606 7607 7700 7701 7702 7703 7704 7705 7706 7707
ChRemap_0039= 7800 7801 7802 7803 7804 7805 7806 7807 7900 7901 7902 7903 7904 7905 7906 7907
ChRemap_0040= 8000 8001 8002 8003 8004 8005 8006 8007 8100 8101 8102 8103 8104 8105 8106 8107
ChRemap_0041= 8200 8201 8202 8203 8204 8205 8206 8207 8300 8301 8302 8303 8304 8305 8306 8307
ChRemap_0042= 8400 8401 8402 8403 8404 8405 8406 8407 8500 8501 8502 8503 8504 8505 8506 8507
ChRemap_0043= 8600 8601 8602 8603 8604 8605 8606 8607 8700 8701 8702 8703 8704 8705 8706 8707
ChRemap_0044= 8800 8801 8802 8803 8804 8805 8806 8807 8900 8901 8902 8903 8904 8905 8906 8907
ChRemap_0045= 9000 9001 9002 9003 9004 9005 9006 9007 9100 9101 9102 9103 9104 9105 9106 9107
ChRemap_0046= 9200 9201 9202 9203 9204 9205 9206 9207 9300 9301 9302 9303 9304 9305 9306 9307
ChRemap_0047= 9400 9401 9402 9403 9404 9405 9406 9407 9500 9501 9502 9503 9504 9505 9506 9507
ChRemap_0048= 9600 9601 9602 9603 9604 9605 9606 9607 9700 9701 9702 9703 9704 9705 9706 9707
ChRemap_0049= 9800 9801 9802 9803 9804 9805 9806 9807 9900 9901 9902 9903 9904 9905 9906 9907
ChRemap_0050= 10000 10001 10002 10003 10004 10005 10006 10007 10100 10101 10102 10103 10104 10105 10106 10107
ChRemap_0051= 10200 10201 10202 10203 10204 10205 10206 10207 10300 10301 10302 10303 10304 10305 10306 10307
ChRemap_0052= 10400 10401 10402 10403 10404 10405 10406 10407 10500 10501 10502 10503 10504 10505 10506 10507
ChRemap_0053= 10600 10601 10602 10603 10604 10605 10606 10607 10700 10701 10702 10703 10704 10705 10706 10707
ChRemap_0054= 10800 10801 10802 10803 10804 10805 10806 10807 10900 10901 10902 10903 10904 10905 10906 10907
ChRemap_0055= 11000 11001 11002 11003 11004 11005 11006 11007 11100 11101 11102 11103 11104 11105 11106 11107
ChRemap_0056= 11200 11201 11202 11203 11204 11205 11206 11207 11300 11301 11302 11303 11304 11305 11306 11307
ChRemap_0057= 11400 11401 11402 11403 11404 11405 11406 11407 11500 11501 11502 11503 11504 11505 11506 11507
ChRemap_0058= 11600 11601 11602 11603 11604 11605 11606 11607 11700 11701 11702 11703 11704 11705 11706 11707
ChRemap_0059= 11800 11801 11802 11803 11804 11805 11806 11807 11900 11901 11902 11903 11904 11905 11906 11907
ChRemap_0060= 12000 12001 12002 12003 12004 12005 12006 12007 12100 12101 12102 12103 12104 12105 12106 12107
ChRemap_0061= 12200 12201 12202 12203 12204 12205 12206 12207 12300 12301 12302 12303 12304 12305 12306 12307
ChRemap_0062= 12400 12401 12402 12403 12404 12405 12406 12407 12500 12501 12502 12503 12504 12505 12506 12507
ChRemap_0063= 12600 12601 12602 12603 12604 12605 12606 12607 12700 12701 12702 12703 12704 12705 12706 12707
ChRemap_0064= 12800 12801 12802 12803 12804 12805 12806 12807 12900 12901 12902 12903 12904 12905 12906 12907
ChRemap_0065= 13000 13001 13002 13003 13004 13005 13006 13007 13100 13101 13102 13103 13104 13105 13106 13107
ChRemap_0066= 13200 13201 13202 13203 13204 13205 13206 13207 13300 13301 13302 13303 13304 13305 13306 13307
ChRemap_0067= 13400 13401 13402 13403 13404 13405 13406 13407 13500 13501 13502 13503 13504 13505 13506 13507
ChRemap_0068= 13600 13601 13602 13603 13604 13605 13606 13607 13700 13701 13702 13703 13704 13705 13706 13707
ChRemap_0069= 13800 13801 13802 13803 13804 13805 13806 13807 13900 13901 13902 13903 13904 13905 13906 13907
ChRemap_0070= 14000 14001 14002 14003 14004 14005 14006 14007 14100 14101 14102 14103 14104 14105 14106 14107
ChRemap_0071= 14200 14201 14202 14203 14204 14205 14206 14207 14300 14301 14302 14303 14304 14305 14306 14307
ChRemap_0072= 14400 14401 14402 14403 14404 14405 14406 14407 14500 14501 14502 14503 14504 14505 14506 14507
ChRemap_0073= 14600 14601 14602 14603 14604 14605 14606 14607 14700 14701 14702 14703 14704 14705 14706 14707
ChRemap_0074= 14800 14801 14802 14803 14804 14805 14806 14807 14900 14901 14902 14903 14904 14905 14906 14907
ChRemap_0075= 15000 15001 15002 15003 15004 15005 15006 15007 15100 15101 15102 15103 15104 15105 15106 15107
ChRemap_0076= 15200 15201 15202 15203 15204 15205 15206 15207 15300 15301 15302 15303 15304 15305 15306 15307
ChRemap_0077= 15400 15401 15402 15403 15404 15405 15406 15407 15500 15501 15502 15503 15504 15505 15506 15507
ChRemap_0078= 15600 15601 15602 15603 15604 15605 15606 15607 15700 15701 15702 15703 15704 15705 15706 15707
ChRemap_0079= 15800 15801 15802 15803 15804 15805 15806 15807 15900 15901 15902 15903 15904 15905 15906 15907
ChRemap_0080= 16000 16001 16002 16003 16004 16005 16006 16007 16100 16101 16102 16103 16104 16105 16106 16107
ChRemap_0081= 16200 16201 16202 16203 16204 16205 16206 16207 16300 16301 16302 16303 16304 16305 16306 16307
ChRemap_0082= 16400 16401 16402 16403 16404 16405 16406 16407 16500 16501 16502 16503 16504 16505 16506 16507
ChRemap_0083= 16600 16601 16602 16603 16604 16605 16606 16607 16700 16701 16702 16703 16704 16705 16706 16707
ChRemap_0084= 16800 16801 16802 16803 16804 16805 16806 16807 16900 16901 16902 16903 16904 16905 16906 16907
ChRemap_0085= 17000 17001 17002 17003 17004 17005 17006 17007 17100 17101 17102 17103 17104 17105 17106 17107
ChRemap_0086= 17200 17201 17202 17203 17204 17205 17206 17207 17300 17301 17302 17303 17304 17305 17306 17307
ChRemap_0087= 17400 17401 17402 17403 17404 17405 17406 17407 17500 17501 17502 17503 17504 17505 17506 17507
ChRemap_0088= 17600 17601 17602 17603 17604 17605 17606 17607 17700 17701 17702 17703 17704 17705 17706 17707
ChRemap_0089= 17800 17801 17802 17803 17804 17805 17806 17807 17900 17901 17902 17903 17904 17905 17906 17907
ChRemap_0090= 18000 18001 18002 18003 18004 18005 18006 18007 18100 18101 18102 18103 18104 18105 18106 18107
ChRemap_0091= 18200 18201 18202 18203 18204 18205 18206 18207 18300 18301 18302 18303 18304 18305 18306 18307
ChRemap_0092= 18400 18401 18402 18403 18404 18405 18406 18407 18500 18501 18502 18503 18504 18505 18506 18507
ChRemap_0093= 18600 18601 18602 18603 18604 18605 18606 18607 18700 18701 18702 18703 18704 18705 18706 18707
ChRemap_0094= 18800 18801 18802 18803 18804 18805 18806 18807 18900 18901 18902 18903 18904 18905 18906 18907
ChRemap_0095= 19000 19001 19002 19003 19004 19005 19006 19007 19100 19101 19102 19103 19104 19105 19106 19107
ChRemap_0096= 19200 19201 19202 19203 19204 19205 19206 19207 19300 19301 19302 19303 19304 19305 19306 19307
ChRemap_0097= 19400 19401 19402 19403 19404 19405 19406 19407 19500 19501 19502 19503 19504 19505 19506 19507
ChRemap_0098= 19600 19601 19602 19603 19604 19605 19606 19607 19700 19701 19702 19703 19704 19705 19706 19707
ChRemap_0099= 19800 19801 19802 19803 19804 19805 19806 19807 19900 19901 19902 19903 19904 19905 19906 19907
ChRemap_0100= 20000 20001 20002 20003 20004 20005 20006 20007 20100 20101 20102 20103 20104 20105 20106 20107
ChRemap_0101= 20200 20201 20202 20203 20204 20205 20206 20207 20300 20301 20302 20303 20304 20305 20306 20307
ChRemap_0102= 20400 20401 20402 20403 20404 20405 20406 20407 20500 20501 20502 20503 20504 20505 20506 20507
ChRemap_0103= 20600 20601 20602 20603 20604 20605 20606 20607 20700 20701 20702 20703 20704 20705 20706 20707
ChRemap_0104= 20800 20801 20802 20803 20804 20805 20806 20807 20900 20901 20902 20903 20904 20905 20906 20907
ChRemap_0105= 21000 21001 21002 21003 21004 21005 21006 21007 21100 21101 21102 21103 21104 21105 21106 21107
ChRemap_0106= 21200 21201 21202 21203 21204 21205 21206 21207 21300 21301 21302 21303 21304 21305 21306 21307
ChRemap_0107= 21400 21401 21402 21403 21404 21405 21406 21407 21500 21501 21502 21503 21504 21505 21506 21507
ChRemap_0108= 21600 21601 21602 21603 21604 21605 21606 21607 21700 21701 21702 21703 21704 21705 21706 21707
ChRemap_0109= 21800 21801 21802 21803 21804 21805 21806 21807 21900 21901 21902 21903 21904 21905 21906 21907
ChRemap_0110= 22000 22001 22002 22003 22004 22005 22006 22007 22100 22101 22102 22103 22104 22105 22106 22107
ChRemap_0111= 22200 22201 22202 22203 22204 22205 22206 22207 22300 22301 22302 22303 22304 22305 22306 22307
ChRemap_0112= 22400 22401 22402 22403 22404 22405 22406 22407 22500 22501 22502 22503 22504 22505 22506 22507
ChRemap_0113= 22600 22601 22602 22603 22604 22605 22606 22607 22700 22701 22702 22703 22704 22705 22706 22707
ChRemap_0114= 22800 22801 22802 22803 22804 22805 22806 22807 22900 22901 22902 22903 22904 22905 22906 22907
ChRemap_0115= 23000 23001 23002 23003 23004 23005 23006 23007 23100 23101 23102 23103 23104 23105 23106 23107
ChRemap_0116= 23200 23201 23202 23203 23204 23205 23206 23207 23300 23301 23302 23303 23304 23305 23306 23307
ChRemap_0117= 23400 23401 23402 23403 23404 23405 23406 23407 23500 23501 23502 23503 23504 23505 23506 23507
ChRemap_0118= 23600 23601 23602 23603 23604 23605 23606 23607 23700 23701 23702 23703 23704 23705 23706 23707
ChRemap_0119= 23800 23801 23802 23803 -1 -1 -1 -1 100000 100001 100002 100003 100004 100005 100006 100007
ChRemap_0120= 100100 100101 100102 100103 100104 100105 100106 100107 100200 100201 100202 100203 100204 100205 100206 100207
ChRemap_0121= 100300 100301 100302 100303 100304 100305 100306 100307 100400 100401 100402 100403 100404 100405 100406 100407
ChRemap_0122= 100500 100501 100502 100503 100504 100505 100506 100507 100600 100601 100602 100603 100604 100605 100606 100607
ChRemap_0123= 100700 100701 100702 100703 100704 100705 100706 100707 100800 100801 100802 100803 100804 100805 100806 100807
ChRemap_0124= 100900 100901 100902 100903 100904 100905 100906 100907 101000 101001 101002 101003 101004 101005 101006 101007
ChRemap_0125= 101100 101101 101102 101103 101104 101105 101106 101107 101200 101201 101202 101203 101204 101205 101206 101207
ChRemap_0126= 101300 101301 101302 101303 101304 101305 101306 101307 101400 101401 101402 101403 101404 101405 101406 101407
ChRemap_0127= 101500 101501 101502 101503 101504 101505 101506 101507 101600 101601 101602 101603 101604 101605 101606 101607
ChRemap_0128= 101700 101701 101702 101703 101704 101705 101706 101707 101800 101801 101802 101803 101804 101805 101806 101807
ChRemap_0129= 101900 101901 101902 101903 101904 101905 101906 101907 102000 102001 102002 102003 102004 102005 102006 102007
ChRemap_0130= 102100 102101 102102 102103 102104 102105 102106 102107 102200 102201 102202 102203 102204 102205 102206 102207
ChRemap_0131= 102300 102301 102302 102303 102304 102305 102306 102307 102400 102401 102402 102403 102404 102405 102406 102407
ChRemap_0132= 102500 102501 102502 102503 102504 102505 102506 102507 102600 102601 102602 102603 102604 102605 102606 102607
ChRemap_0133= 102700 102701 102702 102703 102704 102705 102706 102707 102800 102801 102802 102803 102804 102805 102806 102807
ChRemap_0134= 102900 102901 102902 102903 102904 102905 102906 102907 103000 103001 103002 103003 103004 103005 103006 103007
ChRemap_0135= 103100 103101 103102 103103 103104 103105 103106 103107 103200 103201 103202 103203 103204 103205 103206 103207
ChRemap_0136= 103300 103301 103302 103303 103304 103305 103306 103307 103400 103401 103402 103403 103404 103405 103406 103407
ChRemap_0137= 103500 103501 103502 103503 103504 103505 103506 103507 103600 103601 103602 103603 103604 103605 103606 103607
ChRemap_0138= 103700 103701 103702 103703 103704 103705 103706 103707 103800 103801 103802 103803 103804 103805 103806 103807
ChRemap_0139= 103900 103901 103902 103903 103904 103905 103906 103907 104000 104001 104002 104003 104004 104005 104006 104007
ChRemap_0140= 104100 104101 104102 104103 104104 104105 104106 104107 104200 104201 104202 104203 104204 104205 104206 104207
ChRemap_0141= 104300 104301 104302 104303 104304 104305 104306 104307 104400 104401 104402 104403 104404 104405 104406 104407
ChRemap_0142= 104500 104501 104502 104503 104504 104505 104506 104507 104600 104601 104602 104603 104604 104605 104606 104607
ChRemap_0143= 104700 104701 104702 104703 104704 104705 104706 104707 104800 104801 104802 104803 104804 104805 104806 104807
ChRemap_0144= 104900 104901 104902 104903 104904 104905 104906 104907 105000 105001 105002 105003 105004 105005 105006 105007
ChRemap_0145= 105100 105101 105102 105103 105104 105105 105106 105107 105200 105201 105202 105203 105204 105205 105206 105207
ChRemap_0146= 105300 105301 105302 105303 105304 105305 105306 105307 105400 105401 105402 105403 105404 105405 105406 105407
ChRemap_0147= 105500 105501 105502 105503 105504 105505 105506 105507 105600 105601 105602 105603 105604 105605 105606 105607
ChRemap_0148= 105700 105701 105702 105703 105704 105705 105706 105707 105800 105801 105802 105803 105804 105805 105806 105807
ChRemap_0149= 105900 105901 105902 105903 105904 105905 105906 105907 106000 106001 106002 106003 106004 106005 106006 106007
ChRemap_0150= 106100 106101 106102 106103 106104 106105 106106 106107 106200 106201 106202 106203 106204 106205 106206 106207
ChRemap_0151= 106300 106301 106302 106303 106304 106305 106306 106307 106400 106401 106402 106403 106404 106405 106406 106407
ChRemap_0152= 106500 106501 106502 106503 106504 106505 106506 106507 106600 106601 106602 106603 106604 106605 106606 106607
ChRemap_0153= 106700 106701 106702 106703 106704 106705 106706 106707 106800 106801 106802 106803 106804 106805 106806 106807
ChRemap_0154= 106900 106901 106902 106903 106904 106905 106906 106907 107000 107001 107002 107003 107004 107005 107006 107007
ChRemap_0155= 107100 107101 107102 107103 107104 107105 107106 107107 107200 107201 107202 107203 107204 107205 107206 107207
ChRemap_0156= 107300 107301 107302 107303 107304 107305 107306 107307 107400 107401 107402 107403 107404 107405 107406 107407
ChRemap_0157= 107500 107501 107502 107503 107504 107505 107506 107507 107600 107601 107602 107603 107604 107605 107606 107607
ChRemap_0158= 107700 107701 107702 107703 107704 107705 107706 107707 107800 107801 107802 107803 107804 107805 107806 107807
ChRemap_0159= 107900 107901 107902 107903 107904 107905 107906 107907 108000 108001 108002 108003 108004 108005 108006 108007
ChRemap_0160= 108100 108101 108102 108103 108104 108105 108106 108107 108200 108201 108202 108203 108204 108205 108206 108207
ChRemap_0161= 108300 108301 108302 108303 108304 108305 108306 108307 108400 108401 108402 108403 108404 108405 108406 108407
ChRemap_0162= 108500 108501 108502 108503 108504 108505 108506 108507 108600 108601 108602 108603 108604 108605 108606 108607
ChRemap_0163= 108700 108701 108702 108703 108704 108705 108706 108707 108800 108801 108802 108803 108804 108805 108806 108807
ChRemap_0164= 108900 108901 108902 108903 108904 108905 108906 108907 109000 109001 109002 109003 109004 109005 109006 109007
ChRemap_0165= 109100 109101 109102 109103 109104 109105 109106 109107 109200 109201 109202 109203 109204 109205 109206 109207
ChRemap_0166= 109300 109301 109302 109303 109304 109305 109306 109307 109400 109401 109402 109403 109404 109405 109406 109407
ChRemap_0167= 109500 109501 109502 109503 109504 109505 109506 109507 109600 109601 109602 109603 109604 109605 109606 109607
ChRemap_0168= 109700 109701 109702 109703 109704 109705 109706 109707 109800 109801 109802 109803 109804 109805 109806 109807
ChRemap_0169= 109900 109901 109902 109903 109904 109905 109906 109907 110000 110001 110002 110003 110004 110005 110006 110007
ChRemap_0170= 110100 110101 110102 110103 110104 110105 110106 110107 110200 110201 110202 110203 110204 110205 110206 110207
ChRemap_0171= 110300 110301 110302 110303 110304 110305 110306 110307 110400 110401 110402 110403 110404 110405 110406 110407
ChRemap_0172= 110500 110501 110502 110503 110504 110505 110506 110507 110600 110601 110602 110603 110604 110605 110606 110607
ChRemap_0173= 110700 110701 110702 110703 110704 110705 110706 110707 110800 110801 110802 110803 110804 110805 110806 110807
ChRemap_0174= 110900 110901 110902 110903 110904 110905 110906 110907 111000 111001 111002 111003 111004 111005 111006 111007
ChRemap_0175= 111100 111101 111102 111103 111104 111105 111106 111107 111200 111201 111202 111203 111204 111205 111206 111207
ChRemap_0176= 111300 111301 111302 111303 111304 111305 111306 111307 111400 111401 111402 111403 111404 111405 111406 111407
ChRemap_0177= 111500 111501 111502 111503 111504 111505 111506 111507 111600 111601 111602 111603 111604 111605 111606 111607
ChRemap_0178= 111700 111701 111702 111703 111704 111705 111706 111707 111800 111801 111802 111803 111804 111805 111806 111807
ChRemap_0179= 111900 111901 111902 111903 111904 111905 111906 111907 112000 112001 112002 112003 112004 112005 112006 112007
ChRemap_0180= 112100 112101 112102 112103 112104 112105 112106 112107 112200 112201 112202 112203 112204 112205 112206 112207
ChRemap_0181= 112300 112301 112302 112303 112304 112305 112306 112307 112400 112401 112402 112403 112404 112405 112406 112407
ChRemap_0182= 112500 112501 112502 112503 112504 112505 112506 112507 112600 112601 112602 112603 112604 112605 112606 112607
ChRemap_0183= 112700 112701 112702 112703 112704 112705 112706 112707 112800 112801 112802 112803 112804 112805 112806 112807
ChRemap_0184= 112900 112901 112902 112903 112904 112905 112906 112907 113000 113001 113002 113003 113004 113005 113006 113007
ChRemap_0185= 113100 113101 113102 113103 113104 113105 113106 113107 113200 113201 113202 113203 113204 113205 113206 113207
ChRemap_0186= 113300 113301 113302 113303 113304 113305 113306 113307 113400 113401 113402 113403 113404 113405 113406 113407
ChRemap_0187= 113500 113501 113502 113503 113504 113505 113506 113507 113600 113601 113602 113603 113604 113605 113606 113607
ChRemap_0188= 113700 113701 113702 113703 113704 113705 113706 113707 113800 113801 113802 113803 113804 113805 113806 113807
ChRemap_0189= 113900 113901 113902 113903 113904 113905 113906 113907 114000 114001 114002 114003 114004 114005 114006 114007
ChRemap_0190= 114100 114101 114102 114103 114104 114105 114106 114107 114200 114201 114202 114203 114204 114205 114206 114207
ChRemap_0191= 114300 114301 114302 114303 114304 114305 114306 114307 114400 114401 114402 114403 114404 114405 114406 114407
ChRemap_0192= 114500 114501 114502 114503 114504 114505 114506 114507 114600 114601 114602 114603 114604 114605 114606 114607
ChRemap_0193= 114700 114701 114702 114703 114704 114705 114706 114707 114800 114801 114802 114803 114804 114805 114806 114807
ChRemap_0194= 114900 114901 114902 114903 114904 114905 114906 114907 115000 115001 115002 115003 115004 115005 115006 115007
ChRemap_0195= 115100 115101 115102 115103 115104 115105 115106 115107 115200 115201 115202 115203 115204 115205 115206 115207
ChRemap_0196= 115300 115301 115302 115303 115304 115305 115306 115307 115400 115401 115402 115403 115404 115405 115406 115407
ChRemap_0197= 115500 115501 115502 115503 115504 115505 115506 115507 115600 115601 115602 115603 115604 115605 115606 115607
ChRemap_0198= 115700 115701 115702 115703 115704 115705 115706 115707 115800 115801 115802 115803 115804 115805 115806 115807
ChRemap_0199= 115900 115901 115902 115903 115904 115905 115906 115907 116000 116001 116002 116003 116004 116005 116006 116007
ChRemap_0200= 116100 116101 116102 116103 116104 116105 116106 116107 116200 116201 116202 116203 116204 116205 116206 116207
ChRemap_0201= 116300 116301 116302 116303 116304 116305 116306 116307 116400 116401 116402 116403 116404 116405 116406 116407
ChRemap_0202= 116500 116501 116502 116503 116504 116505 116506 116507 116600 116601 116602 116603 116604 116605 116606 116607
ChRemap_0203= 116700 116701 116702 116703 116704 116705 116706 116707 116800 116801 116802 116803 116804 116805 116806 116807
ChRemap_0204= 116900 116901 116902 116903 116904 116905 116906 116907 117000 117001 117002 117003 117004 117005 117006 117007
ChRemap_0205= 117100 117101 117102 117103 117104 117105 117106 117107 117200 117201 117202 117203 117204 117205 117206 117207
ChRemap_0206= 117300 117301 117302 117303 117304 117305 117306 117307 117400 117401 117402 117403 117404 117405 117406 117407
ChRemap_0207= 117500 117501 117502 117503 117504 117505 117506 117507 117600 117601 117602 117603 117604 117605 117606 117607
ChRemap_0208= 117700 117701 117702 117703 117704 117705 117706 117707 117800 117801 117802 117803 117804 117805 117806 117807
ChRemap_0209= 117900 117901 117902 117903 117904 117905 117906 117907 118000 118001 118002 118003 118004 118005 118006 118007
ChRemap_0210= 118100 118101 118102 118103 118104 118105 118106 118107 118200 118201 118202 118203 118204 118205 118206 118207
ChRemap_0211= 118300 118301 118302 118303 118304 118305 118306 118307 118400 118401 118402 118403 118404 118405 118406 118407
ChRemap_0212= 118500 118501 118502 118503 118504 118505 118506 118507 118600 118601 118602 118603 118604 118605 118606 118607
ChRemap_0213= 118700 118701 118702 118703 118704 118705 118706 118707 118800 118801 118802 118803 118804 118805 118806 118807
ChRemap_0214= 118900 118901 118902 118903 118904 118905 118906 118907 119000 119001 119002 119003 119004 119005 119006 119007
ChRemap_0215= 119100 119101 119102 119103 119104 119105 119106 119107 119200 119201 119202 119203 119204 119205 119206 119207
ChRemap_0216= 119300 119301 119302 119303 119304 119305 119306 119307 119400 119401 119402 119403 119404 119405 119406 119407
ChRemap_0217= 119500 119501 119502 119503 119504 119505 119506 119507 119600 119601 119602 119603 119604 119605 119606 119607
ChRemap_0218= 119700 119701 119702 119703 119704 119705 119706 119707 119800 119801 119802 119803 119804 119805 119806 119807
ChRemap_0219= 119900 119901 119902 119903 119904 119905 119906 119907 120000 120001 120002 120003 120004 120005 120006 120007
ChRemap_0220= 120100 120101 120102 120103 120104 120105 120106 120107 120200 120201 120202 120203 120204 120205 120206 120207
ChRemap_0221= 120300 120301 120302 120303 120304 120305 120306 120307 120400 120401 120402 120403 120404 120405 120406 120407
ChRemap_0222= 120500 120501 120502 120503 120504 120505 120506 120507 120600 120601 120602 120603 120604 120605 120606 120607
ChRemap_0223= 120700 120701 120702 120703 120704 120705 120706 120707 120800 120801 120802 120803 120804 120805 120806 120807
ChRemap_0224= 120900 120901 120902 120903 120904 120905 120906 120907 121000 121001 121002 121003 121004 121005 121006 121007
ChRemap_0225= 121100 121101 121102 121103 121104 121105 121106 121107 121200 121201 121202 121203 121204 121205 121206 121207
ChRemap_0226= 121300 121301 121302 121303 121304 121305 121306 121307 121400 121401 121402 121403 121404 121405 121406 121407
ChRemap_0227= 121500 121501 121502 121503 121504 121505 121506 121507 121600 121601 121602 121603 121604 121605 121606 121607
ChRemap_0228= 121700 121701 121702 121703 121704 121705 121706 121707 121800 121801 121802 121803 121804 121805 121806 121807
ChRemap_0229= 121900 121901 121902 121903 121904 121905 121906 121907 122000 122001 122002 122003 122004 122005 122006 122007
ChRemap_0230= 122100 122101 122102 122103 122104 122105 122106 122107 122200 122201 122202 122203 122204 122205 122206 122207
ChRemap_0231= 122300 122301 122302 122303 122304 122305 122306 122307 122400 122401 122402 122403 122404 122405 122406 122407
ChRemap_0232= 122500 122501 122502 122503 122504 122505 122506 122507 122600 122601 122602 122603 122604 122605 122606 122607
ChRemap_0233= 122700 122701 122702 122703 122704 122705 122706 122707 122800 122801 122802 122803 122804 122805 122806 122807
ChRemap_0234= 122900 122901 122902 122903 122904 122905 122906 122907 123000 123001 123002 123003 123004 123005 123006 123007
ChRemap_0235= 123100 123101 123102 123103 123104 123105 123106 123107 123200 123201 123202 123203 123204 123205 123206 123207
ChRemap_0236= 123300 123301 123302 123303 123304 123305 123306 123307 123400 123401 123402 123403 123404 123405 123406 123407
ChRemap_0237= 123500 123501 123502 123503 123504 123505 123506 123507 123600 123601 123602 123603 123604 123605 123606 123607
ChRemap_0238= 123700 123701 123702 123703 123704 123705 123706 123707 123800 123801 123802 123803 -1 -1 -1 -1
ChRemap_0239= 1000000 1000001 1000002 1000003 1000004 1000005 1000006 1000007 1000100 1000101 1000102 1000103 1000104 1000105 1000106 1000107
ChRemap_0240= 1000200 1000201 1000202 1000203 1000204 1000205 1000206 1000207 1000300 1000301 1000302 1000303 1000304 1000305 1000306 1000307
ChRemap_0241= 1000400 1000401 1000402 1000403 1000404 1000405 1000406 1000407 1000500 1000501 1000502 1000503 1000504 1000505 1000506 1000507
ChRemap_0242= 1000600 1000601 1000602 1000603 1000604 1000605 1000606 1000607 1000700 1000701 1000702 1000703 1000704 1000705 1000706 1000707
ChRemap_0243= 1000800 1000801 1000802 1000803 1000804 1000805 1000806 1000807 1000900 1000901 1000902 1000903 1000904 1000905 1000906 1000907
ChRemap_0244= 1001000 1001001 1001002 1001003 1001004 1001005 1001006 1001007 1001100 1001101 1001102 1001103 1001104 1001105 1001106 1001107
ChRemap_0245= 1001200 1001201 1001202 1001203 1001204 1001205 1001206 1001207 1001300 1001301 1001302 1001303 1001304 1001305 1001306 1001307
ChRemap_0246= 1001400 1001401 1001402 1001403 1001404 1001405 1001406 1001407 1001500 1001501 1001502 1001503 1001504 1001505 1001506 1001507
ChRemap_0247= 1001600 1001601 1001602 1001603 1001604 1001605 1001606 1001607 1001700 1001701 1001702 1001703 1001704 1001705 1001706 1001707
ChRemap_0248= 1001800 1001801 1001802 1001803 1001804 1001805 1001806 1001807 1001900 1001901 1001902 1001903 1001904 1001905 1001906 1001907
ChRemap_0249= 1002000 1002001 1002002 1002003 1002004 1002005 1002006 1002007 1002100 1002101 1002102 1002103 1002104 1002105 1002106 1002107
ChRemap_0250= 1002200 1002201 1002202 1002203 1002204 1002205 1002206 1002207 1002300 1002301 1002302 1002303 1002304 1002305 1002306 1002307
ChRemap_0251= 1002400 1002401 1002402 1002403 1002404 1002405 1002406 1002407 1002500 1002501 1002502 1002503 1002504 1002505 1002506 1002507
ChRemap_0252= 1002600 1002601 1002602 1002603 1002604 1002605 1002606 1002607 1002700 1002701 1002702 1002703 1002704 1002705 1002706 1002707
ChRemap_0253= 1002800 1002801 1002802 1002803 1002804 1002805 1002806 1002807 1002900 1002901 1002902 1002903 1002904 1002905 1002906 1002907
ChRemap_0254= 1003000 1003001 1003002 1003003 1003004 1003005 1003006 1003007 1003100 1003101 1003102 1003103 1003104 1003105 1003106 1003107
ChRemap_0255= 1003200 1003201 1003202 1003203 1003204 1003205 1003206 1003207 1003300 1003301 1003302 1003303 1003304 1003305 1003306 1003307
ChRemap_0256= 1003400 1003401 1003402 1003403 1003404 1003405 1003406 1003407 1003500 1003501 1003502 1003503 1003504 1003505 1003506 1003507
ChRemap_0257= 1003600 1003601 1003602 1003603 1003604 1003605 1003606 1003607 1003700 1003701 1003702 1003703 1003704 1003705 1003706 1003707
ChRemap_0258= 1003800 1003801 1003802 1003803 1003804 1003805 1003806 1003807 1003900 1003901 1003902 1003903 1003904 1003905 1003906 1003907
ChRemap_0259= 1004000 1004001 1004002 1004003 1004004 1004005 1004006 1004007 1004100 1004101 1004102 1004103 1004104 1004105 1004106 1004107
ChRemap_0260= 1004200 1004201 1004202 1004203 1004204 1004205 1004206 1004207 1004300 1004301 1004302 1004303 1004304 1004305 1004306 1004307
ChRemap_0261= 1004400 1004401 1004402 1004403 1004404 1004405 1004406 1004407 1004500 1004501 1004502 1004503 1004504 1004505 1004506 1004507
ChRemap_0262= 1004600 1004601 1004602 1004603 1004604 1004605 1004606 1004607 1004700 1004701 1004702 1004703 1004704 1004705 1004706 1004707
ChRemap_0263= 1004800 1004801 1004802 1004803 1004804 1004805 1004806 1004807 1004900 1004901 1004902 1004903 1004904 1004905 1004906 1004907
ChRemap_0264= 1005000 1005001 1005002 1005003 1005004 1005005 1005006 1005007 1005100 1005101 1005102 1005103 1005104 1005105 1005106 1005107
ChRemap_0265= 1005200 1005201 1005202 1005203 1005204 1005205 1005206 1005207 1005300 1005301 1005302 1005303 1005304 1005305 1005306 1005307
ChRemap_0266= 1005400 1005401 1005402 1005403 1005404 1005405 1005406 1005407 1005500 1005501 1005502 1005503 1005504 1005505 1005506 1005507
ChRemap_0267= 1005600 1005601 1005602 1005603 1005604 1005605 1005606 1005607 1005700 1005701 1005702 1005703 1005704 1005705 1005706 1005707
ChRemap_0268= 1005800 1005801 1005802 1005803 1005804 1005805 1005806 1005807 1005900 1005901 1005902 1005903 1005904 1005905 1005906 1005907
ChRemap_0269= 1006000 1006001 1006002 1006003 1006004 1006005 1006006 1006007 1006100 1006101 1006102 1006103 1006104 1006105 1006106 1006107
ChRemap_0270= 1006200 1006201 1006202 1006203 1006204 1006205 1006206 1006207 1006300 1006301 1006302 1006303 1006304 1006305 1006306 1006307
ChRemap_0271= 1006400 1006401 1006402 1006403 1006404 1006405 1006406 1006407 1006500 1006501 1006502 1006503 1006504 1006505 1006506 1006507
ChRemap_0272= 1006600 1006601 1006602 1006603 1006604 1006605 1006606 1006607 1006700 1006701 1006702 1006703 1006704 1006705 1006706 1006707
ChRemap_0273= 1006800 1006801 1006802 1006803 1006804 1006805 1006806 1006807 1006900 1006901 1006902 1006903 1006904 1006905 1006906 1006907
ChRemap_0274= 1007000 1007001 1007002 1007003 1007004 1007005 1007006 1007007 1007100 1007101 1007102 1007103 1007104 1007105 1007106 1007107
ChRemap_0275= 1007200 1007201 1007202 1007203 1007204 1007205 1007206 1007207 1007300 1007301 1007302 1007303 1007304 1007305 1007306 1007307
ChRemap_0276= 1007400 1007401 1007402 1007403 1007404 1007405 1007406 1007407 1007500 1007501 1007502 1007503 1007504 1007505 1007506 1007507
ChRemap_0277= 1007600 1007601 1007602 1007603 1007604 1007605 1007606 1007607 1007700 1007701 1007702 1007703 1007704 1007705 1007706 1007707
ChRemap_0278= 1007800 1007801 1007802 1007803 1007804 1007805 1007806 1007807 1007900 1007901 1007902 1007903 1007904 1007905 1007906 1007907
ChRemap_0279= 1008000 1008001 1008002 1008003 1008004 1008005 1008006 1008007 1008100 1008101 1008102 1008103 1008104 1008105 1008106 1008107
ChRemap_0280= 1008200 1008201 1008202 1008203 1008204 1008205 1008206 1008207 1008300 1008301 1008302 1008303 1008304 1008305 1008306 1008307
ChRemap_0281= 1008400 1008401 1008402 1008403 1008404 1008405 1008406 1008407 1008500 1008501 1008502 1008503 1008504 1008505 1008506 1008507
ChRemap_0282= 1008600 1008601 1008602 1008603 1008604 1008605 1008606 1008607 1008700 1008701 1008702 1008703 1008704 1008705 1008706 1008707
ChRemap_0283= 1008800 1008801 1008802 1008803 1008804 1008805 1008806 1008807 1008900 1008901 1008902 1008903 1008904 1008905 1008906 1008907
ChRemap_0284= 1009000 1009001 1009002 1009003 1009004 1009005 1009006 1009007 1009100 1009101 1009102 1009103 1009104 1009105 1009106 1009107
ChRemap_0285= 1009200 1009201 1009202 1009203 1009204 1009205 1009206 1009207 1009300 1009301 1009302 1009303 1009304 1009305 1009306 1009307
ChRemap_0286= 1009400 1009401 1009402 1009403 1009404 1009405 1009406 1009407 1009500 1009501 1009502 1009503 1009504 1009505 1009506 1009507
ChRemap_0287= 1009600 1009601 1009602 1009603 1009604 1009605 1009606 1009607 1009700 1009701 1009702 1009703 1009704 1009705 1009706 1009707
ChRemap_0288= 1009800 1009801 1009802 1009803 1009804 1009805 1009806 1009807 1009900 1009901 1009902 1009903 1009904 1009905 1009906 1009907
ChRemap_0289= 1010000 1010001 1010002 1010003 1010004 1010005 1010006 1010007 1010100 1010101 1010102 1010103 1010104 1010105 1010106 1010107
ChRemap_0290= 1010200 1010201 1010202 1010203 1010204 1010205 1010206 1010207 1010300 1010301 1010302 1010303 1010304 1010305 1010306 1010307
ChRemap_0291= 1010400 1010401 1010402 1010403 1010404 1010405 1010406 1010407 1010500 1010501 1010502 1010503 1010504 1010505 1010506 1010507
ChRemap_0292= 1010600 1010601 1010602 1010603 1010604 1010605 1010606 1010607 1010700 1010701 1010702 1010703 1010704 1010705 1010706 1010707
ChRemap_0293= 1010800 1010801 1010802 1010803 1010804 1010805 1010806 1010807 1010900 1010901 1010902 1010903 1010904 1010905 1010906 1010907
ChRemap_0294= 1011000 1011001 1011002 1011003 1011004 1011005 1011006 1011007 1011100 1011101 1011102 1011103 1011104 1011105 1011106 1011107
ChRemap_0295= 1011200 1011201 1011202 1011203 1011204 1011205 1011206 1011207 1011300 1011301 1011302 1011303 1011304 1011305 1011306 1011307
ChRemap_0296= 1011400 1011401 1011402 1011403 1011404 1011405 1011406 1011407 1011500 1011501 1011502 1011503 1011504 1011505 1011506 1011507
ChRemap_0297= 1011600 1011601 1011602 1011603 1011604 1011605 1011606 1011607 1011700 1011701 1011702 1011703 1011704 1011705 1011706 1011707
ChRemap_0298= 1011800 1011801 1011802 1011803 1011804 1011805 1011806 1011807 1011900 1011901 1011902 1011903 1011904 1011905 1011906 1011907
ChRemap_0299= 1012000 1012001 1012002 1012003 1012004 1012005 1012006 1012007 1012100 1012101 1012102 1012103 1012104 1012105 1012106 1012107
ChRemap_0300= 1012200 1012201 1012202 1012203 1012204 1012205 1012206 1012207 1012300 1012301 1012302 1012303 1012304 1012305 1012306 1012307
ChRemap_0301= 1012400 1012401 1012402 1012403 1012404 1012405 1012406 1012407 1012500 1012501 1012502 1012503 1012504 1012505 1012506 1012507
ChRemap_0302= 1012600 1012601 1012602 1012603 1012604 1012605 1012606 1012607 1012700 1012701 1012702 1012703 1012704 1012705 1012706 1012707
ChRemap_0303= 1012800 1012801 1012802 1012803 1012804 1012805 1012806 1012807 1012900 1012901 1012902 1012903 1012904 1012905 1012906 1012907
ChRemap_0304= 1013000 1013001 1013002 1013003 1013004 1013005 1013006 1013007 1013100 1013101 1013102 1013103 1013104 1013105 1013106 1013107
ChRemap_0305= 1013200 1013201 1013202 1013203 1013204 1013205 1013206 1013207 1013300 1013301 1013302 1013303 1013304 1013305 1013306 1013307
ChRemap_0306= 1013400 1013401 1013402 1013403 1013404 1013405 1013406 1013407 1013500 1013501 1013502 1013503 1013504 1013505 1013506 1013507
ChRemap_0307= 1013600 1013601 1013602 1013603 1013604 1013605 1013606 1013607 1013700 1013701 1013702 1013703 1013704 1013705 1013706 1013707
ChRemap_0308= 1013800 1013801 1013802 1013803 1013804 1013805 1013806 1013807 1013900 1013901 1013902 1013903 1013904 1013905 1013906 1013907
ChRemap_0309= 1014000 1014001 1014002 1014003 1014004 1014005 1014006 1014007 1014100 1014101 1014102 1014103 1014104 1014105 1014106 1014107
ChRemap_0310= 1014200 1014201 1014202 1014203 1014204 1014205 1014206 1014207 1014300 1014301 1014302 1014303 1014304 1014305 1014306 1014307
ChRemap_0311= 1014400 1014401 1014402 1014403 1014404 1014405 1014406 1014407 1014500 1014501 1014502 1014503 1014504 1014505 1014506 1014507
ChRemap_0312= 1014600 1014601 1014602 1014603 1014604 1014605 1014606 1014607 1014700 1014701 1014702 1014703 1014704 1014705 1014706 1014707
ChRemap_0313= 1014800 1014801 1014802 1014803 1014804 1014805 1014806 1014807 1014900 1014901 1014902 1014903 1014904 1014905 1014906 1014907
ChRemap_0314= 1015000 1015001 1015002 1015003 1015004 1015005 1015006 1015007 1015100 1015101 1015102 1015103 1015104 1015105 1015106 1015107
ChRemap_0315= 1015200 1015201 1015202 1015203 1015204 1015205 1015206 1015207 1015300 1015301 1015302 1015303 1015304 1015305 1015306 1015307
ChRemap_0316= 1015400 1015401 1015402 1015403 1015404 1015405 1015406 1015407 1015500 1015501 1015502 1015503 1015504 1015505 1015506 1015507
ChRemap_0317= 1015600 1015601 1015602 1015603 1015604 1015605 1015606 1015607 1015700 1015701 1015702 1015703 1015704 1015705 1015706 1015707
ChRemap_0318= 1015800 1015801 1015802 1015803 1015804 1015805 1015806 1015807 1015900 1015901 1015902 1015903 1015904 1015905 1015906 1015907
ChRemap_0319= 1016000 1016001 1016002 1016003 1016004 1016005 1016006 1016007 1016100 1016101 1016102 1016103 1016104 1016105 1016106 1016107
ChRemap_0320= 1016200 1016201 1016202 1016203 1016204 1016205 1016206 1016207 1016300 1016301 1016302 1016303 1016304 1016305 1016306 1016307
ChRemap_0321= 1016400 1016401 1016402 1016403 1016404 1016405 1016406 1016407 1016500 1016501 1016502 1016503 1016504 1016505 1016506 1016507
ChRemap_0322= 1016600 1016601 1016602 1016603 1016604 1016605 1016606 1016607 1016700 1016701 1016702 1016703 1016704 1016705 1016706 1016707
ChRemap_0323= 1016800 1016801 1016802 1016803 1016804 1016805 1016806 1016807 1016900 1016901 1016902 1016903 1016904 1016905 1016906 1016907
ChRemap_0324= 1017000 1017001 1017002 1017003 1017004 1017005 1017006 1017007 1017100 1017101 1017102 1017103 1017104 1017105 1017106 1017107
ChRemap_0325= 1017200 1017201 1017202 1017203 1017204 1017205 1017206 1017207 1017300 1017301 1017302 1017303 1017304 1017305 1017306 1017307
ChRemap_0326= 1017400 1017401 1017402 1017403 1017404 1017405 1017406 1017407 1017500 1017501 1017502 1017503 1017504 1017505 1017506 1017507
ChRemap_0327= 1017600 1017601 1017602 1017603 1017604 1017605 1017606 1017607 1017700 1017701 1017702 1017703 1017704 1017705 1017706 1017707
ChRemap_0328= 1017800 1017801 1017802 1017803 1017804 1017805 1017806 1017807 1017900 1017901 1017902 1017903 1017904 1017905 1017906 1017907
ChRemap_0329= 1018000 1018001 1018002 1018003 1018004 1018005 1018006 1018007 1018100 1018101 1018102 1018103 1018104 1018105 1018106 1018107
ChRemap_0330= 1018200 1018201 1018202 1018203 1018204 1018205 1018206 1018207 1018300 1018301 1018302 1018303 1018304 1018305 1018306 1018307
ChRemap_0331= 1018400 1018401 1018402 1018403 1018404 1018405 1018406 1018407 1018500 1018501 1018502 1018503 1018504 1018505 1018506 1018507
ChRemap_0332= 1018600 1018601 1018602 1018603 1018604 1018605 1018606 1018607 1018700 1018701 1018702 1018703 1018704 1018705 1018706 1018707
ChRemap_0333= 1018800 1018801 1018802 1018803 1018804 1018805 1018806 1018807 1018900 1018901 1018902 1018903 1018904 1018905 1018906 1018907
ChRemap_0334= 1019000 1019001 1019002 1019003 1019004 1019005 1019006 1019007 1019100 1019101 1019102 1019103 1019104 1019105 1019106 1019107
ChRemap_0335= 1019200 1019201 1019202 1019203 1019204 1019205 1019206 1019207 1019300 1019301 1019302 1019303 1019304 1019305 1019306 1019307
ChRemap_0336= 1019400 1019401 1019402 1019403 1019404 1019405 1019406 1019407 1019500 1019501 1019502 1019503 1019504 1019505 1019506 1019507
ChRemap_0337= 1019600 1019601 1019602 1019603 1019604 1019605 1019606 1019607 1019700 1019701 1019702 1019703 1019704 1019705 1019706 1019707
ChRemap_0338= 1019800 1019801 1019802 1019803 1019804 1019805 1019806 1019807 1019900 1019901 1019902 1019903 1019904 1019905 1019906 1019907
ChRemap_0339= 1020000 1020001 1020002 1020003 1020004 1020005 1020006 1020007 1020100 1020101 1020102 1020103 1020104 1020105 1020106 1020107
ChRemap_0340= 1020200 1020201 1020202 1020203 1020204 1020205 1020206 1020207 1020300 1020301 1020302 1020303 1020304 1020305 1020306 1020307
ChRemap_0341= 1020400 1020401 1020402 1020403 1020404 1020405 1020406 1020407 1020500 1020501 1020502 1020503 1020504 1020505 1020506 1020507
ChRemap_0342= 1020600 1020601 1020602 1020603 1020604 1020605 1020606 1020607 1020700 1020701 1020702 1020703 1020704 1020705 1020706 1020707
ChRemap_0343= 1020800 1020801 1020802 1020803 1020804 1020805 1020806 1020807 1020900 1020901 1020902 1020903 1020904 1020905 1020906 1020907
ChRemap_0344= 1021000 1021001 1021002 1021003 1021004 1021005 1021006 1021007 1021100 1021101 1021102 1021103 1021104 1021105 1021106 1021107
ChRemap_0345= 1021200 1021201 1021202 1021203 1021204 1021205 1021206 1021207 1021300 1021301 1021302 1021303 1021304 1021305 1021306 1021307
ChRemap_0346= 1021400 1021401 1021402 1021403 1021404 1021405 1021406 1021407 1021500 1021501 1021502 1021503 1021504 1021505 1021506 1021507
ChRemap_0347= 1021600 1021601 1021602 1021603 1021604 1021605 1021606 1021607 1021700 1021701 1021702 1021703 1021704 1021705 1021706 1021707
ChRemap_0348= 1021800 1021801 1021802 1021803 1021804 1021805 1021806 1021807 1021900 1021901 1021902 1021903 1021904 1021905 1021906 1021907
ChRemap_0349= 1022000 1022001 1022002 1022003 1022004 1022005 1022006 1022007 1022100 1022101 1022102 1022103 1022104 1022105 1022106 1022107
ChRemap_0350= 1022200 1022201 1022202 1022203 1022204 1022205 1022206 1022207 1022300 1022301 1022302 1022303 1022304 1022305 1022306 1022307
ChRemap_0351= 1022400 1022401 1022402 1022403 1022404 1022405 1022406 1022407 1022500 1022501 1022502 1022503 1022504 1022505 1022506 1022507
ChRemap_0352= 1022600 1022601 1022602 1022603 1022604 1022605 1022606 1022607 1022700 1022701 1022702 1022703 1022704 1022705 1022706 1022707
ChRemap_0353= 1022800 1022801 1022802 1022803 1022804 1022805 1022806 1022807 1022900 1022901 1022902 1022903 1022904 1022905 1022906 1022907
ChRemap_0354= 1023000 1023001 1023002 1023003 1023004 1023005 1023006 1023007 1023100 1023101 1023102 1023103 1023104 1023105 1023106 1023107
ChRemap_0355= 1023200 1023201 1023202 1023203 1023204 1023205 1023206 1023207 1023300 1023301 1023302 1023303 1023304 1023305 1023306 1023307
ChRemap_0356= 1023400 1023401 1023402 1023403 1023404 1023405 1023406 1023407 1023500 1023501 1023502 1023503 1023504 1023505 1023506 1023507
ChRemap_0357= 1023600 1023601 1023602 1023603 1023604 1023605 1023606 1023607 1023700 1023701 1023702 1023703 1023704 1023705 1023706 1023707
ChRemap_0358= 1023800 1023801 1023802 1023803 -1 -1 -1 -1 1100000 1100001 1100002 1100003 1100004 1100005 1100006 1100007 
ChRemap_0359= 1100100 1100101 1100102 1100103 1100104 1100105 1100106 1100107 1100200 1100201 1100202 1100203 1100204 1100205 1100206 1100207
ChRemap_0360= 1100300 1100301 1100302 1100303 1100304 1100305 1100306 1100307 1100400 1100401 1100402 1100403 1100404 1100405 1100406 1100407
ChRemap_0361= 1100500 1100501 1100502 1100503 1100504 1100505 1100506 1100507 1100600 1100601 1100602 1100603 1100604 1100605 1100606 1100607
ChRemap_0362= 1100700 1100701 1100702 1100703 1100704 1100705 1100706 1100707 1100800 1100801 1100802 1100803 1100804 1100805 1100806 1100807
ChRemap_0363= 1100900 1100901 1100902 1100903 1100904 1100905 1100906 1100907 1101000 1101001 1101002 1101003 1101004 1101005 1101006 1101007
ChRemap_0364= 1101100 1101101 1101102 1101103 1101104 1101105 1101106 1101107 1101200 1101201 1101202 1101203 1101204 1101205 1101206 1101207
ChRemap_0365= 1101300 1101301 1101302 1101303 1101304 1101305 1101306 1101307 1101400 1101401 1101402 1101403 1101404 1101405 1101406 1101407
ChRemap_0366= 1101500 1101501 1101502 1101503 1101504 1101505 1101506 1101507 1101600 1101601 1101602 1101603 1101604 1101605 1101606 1101607
ChRemap_0367= 1101700 1101701 1101702 1101703 1101704 1101705 1101706 1101707 1101800 1101801 1101802 1101803 1101804 1101805 1101806 1101807
ChRemap_0368= 1101900 1101901 1101902 1101903 1101904 1101905 1101906 1101907 1102000 1102001 1102002 1102003 1102004 1102005 1102006 1102007
ChRemap_0369= 1102100 1102101 1102102 1102103 1102104 1102105 1102106 1102107 1102200 1102201 1102202 1102203 1102204 1102205 1102206 1102207
ChRemap_0370= 1102300 1102301 1102302 1102303 1102304 1102305 1102306 1102307 1102400 1102401 1102402 1102403 1102404 1102405 1102406 1102407
ChRemap_0371= 1102500 1102501 1102502 1102503 1102504 1102505 1102506 1102507 1102600 1102601 1102602 1102603 1102604 1102605 1102606 1102607
ChRemap_0372= 1102700 1102701 1102702 1102703 1102704 1102705 1102706 1102707 1102800 1102801 1102802 1102803 1102804 1102805 1102806 1102807
ChRemap_0373= 1102900 1102901 1102902 1102903 1102904 1102905 1102906 1102907 1103000 1103001 1103002 1103003 1103004 1103005 1103006 1103007
ChRemap_0374= 1103100 1103101 1103102 1103103 1103104 1103105 1103106 1103107 1103200 1103201 1103202 1103203 1103204 1103205 1103206 1103207
ChRemap_0375= 1103300 1103301 1103302 1103303 1103304 1103305 1103306 1103307 1103400 1103401 1103402 1103403 1103404 1103405 1103406 1103407
ChRemap_0376= 1103500 1103501 1103502 1103503 1103504 1103505 1103506 1103507 1103600 1103601 1103602 1103603 1103604 1103605 1103606 1103607
ChRemap_0377= 1103700 1103701 1103702 1103703 1103704 1103705 1103706 1103707 1103800 1103801 1103802 1103803 1103804 1103805 1103806 1103807
ChRemap_0378= 1103900 1103901 1103902 1103903 1103904 1103905 1103906 1103907 1104000 1104001 1104002 1104003 1104004 1104005 1104006 1104007
ChRemap_0379= 1104100 1104101 1104102 1104103 1104104 1104105 1104106 1104107 1104200 1104201 1104202 1104203 1104204 1104205 1104206 1104207
ChRemap_0380= 1104300 1104301 1104302 1104303 1104304 1104305 1104306 1104307 1104400 1104401 1104402 1104403 1104404 1104405 1104406 1104407
ChRemap_0381= 1104500 1104501 1104502 1104503 1104504 1104505 1104506 1104507 1104600 1104601 1104602 1104603 1104604 1104605 1104606 1104607
ChRemap_0382= 1104700 1104701 1104702 1104703 1104704 1104705 1104706 1104707 1104800 1104801 1104802 1104803 1104804 1104805 1104806 1104807
ChRemap_0383= 1104900 1104901 1104902 1104903 1104904 1104905 1104906 1104907 1105000 1105001 1105002 1105003 1105004 1105005 1105006 1105007
ChRemap_0384= 1105100 1105101 1105102 1105103 1105104 1105105 1105106 1105107 1105200 1105201 1105202 1105203 1105204 1105205 1105206 1105207
ChRemap_0385= 1105300 1105301 1105302 1105303 1105304 1105305 1105306 1105307 1105400 1105401 1105402 1105403 1105404 1105405 1105406 1105407
ChRemap_0386= 1105500 1105501 1105502 1105503 1105504 1105505 1105506 1105507 1105600 1105601 1105602 1105603 1105604 1105605 1105606 1105607
ChRemap_0387= 1105700 1105701 1105702 1105703 1105704 1105705 1105706 1105707 1105800 1105801 1105802 1105803 1105804 1105805 1105806 1105807
ChRemap_0388= 1105900 1105901 1105902 1105903 1105904 1105905 1105906 1105907 1106000 1106001 1106002 1106003 1106004 1106005 1106006 1106007
ChRemap_0389= 1106100 1106101 1106102 1106103 1106104 1106105 1106106 1106107 1106200 1106201 1106202 1106203 1106204 1106205 1106206 1106207
ChRemap_0390= 1106300 1106301 1106302 1106303 1106304 1106305 1106306 1106307 1106400 1106401 1106402 1106403 1106404 1106405 1106406 1106407
ChRemap_0391= 1106500 1106501 1106502 1106503 1106504 1106505 1106506 1106507 1106600 1106601 1106602 1106603 1106604 1106605 1106606 1106607
ChRemap_0392= 1106700 1106701 1106702 1106703 1106704 1106705 1106706 1106707 1106800 1106801 1106802 1106803 1106804 1106805 1106806 1106807
ChRemap_0393= 1106900 1106901 1106902 1106903 1106904 1106905 1106906 1106907 1107000 1107001 1107002 1107003 1107004 1107005 1107006 1107007
ChRemap_0394= 1107100 1107101 1107102 1107103 1107104 1107105 1107106 1107107 1107200 1107201 1107202 1107203 1107204 1107205 1107206 1107207
ChRemap_0395= 1107300 1107301 1107302 1107303 1107304 1107305 1107306 1107307 1107400 1107401 1107402 1107403 1107404 1107405 1107406 1107407
ChRemap_0396= 1107500 1107501 1107502 1107503 1107504 1107505 1107506 1107507 1107600 1107601 1107602 1107603 1107604 1107605 1107606 1107607
ChRemap_0397= 1107700 1107701 1107702 1107703 1107704 1107705 1107706 1107707 1107800 1107801 1107802 1107803 1107804 1107805 1107806 1107807
ChRemap_0398= 1107900 1107901 1107902 1107903 1107904 1107905 1107906 1107907 1108000 1108001 1108002 1108003 1108004 1108005 1108006 1108007
ChRemap_0399= 1108100 1108101 1108102 1108103 1108104 1108105 1108106 1108107 1108200 1108201 1108202 1108203 1108204 1108205 1108206 1108207
ChRemap_0400= 1108300 1108301 1108302 1108303 1108304 1108305 1108306 1108307 1108400 1108401 1108402 1108403 1108404 1108405 1108406 1108407
ChRemap_0401= 1108500 1108501 1108502 1108503 1108504 1108505 1108506 1108507 1108600 1108601 1108602 1108603 1108604 1108605 1108606 1108607
ChRemap_0402= 1108700 1108701 1108702 1108703 1108704 1108705 1108706 1108707 1108800 1108801 1108802 1108803 1108804 1108805 1108806 1108807
ChRemap_0403= 1108900 1108901 1108902 1108903 1108904 1108905 1108906 1108907 1109000 1109001 1109002 1109003 1109004 1109005 1109006 1109007
ChRemap_0404= 1109100 1109101 1109102 1109103 1109104 1109105 1109106 1109107 1109200 1109201 1109202 1109203 1109204 1109205 1109206 1109207
ChRemap_0405= 1109300 1109301 1109302 1109303 1109304 1109305 1109306 1109307 1109400 1109401 1109402 1109403 1109404 1109405 1109406 1109407
ChRemap_0406= 1109500 1109501 1109502 1109503 1109504 1109505 1109506 1109507 1109600 1109601 1109602 1109603 1109604 1109605 1109606 1109607
ChRemap_0407= 1109700 1109701 1109702 1109703 1109704 1109705 1109706 1109707 1109800 1109801 1109802 1109803 1109804 1109805 1109806 1109807
ChRemap_0408= 1109900 1109901 1109902 1109903 1109904 1109905 1109906 1109907 1110000 1110001 1110002 1110003 1110004 1110005 1110006 1110007
ChRemap_0409= 1110100 1110101 1110102 1110103 1110104 1110105 1110106 1110107 1110200 1110201 1110202 1110203 1110204 1110205 1110206 1110207
ChRemap_0410= 1110300 1110301 1110302 1110303 1110304 1110305 1110306 1110307 1110400 1110401 1110402 1110403 1110404 1110405 1110406 1110407
ChRemap_0411= 1110500 1110501 1110502 1110503 1110504 1110505 1110506 1110507 1110600 1110601 1110602 1110603 1110604 1110605 1110606 1110607
ChRemap_0412= 1110700 1110701 1110702 1110703 1110704 1110705 1110706 1110707 1110800 1110801 1110802 1110803 1110804 1110805 1110806 1110807
ChRemap_0413= 1110900 1110901 1110902 1110903 1110904 1110905 1110906 1110907 1111000 1111001 1111002 1111003 1111004 1111005 1111006 1111007
ChRemap_0414= 1111100 1111101 1111102 1111103 1111104 1111105 1111106 1111107 1111200 1111201 1111202 1111203 1111204 1111205 1111206 1111207
ChRemap_0415= 1111300 1111301 1111302 1111303 1111304 1111305 1111306 1111307 1111400 1111401 1111402 1111403 1111404 1111405 1111406 1111407
ChRemap_0416= 1111500 1111501 1111502 1111503 1111504 1111505 1111506 1111507 1111600 1111601 1111602 1111603 1111604 1111605 1111606 1111607
ChRemap_0417= 1111700 1111701 1111702 1111703 1111704 1111705 1111706 1111707 1111800 1111801 1111802 1111803 1111804 1111805 1111806 1111807
ChRemap_0418= 1111900 1111901 1111902 1111903 1111904 1111905 1111906 1111907 1112000 1112001 1112002 1112003 1112004 1112005 1112006 1112007
ChRemap_0419= 1112100 1112101 1112102 1112103 1112104 1112105 1112106 1112107 1112200 1112201 1112202 1112203 1112204 1112205 1112206 1112207
ChRemap_0420= 1112300 1112301 1112302 1112303 1112304 1112305 1112306 1112307 1112400 1112401 1112402 1112403 1112404 1112405 1112406 1112407
ChRemap_0421= 1112500 1112501 1112502 1112503 1112504 1112505 1112506 1112507 1112600 1112601 1112602 1112603 1112604 1112605 1112606 1112607
ChRemap_0422= 1112700 1112701 1112702 1112703 1112704 1112705 1112706 1112707 1112800 1112801 1112802 1112803 1112804 1112805 1112806 1112807
ChRemap_0423= 1112900 1112901 1112902 1112903 1112904 1112905 1112906 1112907 1113000 1113001 1113002 1113003 1113004 1113005 1113006 1113007
ChRemap_0424= 1113100 1113101 1113102 1113103 1113104 1113105 1113106 1113107 1113200 1113201 1113202 1113203 1113204 1113205 1113206 1113207
ChRemap_0425= 1113300 1113301 1113302 1113303 1113304 1113305 1113306 1113307 1113400 1113401 1113402 1113403 1113404 1113405 1113406 1113407
ChRemap_0426= 1113500 1113501 1113502 1113503 1113504 1113505 1113506 1113507 1113600 1113601 1113602 1113603 1113604 1113605 1113606 1113607
ChRemap_0427= 1113700 1113701 1113702 1113703 1113704 1113705 1113706 1113707 1113800 1113801 1113802 1113803 1113804 1113805 1113806 1113807
ChRemap_0428= 1113900 1113901 1113902 1113903 1113904 1113905 1113906 1113907 1114000 1114001 1114002 1114003 1114004 1114005 1114006 1114007
ChRemap_0429= 1114100 1114101 1114102 1114103 1114104 1114105 1114106 1114107 1114200 1114201 1114202 1114203 1114204 1114205 1114206 1114207
ChRemap_0430= 1114300 1114301 1114302 1114303 1114304 1114305 1114306 1114307 1114400 1114401 1114402 1114403 1114404 1114405 1114406 1114407
ChRemap_0431= 1114500 1114501 1114502 1114503 1114504 1114505 1114506 1114507 1114600 1114601 1114602 1114603 1114604 1114605 1114606 1114607
ChRemap_0432= 1114700 1114701 1114702 1114703 1114704 1114705 1114706 1114707 1114800 1114801 1114802 1114803 1114804 1114805 1114806 1114807
ChRemap_0433= 1114900 1114901 1114902 1114903 1114904 1114905 1114906 1114907 1115000 1115001 1115002 1115003 1115004 1115005 1115006 1115007
ChRemap_0434= 1115100 1115101 1115102 1115103 1115104 1115105 1115106 1115107 1115200 1115201 1115202 1115203 1115204 1115205 1115206 1115207
ChRemap_0435= 1115300 1115301 1115302 1115303 1115304 1115305 1115306 1115307 1115400 1115401 1115402 1115403 1115404 1115405 1115406 1115407
ChRemap_0436= 1115500 1115501 1115502 1115503 1115504 1115505 1115506 1115507 1115600 1115601 1115602 1115603 1115604 1115605 1115606 1115607
ChRemap_0437= 1115700 1115701 1115702 1115703 1115704 1115705 1115706 1115707 1115800 1115801 1115802 1115803 1115804 1115805 1115806 1115807
ChRemap_0438= 1115900 1115901 1115902 1115903 1115904 1115905 1115906 1115907 1116000 1116001 1116002 1116003 1116004 1116005 1116006 1116007
ChRemap_0439= 1116100 1116101 1116102 1116103 1116104 1116105 1116106 1116107 1116200 1116201 1116202 1116203 1116204 1116205 1116206 1116207
ChRemap_0440= 1116300 1116301 1116302 1116303 1116304 1116305 1116306 1116307 1116400 1116401 1116402 1116403 1116404 1116405 1116406 1116407
ChRemap_0441= 1116500 1116501 1116502 1116503 1116504 1116505 1116506 1116507 1116600 1116601 1116602 1116603 1116604 1116605 1116606 1116607
ChRemap_0442= 1116700 1116701 1116702 1116703 1116704 1116705 1116706 1116707 1116800 1116801 1116802 1116803 1116804 1116805 1116806 1116807
ChRemap_0443= 1116900 1116901 1116902 1116903 1116904 1116905 1116906 1116907 1117000 1117001 1117002 1117003 1117004 1117005 1117006 1117007
ChRemap_0444= 1117100 1117101 1117102 1117103 1117104 1117105 1117106 1117107 1117200 1117201 1117202 1117203 1117204 1117205 1117206 1117207
ChRemap_0445= 1117300 1117301 1117302 1117303 1117304 1117305 1117306 1117307 1117400 1117401 1117402 1117403 1117404 1117405 1117406 1117407
ChRemap_0446= 1117500 1117501 1117502 1117503 1117504 1117505 1117506 1117507 1117600 1117601 1117602 1117603 1117604 1117605 1117606 1117607
ChRemap_0447= 1117700 1117701 1117702 1117703 1117704 1117705 1117706 1117707 1117800 1117801 1117802 1117803 1117804 1117805 1117806 1117807
ChRemap_0448= 1117900 1117901 1117902 1117903 1117904 1117905 1117906 1117907 1118000 1118001 1118002 1118003 1118004 1118005 1118006 1118007
ChRemap_0449= 1118100 1118101 1118102 1118103 1118104 1118105 1118106 1118107 1118200 1118201 1118202 1118203 1118204 1118205 1118206 1118207
ChRemap_0450= 1118300 1118301 1118302 1118303 1118304 1118305 1118306 1118307 1118400 1118401 1118402 1118403 1118404 1118405 1118406 1118407
ChRemap_0451= 1118500 1118501 1118502 1118503 1118504 1118505 1118506 1118507 1118600 1118601 1118602 1118603 1118604 1118605 1118606 1118607
ChRemap_0452= 1118700 1118701 1118702 1118703 1118704 1118705 1118706 1118707 1118800 1118801 1118802 1118803 1118804 1118805 1118806 1118807
ChRemap_0453= 1118900 1118901 1118902 1118903 1118904 1118905 1118906 1118907 1119000 1119001 1119002 1119003 1119004 1119005 1119006 1119007
ChRemap_0454= 1119100 1119101 1119102 1119103 1119104 1119105 1119106 1119107 1119200 1119201 1119202 1119203 1119204 1119205 1119206 1119207
ChRemap_0455= 1119300 1119301 1119302 1119303 1119304 1119305 1119306 1119307 1119400 1119401 1119402 1119403 1119404 1119405 1119406 1119407
ChRemap_0456= 1119500 1119501 1119502 1119503 1119504 1119505 1119506 1119507 1119600 1119601 1119602 1119603 1119604 1119605 1119606 1119607
ChRemap_0457= 1119700 1119701 1119702 1119703 1119704 1119705 1119706 1119707 1119800 1119801 1119802 1119803 1119804 1119805 1119806 1119807
ChRemap_0458= 1119900 1119901 1119902 1119903 1119904 1119905 1119906 1119907 1120000 1120001 1120002 1120003 1120004 1120005 1120006 1120007
ChRemap_0459= 1120100 1120101 1120102 1120103 1120104 1120105 1120106 1120107 1120200 1120201 1120202 1120203 1120204 1120205 1120206 1120207
ChRemap_0460= 1120300 1120301 1120302 1120303 1120304 1120305 1120306 1120307 1120400 1120401 1120402 1120403 1120404 1120405 1120406 1120407
ChRemap_0461= 1120500 1120501 1120502 1120503 1120504 1120505 1120506 1120507 1120600 1120601 1120602 1120603 1120604 1120605 1120606 1120607
ChRemap_0462= 1120700 1120701 1120702 1120703 1120704 1120705 1120706 1120707 1120800 1120801 1120802 1120803 1120804 1120805 1120806 1120807
ChRemap_0463= 1120900 1120901 1120902 1120903 1120904 1120905 1120906 1120907 1121000 1121001 1121002 1121003 1121004 1121005 1121006 1121007
ChRemap_0464= 1121100 1121101 1121102 1121103 1121104 1121105 1121106 1121107 1121200 1121201 1121202 1121203 1121204 1121205 1121206 1121207
ChRemap_0465= 1121300 1121301 1121302 1121303 1121304 1121305 1121306 1121307 1121400 1121401 1121402 1121403 1121404 1121405 1121406 1121407
ChRemap_0466= 1121500 1121501 1121502 1121503 1121504 1121505 1121506 1121507 1121600 1121601 1121602 1121603 1121604 1121605 1121606 1121607
ChRemap_0467= 1121700 1121701 1121702 1121703 1121704 1121705 1121706 1121707 1121800 1121801 1121802 1121803 1121804 1121805 1121806 1121807
ChRemap_0468= 1121900 1121901 1121902 1121903 1121904 1121905 1121906 1121907 1122000 1122001 1122002 1122003 1122004 1122005 1122006 1122007
ChRemap_0469= 1122100 1122101 1122102 1122103 1122104 1122105 1122106 1122107 1122200 1122201 1122202 1122203 1122204 1122205 1122206 1122207
ChRemap_0470= 1122300 1122301 1122302 1122303 1122304 1122305 1122306 1122307 1122400 1122401 1122402 1122403 1122404 1122405 1122406 1122407
ChRemap_0471= 1122500 1122501 1122502 1122503 1122504 1122505 1122506 1122507 1122600 1122601 1122602 1122603 1122604 1122605 1122606 1122607
ChRemap_0472= 1122700 1122701 1122702 1122703 1122704 1122705 1122706 1122707 1122800 1122801 1122802 1122803 1122804 1122805 1122806 1122807
ChRemap_0473= 1122900 1122901 1122902 1122903 1122904 1122905 1122906 1122907 1123000 1123001 1123002 1123003 1123004 1123005 1123006 1123007
ChRemap_0474= 1123100 1123101 1123102 1123103 1123104 1123105 1123106 1123107 1123200 1123201 1123202 1123203 1123204 1123205 1123206 1123207
ChRemap_0475= 1123300 1123301 1123302 1123303 1123304 1123305 1123306 1123307 1123400 1123401 1123402 1123403 1123404 1123405 1123406 1123407
ChRemap_0476= 1123500 1123501 1123502 1123503 1123504 1123505 1123506 1123507 1123600 1123601 1123602 1123603 1123604 1123605 1123606 1123607
ChRemap_0477= 1123700 1123701 1123702 1123703 1123704 1123705 1123706 1123707 1123800 1123801 1123802 1123803 -1 -1 -1 -1
ChRemap_0478= -1 -1 -1 -1 -1 -1 -1 -1 -1 -1 -1 -1 -1 -1 -1 -1
ChRemap_0479= -1 -1 -1 -1 -1 -1 -1 -1 -1 -1 -1 -1 -1 -1 -1 -1
ChRemap_0480= 10 110 210 310 410 510 610 710 810 910 1010 1110 1210 1310 1410 1510
ChRemap_0481= 1610 1710 1810 1910 2010 2110 2210 2310 2410 2510 2610 2710 2810 2910 3010 3110
ChRemap_0482= 3210 3310 3410 3510 3610 3710 3810 3910 4010 4110 4210 4310 4410 4510 4610 4710
ChRemap_0483= 4810 4910 5010 5110 5210 5310 5410 5510 5610 5710 5810 5910 6010 6110 6210 6310
ChRemap_0484= 6410 6510 6610 6710 6810 6910 7010 7110 7210 7310 7410 7510 7610 7710 7810 7910
ChRemap_0485= 8010 8110 8210 8310 8410 8510 8610 8710 8810 8910 9010 9110 9210 9310 9410 9510
ChRemap_0486= 9610 9710 9810 9910 10010 10110 10210 10310 10410 10510 10610 10710 10810 10910 11010 11110
ChRemap_0487= 11210 11310 11410 11510 11610 11710 11810 11910 12010 12110 12210 12310 12410 12510 12610 12710
ChRemap_0488= 12810 12910 13010 13110 13210 13310 13410 13510 13610 13710 13810 13910 14010 14110 14210 14310
ChRemap_0489= 14410 14510 14610 14710 14810 14910 15010 15110 15210 15310 15410 15510 15610 15710 15810 15910
ChRemap_0490= 16010 16110 16210 16310 16410 16510 16610 16710 16810 16910 17010 17110 17210 17310 17410 17510
ChRemap_0491= 17610 17710 17810 17910 18010 18110 18210 18310 18410 18510 18610 18710 18810 18910 19010 19110
ChRemap_0492= 19210 19310 19410 19510 19610 19710 19810 19910 20010 20110 20210 20310 20410 20510 20610 20710
ChRemap_0493= 20810 20910 21010 21110 21210 21310 21410 21510 21610 21710 21810 21910 22010 22110 22210 22310
ChRemap_0494= 22410 22510 22610 22710 22810 22910 23010 23110 23210 23310 23410 23510 23610 23710 23810 100010
ChRemap_0495= 100110 100210 100310 100410 100510 100610 100710 100810 100910 101010 101110 101210 101310 101410 101510 101610
ChRemap_0496= 101710 101810 101910 102010 102110 102210 102310 102410 102510 102610 102710 102810 102910 103010 103110 103210
ChRemap_0497= 103310 103410 103510 103610 103710 103810 103910 104010 104110 104210 104310 104410 104510 104610 104710 104810
ChRemap_0498= 104910 105010 105110 105210 105310 105410 105510 105610 105710 105810 105910 106010 106110 106210 106310 106410
ChRemap_0499= 106510 106610 106710 106810 106910 107010 107110 107210 107310 107410 107510 107610 107710 107810 107910 108010
ChRemap_0500= 108110 108210 108310 108410 108510 108610 108710 108810 108910 109010 109110 109210 109310 109410 109510 109610
ChRemap_0501= 109710 109810 109910 110010 110110 110210 110310 110410 110510 110610 110710 110810 110910 111010 111110 111210
ChRemap_0502= 111310 111410 111510 111610 111710 111810 111910 112010 112110 112210 112310 112410 112510 112610 112710 112810
ChRemap_0503= 112910 113010 113110 113210 113310 113410 113510 113610 113710 113810 113910 114010 114110 114210 114310 114410
ChRemap_0504= 114510 114610 114710 114810 114910 115010 115110 115210 115310 115410 115510 115610 115710 115810 115910 116010
ChRemap_0505= 116110 116210 116310 116410 116510 116610 116710 116810 116910 117010 117110 117210 117310 117410 117510 117610
ChRemap_0506= 117710 117810 117910 118010 118110 118210 118310 118410 118510 118610 118710 118810 118910 119010 119110 119210
ChRemap_0507= 119310 119410 119510 119610 119710 119810 119910 120010 120110 120210 120310 120410 120510 120610 120710 120810
ChRemap_0508= 120910 121010 121110 121210 121310 121410 121510 121610 121710 121810 121910 122010 122110 122210 122310 122410
ChRemap_0509= 122510 122610 122710 122810 122910 123010 123110 123210 123310 123410 123510 123610 123710 123810 -1 -1
ChRemap_0510= 1000010 1000110 1000210 1000310 1000410 1000510 1000610 1000710 1000810 1000910 1001010 1001110 1001210 1001310 1001410 1001510
ChRemap_0511= 1001610 1001710 1001810 1001910 1002010 1002110 1002210 1002310 1002410 1002510 1002610 1002710 1002810 1002910 1003010 1003110
ChRemap_0512= 1003210 1003310 1003410 1003510 1003610 1003710 1003810 1003910 1004010 1004110 1004210 1004310 1004410 1004510 1004610 1004710
ChRemap_0513= 1004810 1004910 1005010 1005110 1005210 1005310 1005410 1005510 1005610 1005710 1005810 1005910 1006010 1006110 1006210 1006310
ChRemap_0514= 1006410 1006510 1006610 1006710 1006810 1006910 1007010 1007110 1007210 1007310 1007410 1007510 1007610 1007710 1007810 1007910
ChRemap_0515= 1008010 1008110 1008210 1008310 1008410 1008510 1008610 1008710 1008810 1008910 1009010 1009110 1009210 1009310 1009410 1009510
ChRemap_0516= 1009610 1009710 1009810 1009910 1010010 1010110 1010210 1010310 1010410 1010510 1010610 1010710 1010810 1010910 1011010 1011110
ChRemap_0517= 1011210 1011310 1011410 1011510 1011610 1011710 1011810 1011910 1012010 1012110 1012210 1012310 1012410 1012510 1012610 1012710
ChRemap_0518= 1012810 1012910 1013010 1013110 1013210 1013310 1013410 1013510 1013610 1013710 1013810 1013910 1014010 1014110 1014210 1014310
ChRemap_0519= 1014410 1014510 1014610 1014710 1014810 1014910 1015010 1015110 1015210 1015310 1015410 1015510 1015610 1015710 1015810 1015910
ChRemap_0520= 1016010 1016110 1016210 1016310 1016410 1016510 1016610 1016710 1016810 1016910 1017010 1017110 1017210 1017310 1017410 1017510
ChRemap_0521= 1017610 1017710 1017810 1017910 1018010 1018110 1018210 1018310 1018410 1018510 1018610 1018710 1018810 1018910 1019010 1019110
ChRemap_0522= 1019210 1019310 1019410 1019510 1019610 1019710 1019810 1019910 1020010 1020110 1020210 1020310 1020410 1020510 1020610 1020710
ChRemap_0523= 1020810 1020910 1021010 1021110 1021210 1021310 1021410 1021510 1021610 1021710 1021810 1021910 1022010 1022110 1022210 1022310
ChRemap_0524= 1022410 1022510 1022610 1022710 1022810 1022910 1023010 1023110 1023210 1023310 1023410 1023510 1023610 1023710 1023810 1100010
ChRemap_0525= 1100110 1100210 1100310 1100410 1100510 1100610 1100710 1100810 1100910 1101010 1101110 1101210 1101310 1101410 1101510 1101610
ChRemap_0526= 1101710 1101810 1101910 1102010 1102110 1102210 1102310 1102410 1102510 1102610 1102710 1102810 1102910 1103010 1103110 1103210
ChRemap_0527= 1103310 1103410 1103510 1103610 1103710 1103810 1103910 1104010 1104110 1104210 1104310 1104410 1104510 1104610 1104710 1104810
ChRemap_0528= 1104910 1105010 1105110 1105210 1105310 1105410 1105510 1105610 1105710 1105810 1105910 1106010 1106110 1106210 1106310 1106410
ChRemap_0529= 1106510 1106610 1106710 1106810 1106910 1107010 1107110 1107210 1107310 1107410 1107510 1107610 1107710 1107810 1107910 1108010
ChRemap_0530= 1108110 1108210 1108310 1108410 1108510 1108610 1108710 1108810 1108910 1109010 1109110 1109210 1109310 1109410 1109510 1109610
ChRemap_0531= 1109710 1109810 1109910 1110010 1110110 1110210 1110310 1110410 1110510 1110610 1110710 1110810 1110910 1111010 1111110 1111210
ChRemap_0532= 1111310 1111410 1111510 1111610 1111710 1111810 1111910 1112010 1112110 1112210 1112310 1112410 1112510 1112610 1112710 1112810
ChRemap_0533= 1112910 1113010 1113110 1113210 1113310 1113410 1113510 1113610 1113710 1113810 1113910 1114010 1114110 1114210 1114310 1114410
ChRemap_0534= 1114510 1114610 1114710 1114810 1114910 1115010 1115110 1115210 1115310 1115410 1115510 1115610 1115710 1115810 1115910 1116010
ChRemap_0535= 1116110 1116210 1116310 1116410 1116510 1116610 1116710 1116810 1116910 1117010 1117110 1117210 1117310 1117410 1117510 1117610
ChRemap_0536= 1117710 1117810 1117910 1118010 1118110 1118210 1118310 1118410 1118510 1118610 1118710 1118810 1118910 1119010 1119110 1119210
ChRemap_0537= 1119310 1119410 1119510 1119610 1119710 1119810 1119910 1120010 1120110 1120210 1120310 1120410 1120510 1120610 1120710 1120810
ChRemap_0538= 1120910 1121010 1121110 1121210 1121310 1121410 1121510 1121610 1121710 1121810 1121910 1122010 1122110 1122210 1122310 1122410
ChRemap_0539= 1122510 1122610 1122710 1122810 1122910 1123010 1123110 1123210 1123310 1123410 1123510 1123610 1123710 1123810 -1 -1
ChRemap_0540= -1 -1 -1 -1 -1 -1 -1 -1 -1 -1 -1 -1 -1 -1 -1 -1
ChRemap_0541= -1 -1 -1 -1 -1 -1 -1 -1 -1 -1 -1 -1 -1 -1 -1 -1
ChRemap_0542= -1 -1 -1 -1 -1 -1 -1 -1 -1 -1 -1 -1 -1 -1 -1 -1
ChRemap_0543= -1 -1 -1 -1 -1 -1 -1 -1 -1 -1 -1 -1 -1 -1 -1 -1