# generated with run 7442
#---------------------------------------------------------------------
#SeqID 	 MinWidth 	 MaxWidth 	 SC_MinWidth 	 SC_MaxWidth
#---------------------------------------------------------------------
0 	 12.0201 	 16.0201 	 -0.24856 	 -1.22914
1 	 11.5968 	 15.5968 	 -0.7669 	 -0.347231
2 	 11.2925 	 15.2925 	 -0.535518 	 -0.555073
3 	 11.1486 	 15.1486 	 -0.344491 	 -0.15761
4 	 12.0953 	 16.0953 	 -0.608593 	 -0.558199
5 	 11.4758 	 15.4758 	 0.1338 	 -0.989518
6 	 11.271 	 15.271 	 -0.386639 	 -1.0844
7 	 11.9687 	 15.9687 	 -0.586389 	 -0.435732
8 	 11.9846 	 15.9846 	 -0.0867481 	 -1.14239
9 	 12.313 	 16.313 	 -0.435072 	 -1.09399
10 	 12.5251 	 16.5251 	 -0.391065 	 -1.00698
11 	 11.9458 	 15.9458 	 -0.326494 	 -1.25509
12 	 12.01 	 16.01 	 -0.331987 	 -1.20075
13 	 11.5251 	 15.5251 	 -0.398781 	 -1.15838
14 	 12.3336 	 16.3336 	 -0.311938 	 -1.0583
15 	 12.1595 	 16.1595 	 -0.313471 	 -1.08939
16 	 12.8399 	 16.8399 	 -0.425849 	 -0.93428
17 	 12.7358 	 16.7358 	 -0.423031 	 -0.989627
18 	 12.8273 	 16.8273 	 -0.423613 	 -1.0266
19 	 12.6869 	 16.6869 	 -0.339635 	 -1.06174
20 	 12.8409 	 16.8409 	 -0.243449 	 -1.0625
21 	 12.6303 	 16.6303 	 -0.330009 	 -1.03236
22 	 12.5498 	 16.5498 	 -0.39662 	 -1.10993
23 	 12.3576 	 16.3576 	 -0.355958 	 -0.903243
24 	 11.5496 	 15.5496 	 -0.284627 	 -0.972051
25 	 11.7893 	 15.7893 	 -0.382318 	 -0.975291
26 	 12.2762 	 16.2762 	 -0.368513 	 -0.898141
27 	 11.8346 	 15.8346 	 -0.313443 	 -0.940765
28 	 11.7063 	 15.7063 	 -0.365171 	 -0.919777
29 	 11.6759 	 15.6759 	 -0.250956 	 -1.06136
30 	 11.8535 	 15.8535 	 -0.302799 	 -0.962435
31 	 11.7912 	 15.7912 	 -0.294623 	 -0.982935
32 	 11.3672 	 15.3672 	 -0.169284 	 -1.09755
33 	 11.6333 	 15.6333 	 -0.245668 	 -1.03488
34 	 11.7006 	 15.7006 	 -0.225886 	 -1.01351
35 	 11.1442 	 15.1442 	 -0.181428 	 -1.05825
36 	 11.5549 	 15.5549 	 -0.270992 	 -1.01208
37 	 11.2677 	 15.2677 	 -0.146704 	 -0.987058
38 	 10.9704 	 14.9704 	 -0.140653 	 -1.12333
39 	 11.8053 	 15.8053 	 -0.179785 	 -0.979272
40 	 12.0117 	 16.0117 	 -0.278056 	 -0.873332
41 	 12.4067 	 16.4067 	 -0.398649 	 -0.95936
42 	 12.2877 	 16.2877 	 -0.331884 	 -0.855023
43 	 12.7142 	 16.7142 	 -0.319079 	 -0.843624
44 	 12.4532 	 16.4532 	 -0.266018 	 -1.01493
45 	 12.5779 	 16.5779 	 -0.303254 	 -0.893887
46 	 12.3544 	 16.3544 	 -0.350341 	 -0.918027
47 	 12.2415 	 16.2415 	 -0.31412 	 -0.930641
48 	 11.5336 	 15.5336 	 -0.38081 	 -0.889656
49 	 11.356 	 15.356 	 -0.277019 	 -0.984459
50 	 11.6632 	 15.6632 	 -0.294498 	 -0.928196
51 	 11.5615 	 15.5615 	 -0.260887 	 -0.916739
52 	 11.3626 	 15.3626 	 -0.368478 	 -0.953408
53 	 11.7441 	 15.7441 	 -0.303773 	 -1.00148
54 	 11.6979 	 15.6979 	 -0.297775 	 -0.857883
55 	 11.1908 	 15.1908 	 -0.281618 	 -1.02313
56 	 12.4494 	 16.4494 	 -0.244963 	 -0.936321
57 	 13.2413 	 17.2413 	 -0.419025 	 -0.904497
58 	 12.6513 	 16.6513 	 -0.315771 	 -0.92073
59 	 12.9771 	 16.9771 	 -0.402703 	 -0.971005
60 	 13.8146 	 17.8146 	 -0.370749 	 -0.926791
61 	 13.0982 	 17.0982 	 -0.285772 	 -0.884722
62 	 13.0349 	 17.0349 	 -0.411265 	 -0.93932
63 	 13.3568 	 17.3568 	 -0.377522 	 -0.944439
64 	 12.9353 	 16.9353 	 -0.380174 	 -0.911384
65 	 13.1303 	 17.1303 	 -0.395139 	 -0.9059
66 	 12.7269 	 16.7269 	 -0.358498 	 -0.821877
67 	 13.2862 	 17.2862 	 -0.443676 	 -0.857873
68 	 12.6927 	 16.6927 	 -0.339729 	 -0.880546
69 	 13.2984 	 17.2984 	 -0.397631 	 -0.842981
70 	 13.2615 	 17.2615 	 -0.35736 	 -0.816205
71 	 13.3037 	 17.3037 	 -0.381633 	 -0.908999
72 	 13.0654 	 17.0654 	 -0.421686 	 -0.911975
73 	 12.5059 	 16.5059 	 -0.335788 	 -0.987745
74 	 13.0228 	 17.0228 	 -0.351906 	 -0.927507
75 	 12.5883 	 16.5883 	 -0.329032 	 -0.962029
76 	 13.0565 	 17.0565 	 -0.283611 	 -0.888861
77 	 13.1303 	 17.1303 	 -0.342674 	 -0.870758
78 	 12.8604 	 16.8604 	 -0.360238 	 -0.938401
79 	 13.1399 	 17.1399 	 -0.354639 	 -0.865926
80 	 12.2082 	 16.2082 	 -0.233937 	 -0.955456
81 	 13.0899 	 17.0899 	 -0.280371 	 -0.916592
82 	 12.806 	 16.806 	 -0.353319 	 -0.983043
83 	 12.7623 	 16.7623 	 -0.333701 	 -1.00727
84 	 12.8225 	 16.8225 	 -0.355915 	 -0.985639
85 	 12.9303 	 16.9303 	 -0.239602 	 -0.969496
86 	 12.7799 	 16.7799 	 -0.210804 	 -0.992763
87 	 13.2398 	 17.2398 	 -0.314967 	 -1.01685
88 	 12.7648 	 16.7648 	 -0.312365 	 -0.999818
89 	 12.6657 	 16.6657 	 -0.0710685 	 -0.921821
90 	 13.1427 	 17.1427 	 -0.320415 	 -0.986557
91 	 13.0347 	 17.0347 	 -0.314825 	 -0.959105
92 	 13.1587 	 17.1587 	 -0.345183 	 -0.895839
93 	 13.079 	 17.079 	 -0.394918 	 -0.946099
94 	 12.9867 	 16.9867 	 -0.283939 	 -0.925782
95 	 12.7521 	 16.7521 	 -0.547375 	 -1.15324
96 	 11.6786 	 15.6786 	 -0.465608 	 -1.02137
97 	 11.6472 	 15.6472 	 -0.572593 	 -0.991182
98 	 11.5726 	 15.5726 	 -0.524535 	 -1.17867
99 	 11.3482 	 15.3482 	 -0.284487 	 -1.25635
100 	 11.6959 	 15.6959 	 -0.394832 	 -1.08881
101 	 11.5158 	 15.5158 	 -0.501427 	 -1.07933
102 	 11.6403 	 15.6403 	 -0.612233 	 -1.14493
103 	 11.637 	 15.637 	 -0.463446 	 -1.05843
104 	 11.3215 	 15.3215 	 -0.163539 	 -1.24062
105 	 12.2696 	 16.2696 	 -0.434307 	 -0.933941
106 	 12.967 	 16.967 	 -0.591703 	 -0.992443
107 	 11.8013 	 15.8013 	 -0.388163 	 -1.04815
108 	 12.3796 	 16.3796 	 -0.520728 	 -1.07141
109 	 11.174 	 15.174 	 -0.25684 	 -1.32904
110 	 12.2217 	 16.2217 	 -0.379993 	 -0.96125
111 	 11.7018 	 15.7018 	 -0.3983 	 -1.03015
112 	 12.1998 	 16.1998 	 -0.294413 	 -1.03794
113 	 12.4708 	 16.4708 	 -0.437737 	 -1.0177
114 	 12.6279 	 16.6279 	 -0.387806 	 -0.919358
115 	 12.4122 	 16.4122 	 -0.264386 	 -1.08365
116 	 12.459 	 16.459 	 -0.30706 	 -0.979675
117 	 12.4006 	 16.4006 	 -0.413892 	 -1.04398
118 	 12.3084 	 16.3084 	 -0.485252 	 -1.02398
119 	 12.3639 	 16.3639 	 -0.296381 	 -0.956802
120 	 12.0385 	 16.0385 	 -0.329296 	 -1.01066
121 	 11.4086 	 15.4086 	 -0.24532 	 -1.14247
122 	 11.5269 	 15.5269 	 -0.195059 	 -1.00632
123 	 12.1385 	 16.1385 	 -0.264044 	 -0.974412
124 	 11.7221 	 15.7221 	 -0.159207 	 -1.03407
125 	 11.3841 	 15.3841 	 -0.278149 	 -1.14195
126 	 11.3624 	 15.3624 	 -0.180667 	 -1.11325
127 	 11.3873 	 15.3873 	 -0.199275 	 -1.00663
128 	 12.428 	 16.428 	 -0.257946 	 -1.00868
129 	 12.9958 	 16.9958 	 -0.303024 	 -0.914713
130 	 12.9502 	 16.9502 	 -0.318821 	 -0.929431
131 	 12.8472 	 16.8472 	 -0.333676 	 -0.927251
132 	 13.1242 	 17.1242 	 -0.316922 	 -0.910098
133 	 12.7634 	 16.7634 	 -0.239359 	 -0.873711
134 	 12.979 	 16.979 	 -0.350921 	 -0.863203
135 	 13.4934 	 17.4934 	 -0.293633 	 -0.854024
136 	 12.4584 	 16.4584 	 -0.307003 	 -0.969614
137 	 12.0976 	 16.0976 	 -0.380959 	 -0.921116
138 	 12.1675 	 16.1675 	 -0.350364 	 -0.905484
139 	 12.3239 	 16.3239 	 -0.364142 	 -0.934572
140 	 12.2126 	 16.2126 	 -0.347399 	 -0.90362
141 	 12.3427 	 16.3427 	 -0.338208 	 -0.93681
142 	 12.4028 	 16.4028 	 -0.296425 	 -0.865285
143 	 12.3715 	 16.3715 	 -0.327518 	 -0.876996
144 	 12.3275 	 16.3275 	 -0.248472 	 -0.909765
145 	 12.2998 	 16.2998 	 -0.44332 	 -0.769101
146 	 12.0593 	 16.0593 	 -0.345701 	 -0.946751
147 	 12.2422 	 16.2422 	 -0.389223 	 -0.864691
148 	 11.935 	 15.935 	 -0.259635 	 -0.941712
149 	 11.9638 	 15.9638 	 -0.267822 	 -0.859272
150 	 12.3243 	 16.3243 	 -0.306142 	 -0.83668
151 	 12.4188 	 16.4188 	 -0.399901 	 -0.830272
152 	 11.9812 	 15.9812 	 -0.286003 	 -0.994664
153 	 12.4487 	 16.4487 	 -0.255975 	 -0.964272
154 	 12.3113 	 16.3113 	 -0.339191 	 -0.999062
155 	 12.3263 	 16.3263 	 -0.320225 	 -0.949847
156 	 11.9742 	 15.9742 	 -0.317741 	 -0.929289
157 	 12.0963 	 16.0963 	 -0.282349 	 -0.950065
158 	 11.9832 	 15.9832 	 -0.282747 	 -0.960437
159 	 12.328 	 16.328 	 -0.32397 	 -0.93687
160 	 11.2488 	 15.2488 	 -0.230151 	 -1.05672
161 	 11.6679 	 15.6679 	 -0.304123 	 -1.06785
162 	 11.6199 	 15.6199 	 -0.232934 	 -1.00838
163 	 11.7128 	 15.7128 	 -0.375913 	 -0.901502
164 	 12.1903 	 16.1903 	 -0.343246 	 -0.934998
165 	 11.9435 	 15.9435 	 -0.303581 	 -0.934679
166 	 11.4519 	 15.4519 	 -0.213239 	 -1.01838
167 	 12.0481 	 16.0481 	 -0.302748 	 -1.01141
168 	 12.0545 	 16.0545 	 -0.360138 	 -0.960138
169 	 11.911 	 15.911 	 -0.261651 	 -0.931695
170 	 11.8647 	 15.8647 	 -0.329888 	 -0.977931
171 	 12.3359 	 16.3359 	 -0.339202 	 -0.894579
172 	 12.3912 	 16.3912 	 -0.326471 	 -0.848444
173 	 11.8932 	 15.8932 	 -0.346225 	 -0.992904
174 	 11.9865 	 15.9865 	 -0.271393 	 -0.953283
175 	 12.2305 	 16.2305 	 -0.37024 	 -0.958928
176 	 12.8452 	 16.8452 	 -0.25664 	 -0.907022
177 	 12.7345 	 16.7345 	 -0.376419 	 -0.953046
178 	 12.7803 	 16.7803 	 -0.318689 	 -0.93182
179 	 13.123 	 17.123 	 -0.342899 	 -0.903004
180 	 12.9555 	 16.9555 	 -0.33911 	 -0.979685
181 	 12.8804 	 16.8804 	 -0.346235 	 -0.954314
182 	 13.1671 	 17.1671 	 -0.323144 	 -0.946766
183 	 12.9307 	 16.9307 	 -0.236887 	 -0.923169
184 	 12.9647 	 16.9647 	 -0.31009 	 -0.855703
185 	 12.6723 	 16.6723 	 -0.2144 	 -1.01409
186 	 12.7295 	 16.7295 	 -0.251689 	 -0.974801
187 	 12.3397 	 16.3397 	 -0.383574 	 -0.973418
188 	 12.7043 	 16.7043 	 -0.273423 	 -0.954009
189 	 12.3793 	 16.3793 	 -0.195778 	 -0.957745
190 	 12.4 	 16.4 	 -0.324095 	 -0.977175
191 	 12.3993 	 16.3993 	 -0.260182 	 -0.986223
192 	 12.6836 	 16.6836 	 -0.371586 	 -1.04406
193 	 12.6036 	 16.6036 	 -0.449628 	 -1.0263
194 	 12.4933 	 16.4933 	 -0.26916 	 -1.08679
195 	 12.1961 	 16.1961 	 -0.425343 	 -0.986862
196 	 12.5959 	 16.5959 	 -0.280585 	 -1.06712
197 	 12.3301 	 16.3301 	 -0.346809 	 -1.1148
198 	 12.4977 	 16.4977 	 -0.476243 	 -0.949367
199 	 12.307 	 16.307 	 -0.396467 	 -0.98022
200 	 12.7305 	 16.7305 	 -0.387515 	 -0.950465
201 	 13.396 	 17.396 	 -0.372871 	 -0.882251
202 	 13.231 	 17.231 	 -0.376106 	 -1.01029
203 	 12.8663 	 16.8663 	 -0.310972 	 -1.00705
204 	 12.928 	 16.928 	 -0.316865 	 -1.03274
205 	 12.6622 	 16.6622 	 -0.442547 	 -0.926358
206 	 12.8362 	 16.8362 	 -0.306216 	 -1.05065
207 	 13.4071 	 17.4071 	 -0.398216 	 -0.947681
208 	 10.834 	 14.834 	 -0.354686 	 -0.979008
209 	 11.7323 	 15.7323 	 -0.321803 	 -0.979558
210 	 11.7861 	 15.7861 	 -0.288161 	 -0.952981
211 	 11.0041 	 15.0041 	 -0.180011 	 -1.01466
212 	 11.6466 	 15.6466 	 -0.215403 	 -0.963078
213 	 11.2058 	 15.2058 	 -0.228542 	 -1.04092
214 	 11.845 	 15.845 	 -0.291326 	 -0.878253
215 	 11.6782 	 15.6782 	 -0.247852 	 -0.976247
216 	 12.1795 	 16.1795 	 -0.3285 	 -0.998222
217 	 12.3171 	 16.3171 	 -0.297842 	 -0.891482
218 	 12.5818 	 16.5818 	 -0.281625 	 -0.931273
219 	 12.3457 	 16.3457 	 -0.347486 	 -0.9381
220 	 12.404 	 16.404 	 -0.311693 	 -0.937549
221 	 12.2818 	 16.2818 	 -0.315472 	 -0.864424
222 	 11.9115 	 15.9115 	 -0.252011 	 -0.902735
223 	 12.6156 	 16.6156 	 -0.320729 	 -0.997531
224 	 11.6618 	 15.6618 	 -0.294836 	 -0.917558
225 	 11.7034 	 15.7034 	 -0.290512 	 -1.00032
226 	 12.0024 	 16.0024 	 -0.287068 	 -0.895467
227 	 11.9185 	 15.9185 	 -0.285976 	 -0.862024
228 	 11.8636 	 15.8636 	 -0.235551 	 -0.911261
229 	 12.0879 	 16.0879 	 -0.366595 	 -0.923551
230 	 11.9086 	 15.9086 	 -0.391858 	 -0.939079
231 	 11.8594 	 15.8594 	 -0.24039 	 -0.959049
232 	 11.8792 	 15.8792 	 -0.309902 	 -0.938833
233 	 12.215 	 16.215 	 -0.374564 	 -0.945314
234 	 12.0338 	 16.0338 	 -0.251405 	 -0.872403
235 	 11.8786 	 15.8786 	 -0.320545 	 -0.952438
236 	 12.1854 	 16.1854 	 -0.364408 	 -0.951526
237 	 12.0676 	 16.0676 	 -0.36369 	 -0.861328
238 	 11.9978 	 15.9978 	 -0.294533 	 -0.867761
239 	 12.3547 	 16.3547 	 -0.326117 	 -0.898471
240 	 12.5691 	 16.5691 	 -0.333645 	 -0.956112
241 	 13.0437 	 17.0437 	 -0.276807 	 -0.89623
242 	 13.1127 	 17.1127 	 -0.273664 	 -0.969727
243 	 12.8109 	 16.8109 	 -0.379987 	 -0.967754
244 	 13.2077 	 17.2077 	 -0.368037 	 -0.957241
245 	 13.1258 	 17.1258 	 -0.353325 	 -0.952275
246 	 13.4848 	 17.4848 	 -0.363562 	 -0.806817
247 	 12.9952 	 16.9952 	 -0.294226 	 -0.879602
248 	 12.5059 	 16.5059 	 -0.35362 	 -0.8735
249 	 12.4809 	 16.4809 	 -0.309272 	 -0.923981
250 	 12.3469 	 16.3469 	 -0.260293 	 -1.02235
251 	 12.6928 	 16.6928 	 -0.374777 	 -0.899386
252 	 12.534 	 16.534 	 -0.318 	 -0.936476
253 	 12.21 	 16.21 	 -0.29704 	 -0.957046
254 	 12.8137 	 16.8137 	 -0.390398 	 -0.904523
255 	 12.5406 	 16.5406 	 -0.270284 	 -0.947848
256 	 12.7813 	 16.7813 	 -0.291208 	 -0.896311
257 	 12.7304 	 16.7304 	 -0.343053 	 -0.926728
258 	 12.5706 	 16.5706 	 -0.311294 	 -0.931312
259 	 12.6456 	 16.6456 	 -0.308668 	 -0.891665
260 	 12.9215 	 16.9215 	 -0.299633 	 -0.871379
261 	 12.5802 	 16.5802 	 -0.342193 	 -0.950947
262 	 12.7241 	 16.7241 	 -0.331938 	 -0.862661
263 	 12.8604 	 16.8604 	 -0.297067 	 -0.854764
264 	 12.3533 	 16.3533 	 -0.327053 	 -0.981076
265 	 11.7282 	 15.7282 	 -0.229123 	 -0.924244
266 	 11.8685 	 15.8685 	 -0.257142 	 -0.969864
267 	 11.6199 	 15.6199 	 -0.250902 	 -0.961949
268 	 11.6655 	 15.6655 	 -0.243441 	 -0.912027
269 	 11.7221 	 15.7221 	 -0.300325 	 -0.968287
270 	 11.9072 	 15.9072 	 -0.295516 	 -0.979278
271 	 11.7837 	 15.7837 	 -0.263718 	 -0.892967
272 	 12.0544 	 16.0544 	 -0.193607 	 -1.02143
273 	 12.2558 	 16.2558 	 -0.30913 	 -0.938751
274 	 12.291 	 16.291 	 -0.23494 	 -0.934882
275 	 12.5342 	 16.5342 	 -0.287626 	 -0.927975
276 	 12.4229 	 16.4229 	 -0.305773 	 -1.00291
277 	 12.0289 	 16.0289 	 -0.221381 	 -0.954189
278 	 12.0047 	 16.0047 	 -0.240482 	 -0.970141
279 	 12.3432 	 16.3432 	 -0.277863 	 -1.04734
280 	 11.6052 	 15.6052 	 -0.64744 	 -0.91385
281 	 12.0178 	 16.0178 	 -0.443556 	 -1.04618
282 	 12.2644 	 16.2644 	 -0.404738 	 -1.14474
283 	 12.0337 	 16.0337 	 -0.505264 	 -1.10631
284 	 12.4566 	 16.4566 	 -0.662242 	 -0.830578
285 	 12.1836 	 16.1836 	 -0.504784 	 -0.902762
286 	 12.0963 	 16.0963 	 -0.515423 	 -0.958993
287 	 12.4571 	 16.4571 	 -0.523397 	 -1.07793
288 	 12.0928 	 16.0928 	 -0.188991 	 -1.05776
289 	 11.797 	 15.797 	 -0.361787 	 -0.979265
290 	 11.6699 	 15.6699 	 -0.279402 	 -1.08408
291 	 11.5517 	 15.5517 	 -0.241143 	 -1.06531
292 	 11.3951 	 15.3951 	 -0.209344 	 -1.23698
293 	 11.9967 	 15.9967 	 -0.339644 	 -1.03938
294 	 11.469 	 15.469 	 -0.356048 	 -1.05222
295 	 11.6976 	 15.6976 	 -0.277163 	 -1.16368
296 	 12.8674 	 16.8674 	 -0.296761 	 -1.00741
297 	 12.8807 	 16.8807 	 -0.350346 	 -0.919738
298 	 12.9136 	 16.9136 	 -0.323792 	 -0.932793
299 	 12.5943 	 16.5943 	 -0.334567 	 -0.914916
300 	 12.8864 	 16.8864 	 -0.253039 	 -0.899484
301 	 12.5899 	 16.5899 	 -0.295425 	 -0.881406
302 	 12.5784 	 16.5784 	 -0.277344 	 -0.929686
303 	 12.631 	 16.631 	 -0.27003 	 -0.995189
304 	 12.1767 	 16.1767 	 -0.275393 	 -1.03127
305 	 12.6151 	 16.6151 	 -0.218427 	 -1.00673
306 	 12.814 	 16.814 	 -0.266969 	 -0.93043
307 	 12.923 	 16.923 	 -0.337109 	 -0.858424
308 	 12.2778 	 16.2778 	 -0.23948 	 -1.0355
309 	 12.615 	 16.615 	 -0.299159 	 -0.945786
310 	 12.4386 	 16.4386 	 -0.271246 	 -0.95993
311 	 12.4433 	 16.4433 	 -0.248266 	 -0.970201
312 	 12.4696 	 16.4696 	 -0.312625 	 -1.0314
313 	 12.6032 	 16.6032 	 -0.207476 	 -0.937442
314 	 13.0613 	 17.0613 	 -0.351449 	 -0.877958
315 	 13.3235 	 17.3235 	 -0.421239 	 -0.965305
316 	 13.076 	 17.076 	 -0.344617 	 -0.893173
317 	 13.1065 	 17.1065 	 -0.319736 	 -0.897164
318 	 13.2297 	 17.2297 	 -0.34998 	 -0.967488
319 	 12.7609 	 16.7609 	 -0.361825 	 -0.975404
320 	 12.6022 	 16.6022 	 -0.255917 	 -0.882302
321 	 12.7673 	 16.7673 	 -0.304131 	 -0.894142
322 	 12.7222 	 16.7222 	 -0.264795 	 -0.919871
323 	 12.302 	 16.302 	 -0.295808 	 -0.922736
324 	 12.3358 	 16.3358 	 -0.315293 	 -0.987192
325 	 12.6474 	 16.6474 	 -0.331287 	 -0.913477
326 	 12.8132 	 16.8132 	 -0.305378 	 -0.90643
327 	 13.1159 	 17.1159 	 -0.366386 	 -0.960612
328 	 12.7929 	 16.7929 	 -0.343745 	 -0.795294
329 	 12.7577 	 16.7577 	 -0.316802 	 -0.874692
330 	 13.0204 	 17.0204 	 -0.293217 	 -0.848809
331 	 13.1479 	 17.1479 	 -0.404378 	 -0.83115
332 	 12.9566 	 16.9566 	 -0.373426 	 -0.884297
333 	 12.6847 	 16.6847 	 -0.309162 	 -0.840807
334 	 12.6261 	 16.6261 	 -0.333197 	 -0.846593
335 	 12.294 	 16.294 	 -0.308478 	 -0.975171
336 	 12.6932 	 16.6932 	 -0.326842 	 -0.960758
337 	 12.7189 	 16.7189 	 -0.387203 	 -0.976789
338 	 13.0777 	 17.0777 	 -0.334423 	 -0.898728
339 	 12.5246 	 16.5246 	 -0.352325 	 -0.952876
340 	 12.6319 	 16.6319 	 -0.295353 	 -0.945311
341 	 12.5292 	 16.5292 	 -0.329221 	 -0.982395
342 	 12.5833 	 16.5833 	 -0.402114 	 -0.963118
343 	 12.8563 	 16.8563 	 -0.369584 	 -0.882619
344 	 13.1585 	 17.1585 	 -0.360637 	 -0.949613
345 	 13.1965 	 17.1965 	 -0.324882 	 -0.996751
346 	 12.7119 	 16.7119 	 -0.350401 	 -0.90918
347 	 13.3716 	 17.3716 	 -0.319785 	 -0.918118
348 	 12.7958 	 16.7958 	 -0.31009 	 -0.925645
349 	 12.6171 	 16.6171 	 -0.280917 	 -0.935437
350 	 12.535 	 16.535 	 -0.266949 	 -0.929528
351 	 12.7811 	 16.7811 	 -0.262612 	 -0.943102
352 	 13.3698 	 17.3698 	 -0.297083 	 -0.958825
353 	 13.2641 	 17.2641 	 -0.260972 	 -0.928715
354 	 13.6957 	 17.6957 	 -0.253481 	 -0.882208
355 	 13.1575 	 17.1575 	 -0.25626 	 -0.923977
356 	 13.442 	 17.442 	 -0.340327 	 -1.01287
357 	 13.4469 	 17.4469 	 -0.271279 	 -1.05195
358 	 13.4482 	 17.4482 	 -0.349893 	 -1.01497
359 	 13.8336 	 17.8336 	 -0.296952 	 -0.885232
360 	 12.2263 	 16.2263 	 -0.317176 	 -1.02511
361 	 12.4676 	 16.4676 	 -0.374144 	 -0.967801
362 	 12.2391 	 16.2391 	 -0.209413 	 -0.966873
363 	 12.2708 	 16.2708 	 -0.312908 	 -0.949261
364 	 12.3414 	 16.3414 	 -0.266477 	 -0.964906
365 	 12.1558 	 16.1558 	 -0.307078 	 -1.04515
366 	 11.9863 	 15.9863 	 -0.304407 	 -0.983672
367 	 12.63 	 16.63 	 -0.313723 	 -0.901615
368 	 12.3555 	 16.3555 	 -0.230447 	 -1.1503
369 	 12.6031 	 16.6031 	 -0.365124 	 -1.14725
370 	 12.5658 	 16.5658 	 -0.186457 	 -1.16791
371 	 12.0483 	 16.0483 	 -0.598569 	 -1.18807
372 	 12.6615 	 16.6615 	 -0.272213 	 -1.14869
373 	 12.4376 	 16.4376 	 -0.304649 	 -1.20055
374 	 12.4005 	 16.4005 	 -0.0829693 	 -1.38749
375 	 12.672 	 16.672 	 -0.452111 	 -1.09406
376 	 12.0988 	 16.0988 	 -0.348994 	 -0.935346
377 	 11.7861 	 15.7861 	 -0.417606 	 -0.872693
378 	 12.0183 	 16.0183 	 -0.339135 	 -0.97483
379 	 11.8869 	 15.8869 	 -0.395937 	 -0.961056
380 	 12.4833 	 16.4833 	 -0.418833 	 -0.852929
381 	 12.1434 	 16.1434 	 -0.521467 	 -0.907316
382 	 12.1014 	 16.1014 	 -0.355832 	 -0.949008
383 	 12.5271 	 16.5271 	 -0.385435 	 -0.915501
384 	 13.0199 	 17.0199 	 -0.335341 	 -0.91398
385 	 12.8536 	 16.8536 	 -0.254883 	 -0.896699
386 	 12.7563 	 16.7563 	 -0.297179 	 -0.940226
387 	 12.7179 	 16.7179 	 -0.300275 	 -0.912224
388 	 12.7618 	 16.7618 	 -0.306598 	 -0.961519
389 	 12.9301 	 16.9301 	 -0.401286 	 -0.947561
390 	 12.6958 	 16.6958 	 -0.334358 	 -0.939745
391 	 12.8279 	 16.8279 	 -0.338068 	 -0.892483
392 	 12.5831 	 16.5831 	 -0.354508 	 -0.901064
393 	 13.0201 	 17.0201 	 -0.422849 	 -0.948198
394 	 12.7061 	 16.7061 	 -0.351493 	 -0.969557
395 	 12.4828 	 16.4828 	 -0.348793 	 -0.996561
396 	 12.83 	 16.83 	 -0.360501 	 -1.0227
397 	 13.0186 	 17.0186 	 -0.400259 	 -0.818698
398 	 12.9788 	 16.9788 	 -0.397778 	 -0.961844
399 	 12.652 	 16.652 	 -0.343152 	 -0.872821
400 	 13.2046 	 17.2046 	 -0.300087 	 -0.960841
401 	 13.6124 	 17.6124 	 -0.310485 	 -0.876142
402 	 13.3363 	 17.3363 	 -0.386072 	 -0.892938
403 	 13.1665 	 17.1665 	 -0.33251 	 -0.911512
404 	 13.3036 	 17.3036 	 -0.286049 	 -0.970518
405 	 13.4321 	 17.4321 	 -0.347822 	 -0.986868
406 	 13.3934 	 17.3934 	 -0.288828 	 -0.931054
407 	 13.6947 	 17.6947 	 -0.293358 	 -0.90052
408 	 12.1021 	 16.1021 	 -0.387323 	 -0.945853
409 	 11.8402 	 15.8402 	 -0.376963 	 -0.922932
410 	 11.9994 	 15.9994 	 -0.371945 	 -0.9373
411 	 11.9723 	 15.9723 	 -0.258659 	 -0.913252
412 	 12.2052 	 16.2052 	 -0.308455 	 -0.872132
413 	 12.3076 	 16.3076 	 -0.361076 	 -0.884703
414 	 11.9906 	 15.9906 	 -0.301776 	 -0.849282
415 	 12.5959 	 16.5959 	 -0.370326 	 -0.960715
416 	 11.6547 	 15.6547 	 -0.416496 	 -0.944469
417 	 12.0138 	 16.0138 	 -0.320255 	 -0.929178
418 	 11.6839 	 15.6839 	 -0.287486 	 -0.906413
419 	 11.442 	 15.442 	 -0.219635 	 -0.920718
420 	 11.6866 	 15.6866 	 -0.340527 	 -0.942502
421 	 11.7251 	 15.7251 	 -0.225567 	 -0.955694
422 	 11.7103 	 15.7103 	 -0.355283 	 -0.920828
423 	 11.831 	 15.831 	 -0.30069 	 -0.913432
424 	 11.7715 	 15.7715 	 -0.35314 	 -0.945549
425 	 11.7619 	 15.7619 	 -0.288782 	 -0.904824
426 	 12.2175 	 16.2175 	 -0.405203 	 -0.935162
427 	 11.6115 	 15.6115 	 -0.357337 	 -0.952079
428 	 11.8988 	 15.8988 	 -0.298131 	 -0.969145
429 	 11.6636 	 15.6636 	 -0.320049 	 -0.961385
430 	 11.8992 	 15.8992 	 -0.378095 	 -0.988061
431 	 11.798 	 15.798 	 -0.336893 	 -0.915594
432 	 11.1449 	 15.1449 	 -0.30757 	 -0.963286
433 	 11.6026 	 15.6026 	 -0.292368 	 -0.917392
434 	 11.7389 	 15.7389 	 -0.328321 	 -0.994693
435 	 11.8014 	 15.8014 	 -0.257128 	 -0.940887
436 	 11.7259 	 15.7259 	 -0.253666 	 -0.947722
437 	 12.1172 	 16.1172 	 -0.249551 	 -1.03924
438 	 11.8447 	 15.8447 	 -0.277251 	 -0.926533
439 	 11.9686 	 15.9686 	 -0.292788 	 -0.884914
440 	 12.5434 	 16.5434 	 -0.326577 	 -1.0443
441 	 12.6403 	 16.6403 	 -0.315699 	 -0.927307
442 	 12.7552 	 16.7552 	 -0.301156 	 -0.860315
443 	 12.8448 	 16.8448 	 -0.422498 	 -0.934032
444 	 12.6067 	 16.6067 	 -0.395159 	 -0.860663
445 	 12.9899 	 16.9899 	 -0.449535 	 -0.914194
446 	 12.5419 	 16.5419 	 -0.333854 	 -0.999174
447 	 12.7887 	 16.7887 	 -0.329343 	 -0.861368
448 	 12.7012 	 16.7012 	 -0.280609 	 -0.921689
449 	 12.398 	 16.398 	 -0.383294 	 -0.947843
450 	 12.9473 	 16.9473 	 -0.297474 	 -0.915872
451 	 12.8994 	 16.8994 	 -0.37912 	 -1.00474
452 	 12.9965 	 16.9965 	 -0.353286 	 -0.938025
453 	 12.6853 	 16.6853 	 -0.322401 	 -0.96261
454 	 12.5474 	 16.5474 	 -0.327868 	 -1.01155
455 	 12.9428 	 16.9428 	 -0.349305 	 -0.846157
456 	 12.0476 	 16.0476 	 -0.357639 	 -0.980212
457 	 12.3281 	 16.3281 	 -0.420742 	 -0.91821
458 	 12.048 	 16.048 	 -0.401751 	 -0.989677
459 	 11.7383 	 15.7383 	 -0.333052 	 -0.877849
460 	 12.1214 	 16.1214 	 -0.366666 	 -0.88635
461 	 12.012 	 16.012 	 -0.283909 	 -0.968948
462 	 12.0287 	 16.0287 	 -0.370041 	 -0.966892
463 	 12.4349 	 16.4349 	 -0.444286 	 -0.955563
464 	 12.4207 	 16.4207 	 -0.35944 	 -0.919563
465 	 12.5767 	 16.5767 	 -0.36438 	 -0.984888
466 	 12.6474 	 16.6474 	 -0.360762 	 -0.957367
467 	 12.3422 	 16.3422 	 -0.371714 	 -0.932155
468 	 12.6381 	 16.6381 	 -0.379218 	 -0.911129
469 	 12.1863 	 16.1863 	 -0.293423 	 -0.981491
470 	 12.5222 	 16.5222 	 -0.344805 	 -0.949904
471 	 12.6854 	 16.6854 	 -0.390056 	 -0.9451
472 	 12.2392 	 16.2392 	 -0.397191 	 -0.851057
473 	 11.5488 	 15.5488 	 -0.260765 	 -0.917578
474 	 11.2059 	 15.2059 	 -0.336954 	 -1.03785
475 	 11.985 	 15.985 	 -0.344844 	 -0.873453
476 	 11.269 	 15.269 	 -0.225751 	 -0.912537
477 	 11.789 	 15.789 	 -0.339037 	 -0.965619
478 	 12.0496 	 16.0496 	 -0.382817 	 -0.974943
479 	 10.9395 	 14.9395 	 -0.257981 	 -1.05168
480 	 13.5972 	 17.5972 	 -0.32177 	 -0.978968
481 	 12.9668 	 16.9668 	 -0.336973 	 -0.940355
482 	 12.9487 	 16.9487 	 -0.24247 	 -1.01312
483 	 13.368 	 17.368 	 -0.292433 	 -0.977154
484 	 13.1081 	 17.1081 	 -0.281348 	 -0.916519
485 	 12.7555 	 16.7555 	 -0.229594 	 -1.0179
486 	 13.0361 	 17.0361 	 -0.303496 	 -0.949166
487 	 12.7786 	 16.7786 	 -0.260332 	 -0.958851
488 	 12.494 	 16.494 	 1.4039 	 0.603493
489 	 12.4026 	 16.4026 	 1.32163 	 0.746061
490 	 12.4273 	 16.4273 	 1.756 	 1.08989
491 	 12.2163 	 16.2163 	 1.58685 	 0.128629
492 	 12.6023 	 16.6023 	 1.47337 	 0.884206
493 	 12.0835 	 16.0835 	 1.05135 	 0.368936
494 	 12.2994 	 16.2994 	 1.33831 	 0.49584
495 	 12.374 	 16.374 	 1.63197 	 0.875175
496 	 11.4911 	 15.4911 	 1.75416 	 1.1912
497 	 12.5299 	 16.5299 	 1.69258 	 1.05415
498 	 11.7745 	 15.7745 	 1.87954 	 1.24959
499 	 11.2495 	 15.2495 	 1.44614 	 1.87178
500 	 11.9625 	 15.9625 	 1.41599 	 1.03548
501 	 11.4479 	 15.4479 	 1.12337 	 2.13551
502 	 11.9458 	 15.9458 	 1.7554 	 1.21082
503 	 12.4978 	 16.4978 	 1.6512 	 0.892717
504 	 11.9349 	 15.9349 	 1.59897 	 0.999559
505 	 11.9397 	 15.9397 	 1.79267 	 1.25814
506 	 12.402 	 16.402 	 1.39716 	 0.807451
507 	 11.6937 	 15.6937 	 1.34342 	 0.508873
508 	 12.3733 	 16.3733 	 1.48516 	 0.844345
509 	 12.0957 	 16.0957 	 1.73072 	 1.0966
510 	 12.1081 	 16.1081 	 1.77718 	 1.1406
511 	 12.0922 	 16.0922 	 1.47773 	 0.838363
512 	 11.3144 	 15.3144 	 1.87241 	 1.28386
513 	 11.682 	 15.682 	 2.02808 	 1.51205
514 	 11.6047 	 15.6047 	 1.64563 	 0.956768
515 	 11.5944 	 15.5944 	 1.96662 	 1.34829
516 	 11.9118 	 15.9118 	 1.7579 	 0.981587
517 	 11.5841 	 15.5841 	 1.68961 	 0.987934
518 	 11.3811 	 15.3811 	 1.96871 	 1.20901
519 	 11.4149 	 15.4149 	 1.86996 	 1.0789
520 	 12.6493 	 16.6493 	 1.63228 	 1.03437
521 	 12.5956 	 16.5956 	 1.79597 	 1.16787
522 	 12.4671 	 16.4671 	 1.8258 	 1.1138
523 	 12.7435 	 16.7435 	 1.45316 	 0.907898
524 	 12.8462 	 16.8462 	 1.77597 	 1.06891
525 	 12.6389 	 16.6389 	 1.39665 	 0.72114
526 	 12.692 	 16.692 	 1.49999 	 0.962782
527 	 12.7372 	 16.7372 	 1.99539 	 1.26798
528 	 12.3993 	 16.3993 	 2.12205 	 1.71027
529 	 12.8621 	 16.8621 	 2.03659 	 1.45943
530 	 12.3961 	 16.3961 	 2.00545 	 1.33864
531 	 12.4498 	 16.4498 	 1.80829 	 1.17686
532 	 12.6144 	 16.6144 	 1.83484 	 1.14005
533 	 12.2638 	 16.2638 	 2.11836 	 1.42833
534 	 12.5297 	 16.5297 	 2.085 	 1.69672
535 	 12.4742 	 16.4742 	 2.07058 	 1.65908
536 	 11.5401 	 15.5401 	 2.04224 	 2.05284
537 	 11.808 	 15.808 	 2.08653 	 1.58749
538 	 12.0591 	 16.0591 	 1.87632 	 1.19128
539 	 11.7128 	 15.7128 	 1.98126 	 2.04942
540 	 11.898 	 15.898 	 1.9653 	 1.31363
541 	 12.3928 	 16.3928 	 1.89241 	 1.26543
542 	 12.1124 	 16.1124 	 2.02267 	 1.51193
543 	 11.7871 	 15.7871 	 2.01441 	 2.01737
544 	 11.6568 	 15.6568 	 2.14381 	 1.43511
545 	 12.4252 	 16.4252 	 1.91798 	 1.33346
546 	 12.1609 	 16.1609 	 2.10346 	 1.65869
547 	 11.4657 	 15.4657 	 2.05987 	 1.93278
548 	 12.1695 	 16.1695 	 2.11796 	 1.52743
549 	 11.9035 	 15.9035 	 2.05845 	 1.40412
550 	 12.4666 	 16.4666 	 2.07808 	 1.52546
551 	 11.7583 	 15.7583 	 2.04934 	 1.96219
552 	 12.297 	 16.297 	 2.09869 	 1.28723
553 	 12.4519 	 16.4519 	 2.04402 	 2.0166
554 	 12.4697 	 16.4697 	 2.07038 	 1.97369
555 	 12.5745 	 16.5745 	 2.08858 	 1.28637
556 	 11.9028 	 15.9028 	 2.05246 	 1.9949
557 	 12.4394 	 16.4394 	 2.13469 	 1.42394
558 	 12.4733 	 16.4733 	 2.08786 	 1.86172
559 	 12.323 	 16.323 	 2.10883 	 1.77256
560 	 11.0606 	 15.0606 	 2.12484 	 1.46826
561 	 10.6411 	 14.6411 	 2.03278 	 1.19225
562 	 11.3705 	 15.3705 	 2.14205 	 1.74994
563 	 11.0057 	 15.0057 	 1.82168 	 1.05265
564 	 10.6979 	 14.6979 	 2.08843 	 1.93146
565 	 11.1407 	 15.1407 	 2.1075 	 1.50061
566 	 10.9066 	 14.9066 	 1.95416 	 1.27279
567 	 11.2502 	 15.2502 	 2.04153 	 2.01466
568 	 12.0561 	 16.0561 	 1.66514 	 0.915009
569 	 12.5205 	 16.5205 	 1.76433 	 1.03432
570 	 12.566 	 16.566 	 1.38992 	 0.72142
571 	 12.0795 	 16.0795 	 1.67449 	 0.831446
572 	 12.2728 	 16.2728 	 1.5266 	 0.789034
573 	 12.1889 	 16.1889 	 2.09688 	 1.37914
574 	 12.4507 	 16.4507 	 1.54892 	 0.859618
575 	 12.1364 	 16.1364 	 1.83411 	 0.971867
576 	 12.2559 	 16.2559 	 1.76851 	 1.182
577 	 12.2033 	 16.2033 	 2.04437 	 1.2471
578 	 13.0116 	 17.0116 	 1.89502 	 1.32148
579 	 12.7036 	 16.7036 	 1.74472 	 1.17371
580 	 11.9492 	 15.9492 	 2.15774 	 1.4996
581 	 12.7135 	 16.7135 	 1.98367 	 1.39536
582 	 12.5849 	 16.5849 	 1.87552 	 1.29199
583 	 11.9147 	 15.9147 	 2.09145 	 1.41163
584 	 12.1827 	 16.1827 	 1.4691 	 0.63153
585 	 12.6309 	 16.6309 	 1.52004 	 0.756034
586 	 8.44667 	 12.4467 	 16.4609 	 -8.73905
587 	 12.232 	 16.232 	 1.06362 	 0.606848
588 	 11.8523 	 15.8523 	 1.20129 	 0.479863
589 	 12.4316 	 16.4316 	 1.43189 	 0.357749
590 	 11.968 	 15.968 	 1.44307 	 0.45619
591 	 11.9546 	 15.9546 	 1.27019 	 0.506446
592 	 11.2978 	 15.2978 	 2.0801 	 1.15215
593 	 10.7578 	 14.7578 	 1.87069 	 1.07286
594 	 11.5815 	 15.5815 	 1.921 	 1.55827
595 	 11.886 	 15.886 	 1.1965 	 1.38584
596 	 11.2885 	 15.2885 	 1.59855 	 1.82701
597 	 11.7125 	 15.7125 	 1.71983 	 1.30841
598 	 11.1891 	 15.1891 	 1.76878 	 0.618996
599 	 11.4954 	 15.4954 	 1.93657 	 1.21272
600 	 12.8413 	 16.8413 	 1.87599 	 1.40797
601 	 12.5449 	 16.5449 	 1.34347 	 0.801813
602 	 13.0919 	 17.0919 	 1.95023 	 1.62057
603 	 11.943 	 15.943 	 1.97278 	 1.35499
604 	 12.7766 	 16.7766 	 1.78861 	 1.22452
605 	 12.8149 	 16.8149 	 0.845972 	 0.605195
606 	 12.4641 	 16.4641 	 1.96162 	 1.74398
607 	 12.9375 	 16.9375 	 1.77759 	 1.37089
608 	 11.4986 	 15.4986 	 1.82688 	 1.14026
609 	 11.8448 	 15.8448 	 1.97328 	 1.29115
610 	 12.5234 	 16.5234 	 1.87182 	 1.2331
611 	 11.5097 	 15.5097 	 2.02045 	 1.43863
612 	 12.4372 	 16.4372 	 1.94031 	 1.21907
613 	 11.7573 	 15.7573 	 1.66771 	 1.013
614 	 12.0631 	 16.0631 	 2.03608 	 1.38673
615 	 11.9757 	 15.9757 	 2.0232 	 1.398
616 	 12.5056 	 16.5056 	 1.41816 	 0.712553
617 	 13.4799 	 17.4799 	 1.44859 	 0.846916
618 	 13.6431 	 17.6431 	 1.5252 	 0.974729
619 	 12.9221 	 16.9221 	 1.43182 	 0.781978
620 	 13.2917 	 17.2917 	 1.58703 	 0.872818
621 	 12.9812 	 16.9812 	 1.41573 	 0.819562
622 	 13.4536 	 17.4536 	 1.60459 	 1.09136
623 	 12.9607 	 16.9607 	 1.52817 	 0.892946
624 	 11.3846 	 15.3846 	 2.1076 	 1.52014
625 	 11.5656 	 15.5656 	 1.9876 	 1.331
626 	 11.5573 	 15.5573 	 1.70529 	 1.07958
627 	 11.1279 	 15.1279 	 2.12595 	 1.48176
628 	 11.5329 	 15.5329 	 2.08471 	 1.56387
629 	 11.4498 	 15.4498 	 2.1026 	 1.90495
630 	 11.3167 	 15.3167 	 2.00753 	 1.28554
631 	 11.9185 	 15.9185 	 2.00561 	 1.36895
632 	 11.6913 	 15.6913 	 1.66605 	 1.04988
633 	 12.0197 	 16.0197 	 2.11364 	 1.86639
634 	 11.999 	 15.999 	 2.11184 	 1.85148
635 	 11.8618 	 15.8618 	 1.90713 	 1.29369
636 	 12.3617 	 16.3617 	 2.09589 	 1.78428
637 	 12.0039 	 16.0039 	 1.77973 	 1.14981
638 	 11.7836 	 15.7836 	 2.07111 	 1.44047
639 	 12.2687 	 16.2687 	 2.05801 	 1.40302
640 	 12.7379 	 16.7379 	 1.68491 	 0.968551
641 	 12.4472 	 16.4472 	 1.97348 	 1.40338
642 	 12.6363 	 16.6363 	 2.10709 	 1.8837
643 	 12.4605 	 16.4605 	 2.00815 	 1.37357
644 	 12.7868 	 16.7868 	 2.14196 	 1.78734
645 	 12.9121 	 16.9121 	 2.11409 	 1.72736
646 	 13.3418 	 17.3418 	 2.10083 	 1.87404
647 	 12.7843 	 16.7843 	 2.1082 	 1.45049
648 	 11.9028 	 15.9028 	 1.7917 	 0.990759
649 	 12.1922 	 16.1922 	 2.1153 	 1.8436
650 	 12.1614 	 16.1614 	 2.08286 	 1.17018
651 	 12.2079 	 16.2079 	 1.66987 	 0.926464
652 	 9.10652 	 13.1065 	 -1.74126 	 2.11291
653 	 12.113 	 16.113 	 1.95851 	 1.22212
654 	 12.2576 	 16.2576 	 2.01306 	 1.30236
655 	 11.8819 	 15.8819 	 2.07351 	 1.43276
656 	 11.8509 	 15.8509 	 2.14041 	 1.71348
657 	 12.1281 	 16.1281 	 2.11288 	 1.56901
658 	 12.2701 	 16.2701 	 2.04418 	 1.44877
659 	 11.8643 	 15.8643 	 2.12294 	 1.51622
660 	 11.7353 	 15.7353 	 2.15272 	 1.52047
661 	 12.6752 	 16.6752 	 1.97278 	 1.41404
662 	 11.9887 	 15.9887 	 2.13124 	 1.69607
663 	 11.7741 	 15.7741 	 2.12277 	 1.81141
664 	 11.7714 	 15.7714 	 0.314009 	 0.876899
665 	 12.5683 	 16.5683 	 2.03123 	 1.41734
666 	 12.448 	 16.448 	 2.10708 	 1.87821
667 	 12.1463 	 16.1463 	 1.71945 	 1.00519
668 	 12.1261 	 16.1261 	 2.04598 	 2.04427
669 	 11.679 	 15.679 	 2.13293 	 1.63189
670 	 12.3909 	 16.3909 	 1.83161 	 1.17468
671 	 12.4753 	 16.4753 	 2.12895 	 1.49369
672 	 11.6774 	 15.6774 	 2.12676 	 1.42051
673 	 11.9802 	 15.9802 	 1.98516 	 1.27598
674 	 12.2709 	 16.2709 	 1.82159 	 1.14187
675 	 12.1575 	 16.1575 	 1.99381 	 1.28789
676 	 12.1187 	 16.1187 	 2.15592 	 1.5485
677 	 12.2273 	 16.2273 	 1.92998 	 1.20545
678 	 11.7907 	 15.7907 	 1.74226 	 0.983551
679 	 12.0184 	 16.0184 	 1.73648 	 1.05722
680 	 12.2137 	 16.2137 	 1.53048 	 0.877539
681 	 12.5069 	 16.5069 	 1.62335 	 0.969869
682 	 12.7057 	 16.7057 	 1.37297 	 0.987733
683 	 12.9003 	 16.9003 	 1.59772 	 1.16822
684 	 12.5819 	 16.5819 	 1.54852 	 0.991431
685 	 12.3729 	 16.3729 	 1.48232 	 0.827511
686 	 12.3147 	 16.3147 	 1.33656 	 1.15008
687 	 12.3674 	 16.3674 	 1.19973 	 0.804769
688 	 11.2143 	 15.2143 	 2.10469 	 0.836975
689 	 11.1188 	 15.1188 	 1.42277 	 1.15582
690 	 12.2361 	 16.2361 	 1.6918 	 1.22649
691 	 11.3923 	 15.3923 	 1.80371 	 1.02798
692 	 11.8026 	 15.8026 	 1.82749 	 1.39624
693 	 11.5861 	 15.5861 	 1.78142 	 1.06094
694 	 11.2686 	 15.2686 	 1.98876 	 1.15027
695 	 11.7536 	 15.7536 	 1.36485 	 1.01132
696 	 12.2795 	 16.2795 	 1.75457 	 1.15995
697 	 12.6884 	 16.6884 	 1.84679 	 1.15092
698 	 12.859 	 16.859 	 1.98805 	 1.63082
699 	 11.9544 	 15.9544 	 1.60258 	 0.871963
700 	 12.1369 	 16.1369 	 1.42696 	 0.661908
701 	 12.2366 	 16.2366 	 1.44447 	 0.809815
702 	 12.1506 	 16.1506 	 1.45456 	 0.874572
703 	 12.2244 	 16.2244 	 1.55671 	 0.964717
704 	 13.0702 	 17.0702 	 1.67081 	 1.04561
705 	 12.695 	 16.695 	 1.04422 	 0.558649
706 	 12.9862 	 16.9862 	 1.40949 	 0.848285
707 	 12.788 	 16.788 	 1.48957 	 0.891519
708 	 12.4366 	 16.4366 	 1.82457 	 1.07634
709 	 12.2304 	 16.2304 	 1.76086 	 1.18803
710 	 12.4802 	 16.4802 	 1.77563 	 1.17159
711 	 12.7077 	 16.7077 	 1.93032 	 1.42081
712 	 12.3674 	 16.3674 	 1.7622 	 0.986063
713 	 12.3603 	 16.3603 	 1.27309 	 0.804804
714 	 12.1793 	 16.1793 	 1.77892 	 1.23747
715 	 12.202 	 16.202 	 1.74953 	 1.14936
716 	 11.7929 	 15.7929 	 1.66966 	 1.09905
717 	 12.117 	 16.117 	 1.6544 	 1.06019
718 	 12.4888 	 16.4888 	 1.69878 	 1.09941
719 	 12.292 	 16.292 	 1.89929 	 1.30423
720 	 11.603 	 15.603 	 1.71417 	 1.06052
721 	 11.9521 	 15.9521 	 1.944 	 1.30275
722 	 11.8031 	 15.8031 	 1.70208 	 0.996215
723 	 11.4451 	 15.4451 	 1.90264 	 1.13176
724 	 11.7362 	 15.7362 	 1.87385 	 1.28669
725 	 11.7017 	 15.7017 	 1.73311 	 1.05888
726 	 11.8653 	 15.8653 	 1.7923 	 1.07939
727 	 11.4163 	 15.4163 	 1.84249 	 1.0713
728 	 12.351 	 16.351 	 2.02455 	 1.36061
729 	 12.5817 	 16.5817 	 2.0482 	 1.41521
730 	 12.7128 	 16.7128 	 1.98347 	 1.40065
731 	 12.3893 	 16.3893 	 2.09017 	 1.57462
732 	 12.777 	 16.777 	 1.88151 	 1.20673
733 	 12.1828 	 16.1828 	 2.14328 	 1.73243
734 	 11.775 	 15.775 	 2.088 	 1.39607
735 	 12.5404 	 16.5404 	 1.84776 	 1.22382
736 	 11.7584 	 15.7584 	 2.13707 	 1.529
737 	 12.1603 	 16.1603 	 2.08846 	 1.49623
738 	 12.4411 	 16.4411 	 1.94641 	 1.23601
739 	 12.0131 	 16.0131 	 2.14327 	 1.71282
740 	 12.0088 	 16.0088 	 1.40926 	 0.661756
741 	 12.2545 	 16.2545 	 2.06184 	 1.36158
742 	 12.1635 	 16.1635 	 2.13569 	 1.50107
743 	 11.7542 	 15.7542 	 2.12246 	 1.49601
744 	 11.9592 	 15.9592 	 2.146 	 1.42444
745 	 12.4047 	 16.4047 	 1.75455 	 1.1229
746 	 12.5261 	 16.5261 	 1.53086 	 0.875631
747 	 12.3412 	 16.3412 	 1.92795 	 1.12298
748 	 12.4442 	 16.4442 	 1.78842 	 1.03149
749 	 12.4798 	 16.4798 	 2.0572 	 1.37002
750 	 12.0948 	 16.0948 	 2.12377 	 1.6802
751 	 12.437 	 16.437 	 1.72222 	 0.944227
752 	 11.9183 	 15.9183 	 2.04072 	 1.37805
753 	 11.6605 	 15.6605 	 2.15027 	 1.6189
754 	 12.2745 	 16.2745 	 1.90723 	 1.25901
755 	 11.7418 	 15.7418 	 2.12136 	 1.48634
756 	 11.9774 	 15.9774 	 2.07836 	 1.3739
757 	 12.1779 	 16.1779 	 2.12237 	 1.66998
758 	 12.0296 	 16.0296 	 2.09363 	 1.48628
759 	 12.152 	 16.152 	 2.15727 	 1.52216
760 	 12.0453 	 16.0453 	 1.96769 	 1.18711
761 	 12.6019 	 16.6019 	 2.11651 	 1.75899
762 	 12.5804 	 16.5804 	 2.13448 	 1.56295
763 	 12.143 	 16.143 	 2.09818 	 1.48174
764 	 12.2054 	 16.2054 	 2.1219 	 1.81614
765 	 12.4297 	 16.4297 	 2.02506 	 1.43481
766 	 12.5186 	 16.5186 	 1.99193 	 1.33895
767 	 12.6936 	 16.6936 	 2.04698 	 1.3827
768 	 -2 	 2 	 0 	 0
769 	 12.8049 	 16.8049 	 0.891103 	 0.653929
770 	 12.9984 	 16.9984 	 1.09934 	 0.404544
771 	 12.84 	 16.84 	 1.13762 	 1.06882
772 	 12.8195 	 16.8195 	 1.7162 	 0.708107
773 	 12.7562 	 16.7562 	 1.61227 	 1.07413
774 	 12.5057 	 16.5057 	 1.22331 	 0.729863
775 	 12.6922 	 16.6922 	 1.53168 	 0.488493
776 	 12.0575 	 16.0575 	 1.65566 	 1.04254
777 	 12.1909 	 16.1909 	 1.39232 	 1.72542
778 	 11.9291 	 15.9291 	 1.87079 	 1.18839
779 	 11.9622 	 15.9622 	 1.62776 	 1.11485
780 	 12.111 	 16.111 	 1.6388 	 0.918016
781 	 11.9228 	 15.9228 	 1.29653 	 1.31068
782 	 12.1336 	 16.1336 	 1.66615 	 1.18012
783 	 11.8729 	 15.8729 	 1.85167 	 1.22851
784 	 11.9444 	 15.9444 	 1.46965 	 0.926218
785 	 12.3286 	 16.3286 	 1.34693 	 0.865224
786 	 11.6855 	 15.6855 	 1.63199 	 1.15964
787 	 11.4496 	 15.4496 	 1.55063 	 0.76499
788 	 11.3957 	 15.3957 	 1.5891 	 0.943725
789 	 11.4046 	 15.4046 	 1.2339 	 0.550636
790 	 11.7768 	 15.7768 	 1.4202 	 0.761364
791 	 11.7698 	 15.7698 	 1.47959 	 0.841121
792 	 11.9982 	 15.9982 	 1.92854 	 1.29075
793 	 12.1913 	 16.1913 	 1.60842 	 0.871975
794 	 12.0915 	 16.0915 	 1.44483 	 0.923567
795 	 11.598 	 15.598 	 2.02322 	 1.56281
796 	 12.2407 	 16.2407 	 1.43269 	 0.786064
797 	 12.4474 	 16.4474 	 1.7833 	 1.15878
798 	 11.9183 	 15.9183 	 1.68964 	 0.780373
799 	 12.1575 	 16.1575 	 1.30265 	 0.598575
800 	 12.1753 	 16.1753 	 1.87576 	 1.21026
801 	 12.3381 	 16.3381 	 2.04255 	 1.435
802 	 9.33856 	 13.3386 	 2.0069 	 1.46714
803 	 12.4442 	 16.4442 	 1.99304 	 1.36464
804 	 12.5383 	 16.5383 	 1.83683 	 1.22098
805 	 12.7546 	 16.7546 	 1.04285 	 0.545214
806 	 12.4117 	 16.4117 	 2.04664 	 1.52052
807 	 12.5241 	 16.5241 	 2.07989 	 1.47359
808 	 12.5697 	 16.5697 	 1.81158 	 1.31743
809 	 12.4301 	 16.4301 	 1.85658 	 1.18838
810 	 12.4765 	 16.4765 	 1.8332 	 1.21309
811 	 12.2887 	 16.2887 	 1.79782 	 1.12529
812 	 12.2567 	 16.2567 	 1.97772 	 1.30728
813 	 12.3089 	 16.3089 	 1.74383 	 1.02658
814 	 12.5974 	 16.5974 	 1.6436 	 1.0728
815 	 12.3135 	 16.3135 	 1.66663 	 1.04773
816 	 12.4028 	 16.4028 	 1.86125 	 1.17356
817 	 12.4286 	 16.4286 	 1.89409 	 1.2978
818 	 12.3388 	 16.3388 	 1.94008 	 1.24412
819 	 12.2492 	 16.2492 	 1.99997 	 1.34771
820 	 12.4756 	 16.4756 	 2.03261 	 1.39963
821 	 12.201 	 16.201 	 1.86064 	 1.22446
822 	 12.1021 	 16.1021 	 2.10569 	 1.67262
823 	 12.3942 	 16.3942 	 2.0287 	 1.37918
824 	 11.4993 	 15.4993 	 2.13757 	 1.56261
825 	 11.9328 	 15.9328 	 2.07018 	 1.52884
826 	 12.2291 	 16.2291 	 1.96724 	 1.33818
827 	 11.961 	 15.961 	 2.09758 	 1.84836
828 	 12.1384 	 16.1384 	 2.00914 	 1.4015
829 	 11.6597 	 15.6597 	 1.98609 	 1.22559
830 	 11.863 	 15.863 	 1.87838 	 1.12046
831 	 12.2553 	 16.2553 	 2.04623 	 1.39466
832 	 12.3756 	 16.3756 	 1.72705 	 1.07963
833 	 11.9422 	 15.9422 	 2.01011 	 2.05095
834 	 12.0028 	 16.0028 	 2.1432 	 1.63349
835 	 11.9364 	 15.9364 	 2.0859 	 1.42444
836 	 12.1158 	 16.1158 	 2.1086 	 1.48465
837 	 12.501 	 16.501 	 1.80871 	 1.28258
838 	 12.3576 	 16.3576 	 1.42809 	 0.898313
839 	 11.9499 	 15.9499 	 1.95988 	 1.17453
840 	 12.2809 	 16.2809 	 2.10048 	 1.39672
841 	 12.6953 	 16.6953 	 2.00951 	 1.24026
842 	 12.6779 	 16.6779 	 1.77348 	 1.05676
843 	 12.6689 	 16.6689 	 2.05852 	 1.43581
844 	 12.7654 	 16.7654 	 1.86056 	 1.12577
845 	 12.5555 	 16.5555 	 2.12416 	 1.66993
846 	 12.0727 	 16.0727 	 2.01607 	 1.1956
847 	 12.6429 	 16.6429 	 1.94748 	 1.27631
848 	 11.8626 	 15.8626 	 2.06008 	 2.0249
849 	 11.7235 	 15.7235 	 2.06284 	 1.47221
850 	 12.0327 	 16.0327 	 1.88065 	 1.28853
851 	 11.5081 	 15.5081 	 2.09157 	 1.23354
852 	 11.8054 	 15.8054 	 2.08487 	 1.42379
853 	 11.8233 	 15.8233 	 2.01806 	 1.11896
854 	 11.7035 	 15.7035 	 2.13174 	 1.55527
855 	 11.8132 	 15.8132 	 1.81511 	 1.17966
856 	 11.139 	 15.139 	 1.35733 	 0.70541
857 	 11.695 	 15.695 	 0.999972 	 0.430773
858 	 11.3429 	 15.3429 	 1.17055 	 0.664106
859 	 10.7185 	 14.7185 	 1.43874 	 0.522719
860 	 11.5598 	 15.5598 	 1.09068 	 0.709499
861 	 11.296 	 15.296 	 1.45504 	 0.872631
862 	 11.2066 	 15.2066 	 1.25254 	 0.619485
863 	 11.4806 	 15.4806 	 1.08748 	 0.961367
864 	 11.2812 	 15.2812 	 1.17349 	 0.434638
865 	 12.1723 	 16.1723 	 1.39678 	 1.00783
866 	 11.848 	 15.848 	 1.20386 	 0.67468
867 	 12.2441 	 16.2441 	 0.902 	 0.448658
868 	 11.2871 	 15.2871 	 1.7825 	 1.02315
869 	 11.4674 	 15.4674 	 1.58015 	 0.832062
870 	 11.9188 	 15.9188 	 1.39295 	 0.844058
871 	 11.7989 	 15.7989 	 1.58517 	 1.07121
872 	 12.3886 	 16.3886 	 1.93698 	 1.47094
873 	 13.0065 	 17.0065 	 1.88718 	 1.30641
874 	 12.3419 	 16.3419 	 1.96043 	 1.50234
875 	 13.0378 	 17.0378 	 1.48474 	 0.931985
876 	 12.9025 	 16.9025 	 1.68642 	 1.21583
877 	 12.5648 	 16.5648 	 1.59692 	 1.20438
878 	 13.0638 	 17.0638 	 1.53448 	 0.972805
879 	 13.0559 	 17.0559 	 2.01404 	 1.56574
880 	 12.3343 	 16.3343 	 1.77322 	 1.41842
881 	 12.8778 	 16.8778 	 1.4777 	 1.00238
882 	 13.0526 	 17.0526 	 1.78502 	 1.29421
883 	 12.7854 	 16.7854 	 2.00184 	 1.53902
884 	 12.2947 	 16.2947 	 1.93684 	 1.43983
885 	 12.7477 	 16.7477 	 1.62847 	 1.23127
886 	 12.5259 	 16.5259 	 1.87815 	 1.28945
887 	 12.4096 	 16.4096 	 1.96157 	 1.43057
888 	 12.7682 	 16.7682 	 0.934183 	 0.440652
889 	 12.3711 	 16.3711 	 1.74683 	 1.13024
890 	 12.2194 	 16.2194 	 1.51692 	 0.898801
891 	 12.3652 	 16.3652 	 1.41983 	 0.894886
892 	 12.0892 	 16.0892 	 1.18929 	 0.512123
893 	 12.2223 	 16.2223 	 1.18461 	 0.527947
894 	 12.1042 	 16.1042 	 1.5975 	 0.771783
895 	 12.2999 	 16.2999 	 1.16121 	 0.494612
896 	 12.8425 	 16.8425 	 1.82797 	 1.22453
897 	 13.1779 	 17.1779 	 2.02724 	 1.5485
898 	 12.7741 	 16.7741 	 2.09831 	 1.75975
899 	 12.6741 	 16.6741 	 1.72683 	 1.14756
900 	 12.645 	 16.645 	 2.01306 	 1.28739
901 	 12.9337 	 16.9337 	 2.04984 	 1.47319
902 	 12.6274 	 16.6274 	 1.93312 	 1.20787
903 	 12.9492 	 16.9492 	 1.9188 	 1.27657
904 	 11.7395 	 15.7395 	 1.71054 	 0.995585
905 	 11.7756 	 15.7756 	 1.77505 	 1.15881
906 	 11.9633 	 15.9633 	 1.99319 	 1.27336
907 	 11.7215 	 15.7215 	 1.76162 	 1.13536
908 	 11.6676 	 15.6676 	 1.69252 	 1.11326
909 	 12.3224 	 16.3224 	 1.47294 	 0.994347
910 	 11.5294 	 15.5294 	 2.03683 	 1.29511
911 	 8.55811 	 12.5581 	 1.94478 	 1.6234
912 	 11.6744 	 15.6744 	 2.01201 	 1.36152
913 	 11.6956 	 15.6956 	 1.60178 	 1.01934
914 	 11.5721 	 15.5721 	 1.86913 	 1.21317
915 	 11.4141 	 15.4141 	 2.11581 	 1.75208
916 	 11.7237 	 15.7237 	 1.4386 	 0.678484
917 	 11.4535 	 15.4535 	 2.10783 	 1.4405
918 	 11.3419 	 15.3419 	 1.88296 	 1.21152
919 	 11.8125 	 15.8125 	 1.56682 	 0.945756
920 	 12.5629 	 16.5629 	 2.04995 	 1.62803
921 	 12.2661 	 16.2661 	 2.1243 	 1.63958
922 	 12.4205 	 16.4205 	 1.99406 	 1.98888
923 	 12.0349 	 16.0349 	 2.05095 	 1.90765
924 	 12.2912 	 16.2912 	 2.11208 	 1.45381
925 	 12.5113 	 16.5113 	 2.14609 	 1.75629
926 	 8.0648 	 12.0648 	 0 	 0
927 	 12.1756 	 16.1756 	 2.11516 	 1.7777
928 	 11.4706 	 15.4706 	 1.23957 	 0.692281
929 	 11.4557 	 15.4557 	 1.25714 	 0.58311
930 	 11.2669 	 15.2669 	 1.39507 	 0.843656
931 	 11.6165 	 15.6165 	 1.47853 	 0.979897
932 	 11.5894 	 15.5894 	 1.1787 	 0.66678
933 	 11.5915 	 15.5915 	 1.32445 	 1.04258
934 	 11.7163 	 15.7163 	 1.24622 	 0.988936
935 	 11.3249 	 15.3249 	 1.6076 	 1.07589
936 	 12.4315 	 16.4315 	 1.46994 	 0.960348
937 	 12.534 	 16.534 	 1.75458 	 0.92156
938 	 12.5201 	 16.5201 	 1.32793 	 0.787627
939 	 12.7752 	 16.7752 	 1.42152 	 0.955908
940 	 12.3673 	 16.3673 	 1.66744 	 1.10455
941 	 12.7353 	 16.7353 	 1.37648 	 0.884864
942 	 12.4378 	 16.4378 	 1.8214 	 1.16741
943 	 12.5735 	 16.5735 	 1.80244 	 1.17311
944 	 11.9059 	 15.9059 	 1.82338 	 1.12207
945 	 12.3359 	 16.3359 	 1.94827 	 1.40825
946 	 12.0444 	 16.0444 	 1.85236 	 1.25971
947 	 9.59879 	 13.5988 	 1.52192 	 0.997957
948 	 12.1309 	 16.1309 	 1.52198 	 0.881232
949 	 12.4345 	 16.4345 	 1.93901 	 1.81412
950 	 11.9026 	 15.9026 	 1.87812 	 1.24772
951 	 12.1078 	 16.1078 	 1.88972 	 1.30553
952 	 12.8005 	 16.8005 	 1.51426 	 0.960343
953 	 13.5356 	 17.5356 	 0.973297 	 0.697035
954 	 13.0629 	 17.0629 	 1.50101 	 0.93828
955 	 12.8612 	 16.8612 	 1.16469 	 0.505257
956 	 13.1974 	 17.1974 	 1.62713 	 0.98253
957 	 12.5944 	 16.5944 	 1.2738 	 0.686108
958 	 12.9099 	 16.9099 	 1.17962 	 0.555193
959 	 13.4311 	 17.4311 	 1.27771 	 0.502846
960 	 12.5946 	 16.5946 	 1.80395 	 1.10704
961 	 12.5127 	 16.5127 	 1.71409 	 1.03835
962 	 12.8582 	 16.8582 	 1.68924 	 1.18012
963 	 12.5911 	 16.5911 	 1.68351 	 1.18299
964 	 12.4615 	 16.4615 	 1.84354 	 1.21109
965 	 12.5676 	 16.5676 	 1.78713 	 1.23299
966 	 13.1876 	 17.1876 	 1.84549 	 1.34658
967 	 12.4595 	 16.4595 	 1.98831 	 1.42913
968 	 10.5896 	 14.5896 	 1.86903 	 1.00964
969 	 11.2108 	 15.2108 	 1.81661 	 1.16192
970 	 11.1556 	 15.1556 	 1.64824 	 1.10158
971 	 10.3803 	 14.3803 	 2.00863 	 1.25247
972 	 10.8448 	 14.8448 	 1.70103 	 0.996948
973 	 10.8281 	 14.8281 	 2.00635 	 1.25451
974 	 10.9926 	 14.9926 	 1.84842 	 1.15393
975 	 10.8206 	 14.8206 	 1.68341 	 0.983962
976 	 12.2873 	 16.2873 	 -1.82257 	 -1.89544
977 	 12.5522 	 16.5522 	 -1.94788 	 -1.787
978 	 12.2399 	 16.2399 	 -1.79754 	 -1.93724
979 	 12.1406 	 16.1406 	 -1.84544 	 -1.81053
980 	 12.0311 	 16.0311 	 -1.86427 	 -1.89419
981 	 12.6178 	 16.6178 	 -1.85691 	 -1.91134
982 	 12.0871 	 16.0871 	 -1.91741 	 -1.79405
983 	 12.6858 	 16.6858 	 -1.94131 	 -1.73266
984 	 12.0925 	 16.0925 	 -1.96387 	 -1.84996
985 	 12.2147 	 16.2147 	 -1.58834 	 -2.0494
986 	 11.7505 	 15.7505 	 -1.95468 	 -1.7837
987 	 12.1828 	 16.1828 	 -1.99964 	 -1.75501
988 	 12.7377 	 16.7377 	 -1.93823 	 -1.91272
989 	 12.5865 	 16.5865 	 -1.93501 	 -1.79249
990 	 11.622 	 15.622 	 -1.98463 	 -1.74742
991 	 12.1142 	 16.1142 	 -1.97988 	 -1.73707
992 	 12.8509 	 16.8509 	 -1.86749 	 -1.94117
993 	 13.4181 	 17.4181 	 -1.95457 	 -1.94042
994 	 12.8165 	 16.8165 	 -1.88094 	 -1.91666
995 	 12.5276 	 16.5276 	 -1.9018 	 -1.92996
996 	 12.9251 	 16.9251 	 -1.9064 	 -1.90579
997 	 13.0143 	 17.0143 	 -1.85667 	 -1.95087
998 	 13.0311 	 17.0311 	 -1.86932 	 -1.96833
999 	 12.6557 	 16.6557 	 -1.94307 	 -1.94229
1000 	 12.2753 	 16.2753 	 -1.87604 	 -1.87758
1001 	 11.9535 	 15.9535 	 -1.88458 	 -1.8493
1002 	 12.3852 	 16.3852 	 -1.97644 	 -1.78646
1003 	 12.003 	 16.003 	 -1.93761 	 -1.8468
1004 	 12.3859 	 16.3859 	 -1.85216 	 -1.913
1005 	 12.0964 	 16.0964 	 -1.92552 	 -1.84521
1006 	 12.6423 	 16.6423 	 -1.97784 	 -1.78335
1007 	 12.709 	 16.709 	 -1.89908 	 -1.88877
1008 	 11.576 	 15.576 	 -1.93164 	 -1.8353
1009 	 11.6259 	 15.6259 	 -1.93526 	 -1.84369
1010 	 11.7558 	 15.7558 	 -1.97418 	 -1.75368
1011 	 11.9004 	 15.9004 	 -1.9492 	 -1.81671
1012 	 11.5973 	 15.5973 	 -1.90301 	 -1.84432
1013 	 11.8895 	 15.8895 	 -1.92011 	 -1.81638
1014 	 12.211 	 16.211 	 -1.89475 	 -1.88824
1015 	 11.7338 	 15.7338 	 -1.92161 	 -1.92472
1016 	 11.3017 	 15.3017 	 -1.90897 	 -1.92804
1017 	 12.0698 	 16.0698 	 -1.90429 	 -1.96256
1018 	 11.6308 	 15.6308 	 -1.89702 	 -1.92957
1019 	 11.8205 	 15.8205 	 -1.93762 	 -1.87203
1020 	 11.6287 	 15.6287 	 -1.96254 	 -1.74901
1021 	 12.0086 	 16.0086 	 -2.16558 	 -1.49472
1022 	 11.7012 	 15.7012 	 -1.91703 	 -1.91473
1023 	 11.8595 	 15.8595 	 -1.88463 	 -1.94275
1024 	 12.2096 	 16.2096 	 -1.97284 	 -1.78765
1025 	 11.9653 	 15.9653 	 -1.6226 	 -2.04307
1026 	 12.3684 	 16.3684 	 -1.99626 	 -1.67786
1027 	 11.9971 	 15.9971 	 -1.66938 	 -2.01899
1028 	 12.3473 	 16.3473 	 -1.95585 	 -1.81108
1029 	 11.8167 	 15.8167 	 -1.90254 	 -1.86435
1030 	 12.0682 	 16.0682 	 -1.74207 	 -2.00611
1031 	 11.9169 	 15.9169 	 -1.73572 	 -2.00532
1032 	 12.7371 	 16.7371 	 -1.85387 	 -1.9249
1033 	 12.4971 	 16.4971 	 -1.92448 	 -1.88819
1034 	 12.6313 	 16.6313 	 -1.89676 	 -1.83213
1035 	 12.382 	 16.382 	 -1.87506 	 -1.8787
1036 	 12.3012 	 16.3012 	 -1.86946 	 -1.90807
1037 	 11.9058 	 15.9058 	 -1.88387 	 -1.93242
1038 	 12.451 	 16.451 	 -1.8829 	 -1.93976
1039 	 13.0197 	 17.0197 	 -1.87321 	 -1.97365
1040 	 11.7668 	 15.7668 	 -1.91783 	 -1.88421
1041 	 11.5005 	 15.5005 	 -1.89876 	 -1.91076
1042 	 11.5084 	 15.5084 	 -1.94374 	 -1.81763
1043 	 11.4054 	 15.4054 	 -1.92142 	 -1.94391
1044 	 11.916 	 15.916 	 -1.92013 	 -1.81036
1045 	 11.7214 	 15.7214 	 -1.89662 	 -1.94915
1046 	 11.4891 	 15.4891 	 -1.85334 	 -1.94615
1047 	 11.8998 	 15.8998 	 -1.93474 	 -1.81632
1048 	 13.0061 	 17.0061 	 -1.92336 	 -1.94733
1049 	 13.2995 	 17.2995 	 -1.94103 	 -1.7982
1050 	 13.297 	 17.297 	 -1.89849 	 -1.94772
1051 	 13.2929 	 17.2929 	 -2.00073 	 -1.83663
1052 	 13.3652 	 17.3652 	 -1.98218 	 -1.79425
1053 	 13.267 	 17.267 	 -1.95935 	 -1.89304
1054 	 13.1728 	 17.1728 	 -1.90708 	 -1.9454
1055 	 13.5449 	 17.5449 	 -1.97517 	 -1.77854
1056 	 12.2949 	 16.2949 	 -2.27919 	 -1.23822
1057 	 12.7974 	 16.7974 	 -2.05804 	 -1.67934
1058 	 12.4016 	 16.4016 	 -2.06448 	 -1.65515
1059 	 11.9904 	 15.9904 	 -2.27902 	 -1.23965
1060 	 12.0464 	 16.0464 	 -1.93363 	 -1.94203
1061 	 12.057 	 16.057 	 -2.09731 	 -1.6023
1062 	 12.2665 	 16.2665 	 -1.91515 	 -1.95437
1063 	 12.3447 	 16.3447 	 -1.94671 	 -1.914
1064 	 12.8896 	 16.8896 	 -2.34099 	 0.362057
1065 	 12.7122 	 16.7122 	 -1.94245 	 -1.92344
1066 	 12.5583 	 16.5583 	 -1.92811 	 -1.94795
1067 	 11.8221 	 15.8221 	 -1.91856 	 -1.95186
1068 	 12.1398 	 16.1398 	 -1.92332 	 -1.94749
1069 	 12.1936 	 16.1936 	 -1.9244 	 -1.93636
1070 	 12.4068 	 16.4068 	 -1.91857 	 -1.96151
1071 	 12.6407 	 16.6407 	 -1.84743 	 -1.90686
1072 	 13.182 	 17.182 	 -1.97549 	 -1.74661
1073 	 12.2239 	 16.2239 	 -1.9322 	 -1.76836
1074 	 12.7888 	 16.7888 	 -2.0271 	 -1.69183
1075 	 12.4966 	 16.4966 	 -1.87766 	 -1.87602
1076 	 12.2674 	 16.2674 	 -1.8477 	 -1.87583
1077 	 12.4333 	 16.4333 	 -1.93288 	 -1.81057
1078 	 12.342 	 16.342 	 -1.93134 	 -1.76263
1079 	 12.3065 	 16.3065 	 -1.91941 	 -1.82069
1080 	 12.3734 	 16.3734 	 -1.95939 	 -1.7755
1081 	 12.9691 	 16.9691 	 -1.88228 	 -1.86203
1082 	 13.2509 	 17.2509 	 -1.98078 	 -1.72101
1083 	 12.9609 	 16.9609 	 -1.893 	 -1.90485
1084 	 12.7813 	 16.7813 	 -1.94017 	 -1.83474
1085 	 12.5431 	 16.5431 	 -1.9724 	 -1.77797
1086 	 12.8825 	 16.8825 	 -1.93689 	 -1.86809
1087 	 12.8771 	 16.8771 	 -1.96505 	 -1.77787
1088 	 11.6882 	 15.6882 	 -1.9542 	 -1.90805
1089 	 12.373 	 16.373 	 -1.8877 	 -1.85049
1090 	 12.674 	 16.674 	 -1.89202 	 -1.88586
1091 	 12.5155 	 16.5155 	 -1.88143 	 -1.95486
1092 	 12.9072 	 16.9072 	 -1.90725 	 -1.95848
1093 	 11.4109 	 15.4109 	 -1.86246 	 -1.93842
1094 	 12.6621 	 16.6621 	 -1.91231 	 -1.95444
1095 	 12.5519 	 16.5519 	 -1.92776 	 -1.75488
1096 	 11.5134 	 15.5134 	 -1.61235 	 -2.02374
1097 	 12.4963 	 16.4963 	 -1.95087 	 -1.80958
1098 	 12.2174 	 16.2174 	 -1.71137 	 -2.04008
1099 	 12.047 	 16.047 	 -1.48975 	 -2.08188
1100 	 12.0095 	 16.0095 	 -1.87685 	 -1.93459
1101 	 12.2744 	 16.2744 	 -1.99371 	 -1.76135
1102 	 12.328 	 16.328 	 -1.94406 	 -1.80475
1103 	 12.4683 	 16.4683 	 -1.9479 	 -1.83806
1104 	 11.9071 	 15.9071 	 -1.88099 	 -1.95926
1105 	 11.9974 	 15.9974 	 -1.98822 	 -1.7457
1106 	 12.3606 	 16.3606 	 -1.95468 	 -1.78651
1107 	 11.9247 	 15.9247 	 -1.90806 	 -1.95747
1108 	 12.1117 	 16.1117 	 -1.93364 	 -1.81158
1109 	 12.0047 	 16.0047 	 -1.92786 	 -1.93784
1110 	 11.7273 	 15.7273 	 -1.9358 	 -1.84782
1111 	 12.182 	 16.182 	 -1.77902 	 -1.99379
1112 	 12.0916 	 16.0916 	 -1.89434 	 -1.95366
1113 	 12.0711 	 16.0711 	 -1.98168 	 -1.74336
1114 	 12.3673 	 16.3673 	 -1.86882 	 -1.95481
1115 	 12.3581 	 16.3581 	 -1.89649 	 -1.97046
1116 	 12.2168 	 16.2168 	 -1.89337 	 -1.96225
1117 	 12.0435 	 16.0435 	 -1.90235 	 -1.89028
1118 	 12.6713 	 16.6713 	 -1.93318 	 -1.91263
1119 	 12.2018 	 16.2018 	 -1.84972 	 -1.97048
1120 	 12.5907 	 16.5907 	 -1.8648 	 -1.92627
1121 	 12.294 	 16.294 	 -1.90387 	 -1.91784
1122 	 12.4859 	 16.4859 	 -1.91163 	 -1.93428
1123 	 12.2601 	 16.2601 	 -1.92052 	 -1.81244
1124 	 12.7317 	 16.7317 	 -1.91789 	 -1.94819
1125 	 12.5853 	 16.5853 	 -1.93368 	 -1.86585
1126 	 12.2567 	 16.2567 	 -1.87788 	 -1.85702
1127 	 12.3196 	 16.3196 	 -1.94268 	 -1.78727
1128 	 12.4458 	 16.4458 	 -1.89399 	 -1.9283
1129 	 12.6044 	 16.6044 	 -1.88188 	 -1.97199
1130 	 13.0706 	 17.0706 	 -2.04894 	 -1.71089
1131 	 12.2234 	 16.2234 	 -1.86975 	 -1.88871
1132 	 12.6932 	 16.6932 	 -1.85714 	 -1.96837
1133 	 12.3154 	 16.3154 	 -1.94174 	 -1.92423
1134 	 12.5185 	 16.5185 	 -1.90573 	 -1.93565
1135 	 12.6642 	 16.6642 	 -1.91524 	 -1.93146
1136 	 11.5694 	 15.5694 	 -1.91087 	 -1.94066
1137 	 11.5425 	 15.5425 	 -1.89713 	 -1.94907
1138 	 12.2033 	 16.2033 	 -1.93265 	 -1.92839
1139 	 11.4364 	 15.4364 	 -2.10114 	 -1.56405
1140 	 11.8097 	 15.8097 	 -1.90871 	 -1.94873
1141 	 11.7041 	 15.7041 	 -1.89344 	 -1.94219
1142 	 11.2812 	 15.2812 	 -1.90408 	 -1.91804
1143 	 11.6039 	 15.6039 	 -1.89669 	 -1.96623
1144 	 12.8474 	 16.8474 	 -1.90577 	 -1.89155
1145 	 13.3805 	 17.3805 	 -2.65913 	 0.397871
1146 	 12.9879 	 16.9879 	 -1.9568 	 -1.91922
1147 	 12.8702 	 16.8702 	 -1.91649 	 -1.9503
1148 	 13.03 	 17.03 	 -1.90928 	 -1.96692
1149 	 12.538 	 16.538 	 -1.9261 	 -1.89818
1150 	 12.6158 	 16.6158 	 -2.00558 	 -1.7534
1151 	 13.301 	 17.301 	 -1.9013 	 -1.89626
1152 	 11.6406 	 15.6406 	 -1.92642 	 -1.9394
1153 	 12.8164 	 16.8164 	 -1.96299 	 -1.89792
1154 	 11.9468 	 15.9468 	 -2.20477 	 -1.28147
1155 	 11.7251 	 15.7251 	 -2.18295 	 -1.34407
1156 	 12.3936 	 16.3936 	 -2.04753 	 -1.70677
1157 	 11.8634 	 15.8634 	 -1.90704 	 -1.9298
1158 	 11.8069 	 15.8069 	 -1.88185 	 -1.9521
1159 	 11.9153 	 15.9153 	 -1.91981 	 -1.95057
1160 	 12.813 	 16.813 	 -1.91417 	 -1.95166
1161 	 13.2163 	 17.2163 	 -1.89189 	 -1.95973
1162 	 13.0361 	 17.0361 	 -1.87193 	 -1.8861
1163 	 12.8401 	 16.8401 	 -1.90113 	 -1.94578
1164 	 12.8423 	 16.8423 	 -1.91003 	 -1.95647
1165 	 12.9645 	 16.9645 	 -1.87174 	 -1.90077
1166 	 13.2101 	 17.2101 	 -1.95085 	 -1.84153
1167 	 12.594 	 16.594 	 -1.91239 	 -1.85362
1168 	 12.8136 	 16.8136 	 -1.93694 	 -1.80702
1169 	 13.2187 	 17.2187 	 -1.98724 	 -1.76487
1170 	 13.2514 	 17.2514 	 -1.85684 	 -1.96243
1171 	 13.048 	 17.048 	 -1.95687 	 -1.83456
1172 	 13.3374 	 17.3374 	 -1.95265 	 -1.78668
1173 	 12.9586 	 16.9586 	 -1.77108 	 -1.97763
1174 	 12.9612 	 16.9612 	 -1.89501 	 -1.82273
1175 	 12.4015 	 16.4015 	 -1.91589 	 -1.82425
1176 	 12.2938 	 16.2938 	 -1.9243 	 -1.95085
1177 	 12.2733 	 16.2733 	 -1.89455 	 -1.955
1178 	 11.6633 	 15.6633 	 -1.91293 	 -1.96312
1179 	 12.0623 	 16.0623 	 -1.93392 	 -1.88247
1180 	 11.4076 	 15.4076 	 -2.12388 	 -1.53556
1181 	 12.0785 	 16.0785 	 -1.90917 	 -1.9328
1182 	 11.553 	 15.553 	 -1.90705 	 -1.85134
1183 	 11.3066 	 15.3066 	 -1.87705 	 -1.95663
1184 	 12.1527 	 16.1527 	 -1.87259 	 -1.97967
1185 	 12.0951 	 16.0951 	 -1.86364 	 -1.97126
1186 	 13.3866 	 17.3866 	 -1.93784 	 -1.94746
1187 	 12.3064 	 16.3064 	 -2.00335 	 -1.69999
1188 	 12.5161 	 16.5161 	 -1.91702 	 -1.85638
1189 	 11.9679 	 15.9679 	 -1.8733 	 -1.8754
1190 	 11.8198 	 15.8198 	 -1.96584 	 -1.801
1191 	 12.5334 	 16.5334 	 -1.88977 	 -1.96671
1192 	 11.7639 	 15.7639 	 -1.90768 	 -1.8749
1193 	 12.2923 	 16.2923 	 -1.6504 	 -2.02336
1194 	 11.8768 	 15.8768 	 -1.96464 	 -1.77088
1195 	 12.0435 	 16.0435 	 -1.94454 	 -1.82328
1196 	 12.3585 	 16.3585 	 -1.90266 	 -1.90469
1197 	 11.762 	 15.762 	 -1.90098 	 -1.867
1198 	 12.1405 	 16.1405 	 -1.89481 	 -1.91257
1199 	 12.749 	 16.749 	 -1.92602 	 -1.94502
1200 	 12.6508 	 16.6508 	 -1.91425 	 -1.90264
1201 	 12.6364 	 16.6364 	 -1.92284 	 -1.93827
1202 	 12.7028 	 16.7028 	 -2.01674 	 -1.70013
1203 	 12.8317 	 16.8317 	 -2.09789 	 -1.58304
1204 	 12.5231 	 16.5231 	 -1.87503 	 -1.92253
1205 	 12.4151 	 16.4151 	 -1.66244 	 -2.04038
1206 	 12.4958 	 16.4958 	 -2.02975 	 -1.69441
1207 	 13.0267 	 17.0267 	 -1.8869 	 -1.97483
1208 	 11.9357 	 15.9357 	 -1.95133 	 -1.85123
1209 	 12.5554 	 16.5554 	 -1.86349 	 -1.95483
1210 	 12.7474 	 16.7474 	 -1.95509 	 -1.76642
1211 	 12.0205 	 16.0205 	 -1.91103 	 -1.91576
1212 	 12.6107 	 16.6107 	 -1.88157 	 -1.9547
1213 	 12.0511 	 16.0511 	 -1.90046 	 -1.86266
1214 	 12.4393 	 16.4393 	 -1.90038 	 -1.87261
1215 	 12.3574 	 16.3574 	 -1.89149 	 -1.86669
1216 	 12.6821 	 16.6821 	 -1.88956 	 -1.92687
1217 	 12.7511 	 16.7511 	 -1.89396 	 -1.94113
1218 	 12.4432 	 16.4432 	 -1.90525 	 -1.93649
1219 	 12.6482 	 16.6482 	 -1.91336 	 -1.95802
1220 	 12.4676 	 16.4676 	 -1.90463 	 -1.95969
1221 	 12.963 	 16.963 	 -1.90742 	 -1.87467
1222 	 12.4839 	 16.4839 	 -2.02583 	 -1.72404
1223 	 12.4815 	 16.4815 	 -1.87008 	 -1.96452
1224 	 12.5337 	 16.5337 	 -1.91094 	 -1.94533
1225 	 12.5848 	 16.5848 	 -1.91657 	 -1.95991
1226 	 12.5874 	 16.5874 	 -1.90848 	 -1.92978
1227 	 12.3539 	 16.3539 	 -2.2441 	 -1.31229
1228 	 12.1959 	 16.1959 	 -1.84432 	 -1.86987
1229 	 12.6395 	 16.6395 	 -1.92212 	 -1.95873
1230 	 12.3251 	 16.3251 	 -1.91757 	 -1.9531
1231 	 12.4993 	 16.4993 	 -1.89656 	 -1.96843
1232 	 13.3331 	 17.3331 	 -1.92679 	 -1.94339
1233 	 13.7225 	 17.7225 	 -1.88523 	 -1.87312
1234 	 13.6483 	 17.6483 	 -1.96459 	 -1.77776
1235 	 13.3267 	 17.3267 	 -1.89938 	 -1.92175
1236 	 13.5693 	 17.5693 	 -1.94203 	 -1.89034
1237 	 13.0802 	 17.0802 	 -1.91998 	 -1.95515
1238 	 13.8578 	 17.8578 	 -1.94914 	 -1.93159
1239 	 13.8679 	 17.8679 	 -1.94657 	 -1.80833
1240 	 13.2309 	 17.2309 	 -1.93083 	 -1.94991
1241 	 12.6804 	 16.6804 	 -1.93264 	 -1.938
1242 	 11.965 	 15.965 	 -1.86447 	 -1.98258
1243 	 12.4067 	 16.4067 	 -1.87963 	 -1.97071
1244 	 12.1684 	 16.1684 	 -2.02836 	 -1.70003
1245 	 12.6762 	 16.6762 	 -1.93508 	 -1.95575
1246 	 12.6446 	 16.6446 	 -2.20662 	 -1.3558
1247 	 11.9655 	 15.9655 	 -2.08905 	 -1.64601
1248 	 5.621 	 9.621 	 -0.463921 	 -0.539152
1249 	 12.4378 	 16.4378 	 -1.90501 	 -1.95627
1250 	 12.7718 	 16.7718 	 -2.27144 	 -1.18827
1251 	 12.4049 	 16.4049 	 -1.95919 	 -1.78653
1252 	 12.198 	 16.198 	 -2.50269 	 0.288529
1253 	 12.4959 	 16.4959 	 -2.08864 	 -1.55049
1254 	 12.1743 	 16.1743 	 -1.9165 	 -1.93012
1255 	 11.9341 	 15.9341 	 -2.08788 	 -1.57414
1256 	 12.8671 	 16.8671 	 -2.14183 	 -1.34701
1257 	 13.4074 	 17.4074 	 -1.86986 	 -1.83979
1258 	 12.5477 	 16.5477 	 -1.78673 	 -1.98238
1259 	 12.5245 	 16.5245 	 -2.14177 	 -1.3676
1260 	 12.8694 	 16.8694 	 -1.91061 	 -1.86622
1261 	 13.1379 	 17.1379 	 -2.28423 	 -0.827542
1262 	 13.0143 	 17.0143 	 -1.74975 	 -1.97516
1263 	 13.1246 	 17.1246 	 -1.87407 	 -1.80582
1264 	 12.091 	 16.091 	 -1.91466 	 -1.85692
1265 	 12.2186 	 16.2186 	 -1.94294 	 -1.81637
1266 	 12.3846 	 16.3846 	 -1.92683 	 -1.82895
1267 	 12.193 	 16.193 	 -1.92188 	 -1.83824
1268 	 11.1263 	 15.1263 	 -1.94918 	 -1.85962
1269 	 11.9292 	 15.9292 	 -1.76707 	 -1.96618
1270 	 12.0305 	 16.0305 	 -1.9347 	 -1.79979
1271 	 12.3564 	 16.3564 	 -1.91986 	 -1.793
1272 	 11.7455 	 15.7455 	 -1.90875 	 -1.93763
1273 	 11.9253 	 15.9253 	 -1.9416 	 -1.76442
1274 	 12.1847 	 16.1847 	 -1.85916 	 -1.98429
1275 	 12.1915 	 16.1915 	 -1.92145 	 -1.93917
1276 	 12.1011 	 16.1011 	 -1.88838 	 -1.9351
1277 	 12.1135 	 16.1135 	 -1.59855 	 -2.05788
1278 	 12.1069 	 16.1069 	 -2.07367 	 -1.61487
1279 	 12.2378 	 16.2378 	 -1.88556 	 -1.95126
1280 	 12.1921 	 16.1921 	 -1.8785 	 -1.94221
1281 	 12.3007 	 16.3007 	 -1.91795 	 -1.95711
1282 	 11.9505 	 15.9505 	 -1.8774 	 -1.94006
1283 	 12.0127 	 16.0127 	 -1.92559 	 -1.94974
1284 	 12.5708 	 16.5708 	 -1.89258 	 -1.95502
1285 	 12.2454 	 16.2454 	 -1.94309 	 -1.72606
1286 	 12.4384 	 16.4384 	 -1.92855 	 -1.95208
1287 	 12.6375 	 16.6375 	 -1.90491 	 -1.96638
1288 	 12.9032 	 16.9032 	 -1.62134 	 -2.04266
1289 	 12.3824 	 16.3824 	 -1.92201 	 -1.94445
1290 	 12.6037 	 16.6037 	 -1.99485 	 -1.75365
1291 	 12.589 	 16.589 	 -2.00809 	 -1.75636
1292 	 12.2436 	 16.2436 	 -1.666 	 -2.05601
1293 	 12.1708 	 16.1708 	 -1.65562 	 -2.06176
1294 	 12.0741 	 16.0741 	 -1.99728 	 -1.77156
1295 	 12.0866 	 16.0866 	 -1.49079 	 -2.11284
1296 	 13.176 	 17.176 	 -1.90647 	 -1.96632
1297 	 13.2198 	 17.2198 	 -1.86486 	 -1.95287
1298 	 13.222 	 17.222 	 -1.90604 	 -1.87663
1299 	 13.2434 	 17.2434 	 -1.92063 	 -1.96063
1300 	 12.9231 	 16.9231 	 -1.93296 	 -1.93289
1301 	 12.7446 	 16.7446 	 -2.13898 	 -1.50344
1302 	 12.8899 	 16.8899 	 -1.90233 	 -1.95071
1303 	 13.1397 	 17.1397 	 -1.89962 	 -1.96734
1304 	 11.8271 	 15.8271 	 -1.92623 	 -1.83294
1305 	 12.1236 	 16.1236 	 -1.89497 	 -1.85886
1306 	 12.0856 	 16.0856 	 -1.87041 	 -1.94862
1307 	 12.0713 	 16.0713 	 -1.90356 	 -1.8243
1308 	 11.9029 	 15.9029 	 -1.91308 	 -1.86101
1309 	 11.8852 	 15.8852 	 -1.95481 	 -1.77533
1310 	 11.7445 	 15.7445 	 -1.89991 	 -1.95623
1311 	 12.141 	 16.141 	 -1.92079 	 -1.94515
1312 	 12.2566 	 16.2566 	 -1.97765 	 -1.79713
1313 	 12.6689 	 16.6689 	 -1.92401 	 -1.9523
1314 	 12.5773 	 16.5773 	 -2.08122 	 -1.61743
1315 	 12.6512 	 16.6512 	 -1.93458 	 -1.93617
1316 	 12.2331 	 16.2331 	 -1.93912 	 -1.91207
1317 	 12.7872 	 16.7872 	 -1.94862 	 -1.9369
1318 	 12.9934 	 16.9934 	 -2.15895 	 -1.43954
1319 	 12.2832 	 16.2832 	 -1.92294 	 -1.95679
1320 	 13.9294 	 17.9294 	 -1.91314 	 -1.95858
1321 	 13.4932 	 17.4932 	 -1.89469 	 -1.9564
1322 	 13.1667 	 17.1667 	 -1.94398 	 -1.91616
1323 	 13.5156 	 17.5156 	 -1.93201 	 -1.94371
1324 	 13.0136 	 17.0136 	 -1.90986 	 -1.93653
1325 	 13.0987 	 17.0987 	 -2.04769 	 -1.71226
1326 	 13.488 	 17.488 	 -1.91506 	 -1.96034
1327 	 13.0637 	 17.0637 	 -1.87085 	 -1.96849
1328 	 11.3726 	 15.3726 	 -1.90564 	 -1.82288
1329 	 12.464 	 16.464 	 -1.88458 	 -1.95331
1330 	 13.1531 	 17.1531 	 -1.94434 	 -1.91599
1331 	 12.4378 	 16.4378 	 -1.92198 	 -1.90965
1332 	 13.2168 	 17.2168 	 -2.29163 	 -1.10363
1333 	 12.4735 	 16.4735 	 -2.03595 	 -1.6874
1334 	 12.3407 	 16.3407 	 -1.92032 	 -1.9506
1335 	 13.1876 	 17.1876 	 -2.34964 	 -0.715531
1336 	 12.2323 	 16.2323 	 -1.89087 	 -1.91647
1337 	 12.623 	 16.623 	 -1.90393 	 -1.94737
1338 	 12.888 	 16.888 	 -1.82075 	 -1.95238
1339 	 12.8209 	 16.8209 	 -1.92057 	 -1.92579
1340 	 12.834 	 16.834 	 -2.2083 	 -1.36641
1341 	 12.8054 	 16.8054 	 -1.91621 	 -1.9495
1342 	 12.4876 	 16.4876 	 -1.89825 	 -1.9568
1343 	 12.7935 	 16.7935 	 -2.02613 	 -1.62442
1344 	 12.0342 	 16.0342 	 -1.8867 	 -1.87672
1345 	 11.6232 	 15.6232 	 -1.89054 	 -1.92131
1346 	 11.3269 	 15.3269 	 -1.90847 	 -1.91341
1347 	 11.6725 	 15.6725 	 -1.96327 	 -1.75835
1348 	 11.384 	 15.384 	 -1.89548 	 -1.85267
1349 	 11.6478 	 15.6478 	 -1.8674 	 -1.91559
1350 	 11.7954 	 15.7954 	 -1.94217 	 -1.85807
1351 	 11.1213 	 15.1213 	 -1.88481 	 -1.87393
1352 	 11.7832 	 15.7832 	 -1.89436 	 -1.83369
1353 	 11.5523 	 15.5523 	 -1.87383 	 -1.94829
1354 	 11.4381 	 15.4381 	 -1.93963 	 -1.74709
1355 	 11.303 	 15.303 	 -1.75407 	 -1.89553
1356 	 12.056 	 16.056 	 -1.91719 	 -1.77651
1357 	 11.6039 	 15.6039 	 -1.8586 	 -1.90113
1358 	 11.7035 	 15.7035 	 -1.89933 	 -1.89825
1359 	 11.7207 	 15.7207 	 -1.97082 	 -1.76561
1360 	 12.9104 	 16.9104 	 -1.84541 	 -1.97643
1361 	 12.6557 	 16.6557 	 -1.91843 	 -1.94796
1362 	 12.6216 	 16.6216 	 -1.92138 	 -1.84194
1363 	 12.8368 	 16.8368 	 -1.9073 	 -1.9542
1364 	 12.4353 	 16.4353 	 -1.94766 	 -1.82494
1365 	 13.01 	 17.01 	 -1.94218 	 -1.82609
1366 	 12.8353 	 16.8353 	 -1.92095 	 -1.95008
1367 	 12.3636 	 16.3636 	 -1.91934 	 -1.83776
1368 	 12.5631 	 16.5631 	 -1.84176 	 -1.94828
1369 	 12.4572 	 16.4572 	 -2.02086 	 -1.73813
1370 	 12.6932 	 16.6932 	 -1.99195 	 -1.78369
1371 	 12.3658 	 16.3658 	 -1.86245 	 -1.95638
1372 	 12.4385 	 16.4385 	 -1.9855 	 -1.74224
1373 	 12.5045 	 16.5045 	 -1.95273 	 -1.82169
1374 	 12.3728 	 16.3728 	 -1.96119 	 -1.73875
1375 	 12.5636 	 16.5636 	 -1.97017 	 -1.72603
1376 	 11.3677 	 15.3677 	 -1.9541 	 -1.89674
1377 	 11.7474 	 15.7474 	 -1.87021 	 -1.95193
1378 	 11.8548 	 15.8548 	 -1.91859 	 -1.93765
1379 	 11.6523 	 15.6523 	 -1.87182 	 -1.92103
1380 	 11.4819 	 15.4819 	 -1.89204 	 -1.91726
1381 	 11.5378 	 15.5378 	 -1.87373 	 -1.96726
1382 	 11.6423 	 15.6423 	 -1.9483 	 -1.93708
1383 	 11.7293 	 15.7293 	 -2.03246 	 -1.76693
1384 	 11.539 	 15.539 	 -1.92774 	 -1.85065
1385 	 11.5505 	 15.5505 	 -2.3248 	 -0.988071
1386 	 11.8033 	 15.8033 	 -2.25328 	 -1.04444
1387 	 11.7166 	 15.7166 	 -1.89381 	 -1.92769
1388 	 12.1569 	 16.1569 	 -2.1723 	 -1.40152
1389 	 11.6744 	 15.6744 	 -1.8964 	 -1.89133
1390 	 11.9823 	 15.9823 	 -1.91269 	 -1.94261
1391 	 11.6988 	 15.6988 	 -1.85201 	 -1.97694
1392 	 12.2898 	 16.2898 	 -2.09276 	 -1.59251
1393 	 12.1199 	 16.1199 	 -1.9094 	 -1.92706
1394 	 12.1486 	 16.1486 	 -1.95606 	 -1.87503
1395 	 12.2678 	 16.2678 	 -2.40564 	 -0.848839
1396 	 12.3191 	 16.3191 	 -2.2223 	 -1.24325
1397 	 11.959 	 15.959 	 -1.92605 	 -1.93009
1398 	 12.3709 	 16.3709 	 -1.93529 	 -1.95538
1399 	 12.823 	 16.823 	 -2.29958 	 -0.720529
1400 	 12.172 	 16.172 	 -1.97601 	 -1.86824
1401 	 12.9403 	 16.9403 	 -1.94147 	 -1.92414
1402 	 12.7 	 16.7 	 -1.91401 	 -1.94669
1403 	 12.7105 	 16.7105 	 -1.89231 	 -1.96356
1404 	 12.6572 	 16.6572 	 -1.92695 	 -1.88444
1405 	 12.8688 	 16.8688 	 -1.91344 	 -1.94347
1406 	 11.7936 	 15.7936 	 -1.91587 	 -1.93586
1407 	 12.7504 	 16.7504 	 -2.34924 	 -0.975268
1408 	 11.9222 	 15.9222 	 -1.95112 	 -1.81339
1409 	 12.0049 	 16.0049 	 -1.94792 	 -1.83191
1410 	 11.6348 	 15.6348 	 -1.92454 	 -1.80536
1411 	 11.6296 	 15.6296 	 -1.98091 	 -1.79859
1412 	 11.9741 	 15.9741 	 -1.94232 	 -1.83418
1413 	 11.3209 	 15.3209 	 -1.87633 	 -1.9731
1414 	 11.71 	 15.71 	 -1.99034 	 -1.74781
1415 	 11.9564 	 15.9564 	 -1.94514 	 -1.87126
1416 	 11.9948 	 15.9948 	 -1.92927 	 -1.81693
1417 	 12.2879 	 16.2879 	 -1.95142 	 -1.7813
1418 	 12.7101 	 16.7101 	 -1.84849 	 -1.91956
1419 	 12.6316 	 16.6316 	 -1.92014 	 -1.8428
1420 	 12.7639 	 16.7639 	 -1.91337 	 -1.77548
1421 	 12.2899 	 16.2899 	 -1.88162 	 -1.89136
1422 	 12.3301 	 16.3301 	 -1.88329 	 -1.88988
1423 	 12.4044 	 16.4044 	 -1.87888 	 -1.92308
1424 	 11.4214 	 15.4214 	 -1.96586 	 -1.84333
1425 	 11.7677 	 15.7677 	 -1.92308 	 -1.93314
1426 	 11.9837 	 15.9837 	 -1.91519 	 -1.87845
1427 	 11.3989 	 15.3989 	 -1.98621 	 -1.75411
1428 	 11.8833 	 15.8833 	 -1.91982 	 -1.8818
1429 	 11.615 	 15.615 	 -1.92994 	 -1.86375
1430 	 11.7718 	 15.7718 	 -1.99095 	 -1.79897
1431 	 11.9589 	 15.9589 	 -1.88088 	 -1.93184
1432 	 11.382 	 15.382 	 -1.92685 	 -1.90455
1433 	 12.1322 	 16.1322 	 -1.91524 	 -1.95059
1434 	 11.9339 	 15.9339 	 -1.89141 	 -1.9694
1435 	 11.8268 	 15.8268 	 -1.8889 	 -1.93759
1436 	 11.9011 	 15.9011 	 -1.87312 	 -1.92351
1437 	 11.7604 	 15.7604 	 -2.01839 	 -1.66389
1438 	 12.1096 	 16.1096 	 -1.9225 	 -1.95275
1439 	 11.9485 	 15.9485 	 -1.89585 	 -1.94587
1440 	 11.9064 	 15.9064 	 -2.29484 	 -0.348254
1441 	 11.9798 	 15.9798 	 -2.09543 	 -1.57522
1442 	 11.7517 	 15.7517 	 -1.87535 	 -1.93221
1443 	 11.7058 	 15.7058 	 -2.59479 	 -0.0549516
1444 	 12.0946 	 16.0946 	 -1.90982 	 -1.94236
1445 	 11.8184 	 15.8184 	 -1.91461 	 -1.94254
1446 	 12.5288 	 16.5288 	 -1.89605 	 -1.93577
1447 	 12.2177 	 16.2177 	 -2.52295 	 -0.487932
1448 	 13.3742 	 17.3742 	 -1.9241 	 -1.82112
1449 	 13.4692 	 17.4692 	 -2.40915 	 -0.907138
1450 	 13.4297 	 17.4297 	 -1.89519 	 -1.952
1451 	 13.0497 	 17.0497 	 -1.94547 	 -1.84521
1452 	 13.3174 	 17.3174 	 -1.30408 	 1.02166
1453 	 13.5353 	 17.5353 	 -1.91871 	 -1.94769
1454 	 13.0256 	 17.0256 	 -1.90347 	 -1.95302
1455 	 12.7922 	 16.7922 	 -1.86784 	 -1.96281
1456 	 12.0892 	 16.0892 	 -1.91505 	 -1.95179
1457 	 11.9573 	 15.9573 	 -2.78156 	 1.01051
1458 	 11.6451 	 15.6451 	 -2.60639 	 0.222998
1459 	 11.9809 	 15.9809 	 -1.9224 	 -1.93815
1460 	 11.9326 	 15.9326 	 -2.37064 	 -0.135556
1461 	 11.8726 	 15.8726 	 -1.891 	 -1.93656
1462 	 12.2259 	 16.2259 	 -2.75568 	 0.141201
1463 	 11.9181 	 15.9181 	 -2.38353 	 -0.993802
1464 	 11.4716 	 15.4716 	 0.351507 	 -0.294712
1465 	 10.9568 	 14.9568 	 0.33091 	 -0.374602
1466 	 11.2305 	 15.2305 	 0.299467 	 -0.351812
1467 	 11.2031 	 15.2031 	 0.293477 	 -0.289969
1468 	 11.2726 	 15.2726 	 0.402107 	 -0.405984
1469 	 11.1336 	 15.1336 	 0.342125 	 -0.369525
1470 	 11.4948 	 15.4948 	 0.324784 	 -0.289847
1471 	 11.3602 	 15.3602 	 0.293165 	 -0.282592
1472 	 11.9509 	 15.9509 	 0.398519 	 -0.356984
1473 	 12.125 	 16.125 	 0.309713 	 -0.329029
1474 	 12.3528 	 16.3528 	 0.282028 	 -0.212439
1475 	 12.24 	 16.24 	 0.221798 	 -0.363507
1476 	 12.1034 	 16.1034 	 0.267609 	 -0.369661
1477 	 12.3035 	 16.3035 	 0.315803 	 -0.324897
1478 	 12.1387 	 16.1387 	 0.353071 	 -0.284076
1479 	 11.5729 	 15.5729 	 0.393495 	 -0.351588
1480 	 12.4366 	 16.4366 	 0.236597 	 -0.329858
1481 	 12.2348 	 16.2348 	 0.275718 	 -0.381888
1482 	 11.6605 	 15.6605 	 0.450009 	 -0.395383
1483 	 12.0836 	 16.0836 	 0.358826 	 -0.403904
1484 	 12.3336 	 16.3336 	 0.31826 	 -0.376181
1485 	 10.5688 	 14.5688 	 0.374595 	 -0.336158
1486 	 10.6299 	 14.6299 	 0.353629 	 -0.475351
1487 	 12.2701 	 16.2701 	 0.432246 	 -0.395926
1488 	 11.9793 	 15.9793 	 0.34598 	 -0.262944
1489 	 11.8739 	 15.8739 	 0.339611 	 -0.294082
1490 	 11.9209 	 15.9209 	 0.277271 	 -0.386188
1491 	 11.6133 	 15.6133 	 0.338288 	 -0.272357
1492 	 11.7216 	 15.7216 	 0.358223 	 -0.304777
1493 	 11.3968 	 15.3968 	 0.529691 	 -0.370636
1494 	 12.0034 	 16.0034 	 0.346303 	 -0.270495
1495 	 11.7587 	 15.7587 	 0.306201 	 -0.397088
1496 	 12.8009 	 16.8009 	 0.314091 	 -0.297745
1497 	 12.8751 	 16.8751 	 0.224022 	 -0.341151
1498 	 12.6187 	 16.6187 	 0.281058 	 -0.327219
1499 	 10.1132 	 14.1132 	 0.990597 	 0.191956
1500 	 13.1851 	 17.1851 	 0.224037 	 -0.251085
1501 	 12.4473 	 16.4473 	 0.336712 	 -0.35137
1502 	 12.7948 	 16.7948 	 0.190166 	 -0.246841
1503 	 12.8075 	 16.8075 	 0.313197 	 -0.28429
1504 	 11.9082 	 15.9082 	 0.350839 	 -0.323671
1505 	 11.9587 	 15.9587 	 0.312177 	 -0.43447
1506 	 12.2317 	 16.2317 	 0.244878 	 -0.242655
1507 	 11.4284 	 15.4284 	 0.384567 	 -0.421366
1508 	 12.6458 	 16.6458 	 0.23087 	 -0.298863
1509 	 12.0534 	 16.0534 	 0.351311 	 -0.384647
1510 	 12.1338 	 16.1338 	 0.373256 	 -0.273411
1511 	 12.8887 	 16.8887 	 0.208354 	 -0.237077
1512 	 11.0795 	 15.0795 	 0.374457 	 -0.309777
1513 	 11.656 	 15.656 	 0.381156 	 -0.343516
1514 	 11.6373 	 15.6373 	 0.272644 	 -0.374871
1515 	 11.183 	 15.183 	 0.356797 	 -0.291353
1516 	 11.4841 	 15.4841 	 0.410107 	 -0.304433
1517 	 11.4566 	 15.4566 	 0.366001 	 -0.384758
1518 	 11.5408 	 15.5408 	 0.374588 	 -0.359796
1519 	 11.3202 	 15.3202 	 0.372336 	 -0.328645
1520 	 11.6933 	 15.6933 	 0.352908 	 -0.27629
1521 	 11.8532 	 15.8532 	 0.3254 	 -0.282886
1522 	 11.9188 	 15.9188 	 0.336706 	 -0.323014
1523 	 11.3751 	 15.3751 	 0.35215 	 -0.401372
1524 	 12.4079 	 16.4079 	 0.322548 	 -0.261166
1525 	 11.6593 	 15.6593 	 0.341099 	 -0.377778
1526 	 11.6615 	 15.6615 	 0.409903 	 -0.335379
1527 	 12.2427 	 16.2427 	 0.301881 	 -0.293204
1528 	 12.5196 	 16.5196 	 0.156315 	 -0.260368
1529 	 12.2303 	 16.2303 	 0.234578 	 -0.334423
1530 	 12.7131 	 16.7131 	 0.193869 	 -0.268601
1531 	 12.5999 	 16.5999 	 0.220503 	 -0.22688
1532 	 12.9238 	 16.9238 	 0.217416 	 -0.276424
1533 	 12.7632 	 16.7632 	 0.261889 	 -0.236912
1534 	 12.4622 	 16.4622 	 0.224586 	 -0.280064
1535 	 12.2595 	 16.2595 	 0.361053 	 -0.249757
1536 	 12.0444 	 16.0444 	 0.29181 	 -0.233125
1537 	 12.1957 	 16.1957 	 0.203487 	 -0.198862
1538 	 12.2977 	 16.2977 	 0.325954 	 -0.342508
1539 	 11.616 	 15.616 	 0.34103 	 -0.33834
1540 	 12.254 	 16.254 	 0.238566 	 -0.275546
1541 	 12.8176 	 16.8176 	 0.11982 	 -0.244775
1542 	 11.9537 	 15.9537 	 0.252849 	 -0.23469
1543 	 12.0864 	 16.0864 	 0.305629 	 -0.253951
1544 	 12.7235 	 16.7235 	 0.257008 	 -0.266052
1545 	 12.9136 	 16.9136 	 0.278589 	 -0.252187
1546 	 13.0509 	 17.0509 	 0.277154 	 -0.193187
1547 	 13.0257 	 17.0257 	 0.133099 	 -0.290176
1548 	 13.2411 	 17.2411 	 0.246059 	 -0.23778
1549 	 12.5015 	 16.5015 	 0.300316 	 -0.33961
1550 	 12.737 	 16.737 	 0.302196 	 -0.231943
1551 	 13.2389 	 17.2389 	 0.234801 	 -0.265294
1552 	 12.6143 	 16.6143 	 0.296874 	 -0.26862
1553 	 13.1356 	 17.1356 	 0.194089 	 -0.192263
1554 	 13.0993 	 17.0993 	 0.175473 	 -0.298018
1555 	 12.9521 	 16.9521 	 0.209022 	 -0.294725
1556 	 13.1329 	 17.1329 	 0.203462 	 -0.270553
1557 	 12.7075 	 16.7075 	 0.277184 	 -0.296436
1558 	 13.1467 	 17.1467 	 0.092569 	 -0.23814
1559 	 13.2953 	 17.2953 	 0.185695 	 -0.177114
1560 	 12.4006 	 16.4006 	 0.287017 	 -0.200349
1561 	 11.669 	 15.669 	 0.321093 	 -0.316392
1562 	 12.1946 	 16.1946 	 0.237567 	 -0.250668
1563 	 11.9636 	 15.9636 	 0.360834 	 -0.298491
1564 	 11.8492 	 15.8492 	 0.36483 	 -0.360634
1565 	 11.679 	 15.679 	 0.336636 	 -0.289766
1566 	 12.0518 	 16.0518 	 0.257188 	 -0.283494
1567 	 11.9941 	 15.9941 	 0.279881 	 -0.309095
1568 	 10.6936 	 14.6936 	 0.344891 	 -0.28105
1569 	 11.2512 	 15.2512 	 0.279065 	 -0.206939
1570 	 11.1683 	 15.1683 	 0.389286 	 -0.287407
1571 	 10.9636 	 14.9636 	 0.29434 	 -0.335582
1572 	 11.3256 	 15.3256 	 0.254942 	 -0.322209
1573 	 10.9089 	 14.9089 	 0.378486 	 -0.279781
1574 	 11.0473 	 15.0473 	 0.298767 	 -0.350145
1575 	 11.5057 	 15.5057 	 0.28239 	 -0.303101
1576 	 12.227 	 16.227 	 0.458987 	 -0.566752
1577 	 13.0254 	 17.0254 	 0.253922 	 -0.353837
1578 	 12.7185 	 16.7185 	 0.393302 	 -0.450055
1579 	 12.5142 	 16.5142 	 0.37699 	 -0.33706
1580 	 12.6809 	 16.6809 	 0.314623 	 -0.368189
1581 	 12.7444 	 16.7444 	 0.339065 	 -0.331222
1582 	 12.5531 	 16.5531 	 0.355024 	 -0.343843
1583 	 12.8225 	 16.8225 	 0.277361 	 -0.394691
1584 	 11.6086 	 15.6086 	 0.290025 	 -0.305869
1585 	 11.6973 	 15.6973 	 0.292949 	 -0.277455
1586 	 11.8089 	 15.8089 	 0.282121 	 -0.329074
1587 	 11.5749 	 15.5749 	 0.273488 	 -0.32796
1588 	 11.8945 	 15.8945 	 0.217227 	 -0.320143
1589 	 11.6988 	 15.6988 	 0.292775 	 -0.320676
1590 	 11.8706 	 15.8706 	 0.328356 	 -0.231887
1591 	 11.8794 	 15.8794 	 0.297986 	 -0.322224
1592 	 13.1473 	 17.1473 	 0.22672 	 -0.308188
1593 	 13.3365 	 17.3365 	 0.265549 	 -0.213787
1594 	 12.7241 	 16.7241 	 0.295349 	 -0.304817
1595 	 13.2736 	 17.2736 	 0.201591 	 -0.275243
1596 	 13.0505 	 17.0505 	 0.171259 	 -0.287534
1597 	 12.8837 	 16.8837 	 0.287098 	 -0.279896
1598 	 13.0156 	 17.0156 	 0.257673 	 -0.246991
1599 	 13.3824 	 17.3824 	 0.259181 	 -0.271639
1600 	 11.9839 	 15.9839 	 0.323448 	 -0.24768
1601 	 11.6119 	 15.6119 	 0.285521 	 -0.316872
1602 	 11.3326 	 15.3326 	 0.400266 	 -0.394015
1603 	 11.635 	 15.635 	 0.308814 	 -0.337153
1604 	 11.5547 	 15.5547 	 0.331372 	 -0.375233
1605 	 11.8342 	 15.8342 	 0.335566 	 -0.35046
1606 	 11.8417 	 15.8417 	 0.243753 	 -0.319668
1607 	 11.2837 	 15.2837 	 0.416978 	 -0.396152
1608 	 11.7672 	 15.7672 	 0.309938 	 -0.334801
1609 	 11.6382 	 15.6382 	 0.403298 	 -0.305587
1610 	 11.6874 	 15.6874 	 0.34216 	 -0.316518
1611 	 11.8891 	 15.8891 	 0.243947 	 -0.358555
1612 	 11.6813 	 15.6813 	 0.358794 	 -0.316028
1613 	 11.8613 	 15.8613 	 0.271111 	 -0.372885
1614 	 12.0183 	 16.0183 	 0.304204 	 -0.378735
1615 	 11.7644 	 15.7644 	 0.431566 	 -0.389105
1616 	 12.0149 	 16.0149 	 0.418263 	 -0.320319
1617 	 12.3202 	 16.3202 	 0.353344 	 -0.318888
1618 	 12.4906 	 16.4906 	 0.301895 	 -0.390501
1619 	 12.1137 	 16.1137 	 0.410147 	 -0.332162
1620 	 12.1888 	 16.1888 	 0.380221 	 -0.323948
1621 	 12.1151 	 16.1151 	 0.318027 	 -0.401746
1622 	 12.0633 	 16.0633 	 0.398282 	 -0.278358
1623 	 12.1336 	 16.1336 	 0.318966 	 -0.287351
1624 	 12.3083 	 16.3083 	 0.270079 	 -0.286451
1625 	 11.936 	 15.936 	 0.339192 	 -0.267814
1626 	 12.0338 	 16.0338 	 0.335913 	 -0.298732
1627 	 12.1625 	 16.1625 	 0.320718 	 -0.263395
1628 	 11.8429 	 15.8429 	 0.327651 	 -0.374807
1629 	 11.9277 	 15.9277 	 0.357382 	 -0.302708
1630 	 12.1696 	 16.1696 	 0.322241 	 -0.301865
1631 	 -2 	 2 	 0 	 0
1632 	 13.475 	 17.475 	 0.201389 	 -0.237939
1633 	 13.4614 	 17.4614 	 0.229168 	 -0.281469
1634 	 12.9076 	 16.9076 	 0.300737 	 -0.243445
1635 	 12.7909 	 16.7909 	 0.291854 	 -0.229618
1636 	 13.3066 	 17.3066 	 0.315328 	 -0.221359
1637 	 13.0158 	 17.0158 	 0.199293 	 -0.281279
1638 	 13.0548 	 17.0548 	 0.214624 	 -0.258342
1639 	 13.3025 	 17.3025 	 0.177168 	 -0.272344
1640 	 12.198 	 16.198 	 0.221959 	 -0.27958
1641 	 12.0726 	 16.0726 	 0.311025 	 -0.325196
1642 	 13.2022 	 17.2022 	 0.189691 	 -0.245235
1643 	 12.1836 	 16.1836 	 0.285083 	 -0.30289
1644 	 12.77 	 16.77 	 0.328721 	 -0.264304
1645 	 12.2374 	 16.2374 	 0.300599 	 -0.285446
1646 	 12.7765 	 16.7765 	 0.239869 	 -0.242891
1647 	 13.4265 	 17.4265 	 0.209495 	 -0.252248
1648 	 11.4599 	 15.4599 	 0.308877 	 -0.392091
1649 	 12.4753 	 16.4753 	 0.280215 	 -0.207491
1650 	 11.7694 	 15.7694 	 0.255418 	 -0.309191
1651 	 11.7762 	 15.7762 	 0.297293 	 -0.270124
1652 	 11.6771 	 15.6771 	 0.365164 	 -0.275289
1653 	 12.6397 	 16.6397 	 0.197349 	 -0.218667
1654 	 12.0372 	 16.0372 	 0.226229 	 -0.307104
1655 	 11.9969 	 15.9969 	 0.251026 	 -0.253436
1656 	 12.6566 	 16.6566 	 0.297265 	 -0.236466
1657 	 12.5583 	 16.5583 	 0.284627 	 -0.332943
1658 	 13.0602 	 17.0602 	 0.206719 	 -0.194856
1659 	 13.1504 	 17.1504 	 0.169169 	 -0.243954
1660 	 12.7138 	 16.7138 	 0.189631 	 -0.269411
1661 	 12.6793 	 16.6793 	 0.161798 	 -0.277925
1662 	 12.8868 	 16.8868 	 0.180961 	 -0.283116
1663 	 13.1751 	 17.1751 	 0.184494 	 -0.285847
1664 	 10.5847 	 14.5847 	 0.392879 	 -0.355397
1665 	 11.5892 	 15.5892 	 0.3564 	 -0.299209
1666 	 11.8065 	 15.8065 	 0.256451 	 -0.210292
1667 	 11.5916 	 15.5916 	 0.318337 	 -0.295142
1668 	 11.6485 	 15.6485 	 0.256445 	 -0.298739
1669 	 11.4558 	 15.4558 	 0.214816 	 -0.276708
1670 	 11.3625 	 15.3625 	 0.327944 	 -0.303617
1671 	 11.6754 	 15.6754 	 0.329799 	 -0.25316
1672 	 12.315 	 16.315 	 0.398448 	 -0.468232
1673 	 12.6842 	 16.6842 	 0.357217 	 -0.439303
1674 	 12.6437 	 16.6437 	 0.365931 	 -0.407046
1675 	 12.4215 	 16.4215 	 0.322769 	 -0.38705
1676 	 12.6346 	 16.6346 	 0.308024 	 -0.418428
1677 	 12.6235 	 16.6235 	 0.446378 	 -0.387141
1678 	 12.7426 	 16.7426 	 0.549554 	 -0.531761
1679 	 12.7712 	 16.7712 	 0.39632 	 -0.458332
1680 	 11.9846 	 15.9846 	 0.291074 	 -0.288454
1681 	 13.1088 	 17.1088 	 0.221321 	 -0.263193
1682 	 12.7382 	 16.7382 	 0.29302 	 -0.242616
1683 	 12.1377 	 16.1377 	 0.293389 	 -0.370454
1684 	 13.0341 	 17.0341 	 0.176528 	 -0.301913
1685 	 12.1928 	 16.1928 	 0.292704 	 -0.260223
1686 	 13.0252 	 17.0252 	 0.200275 	 -0.264882
1687 	 12.713 	 16.713 	 0.334325 	 -0.233218
1688 	 12.3327 	 16.3327 	 0.307363 	 -0.404017
1689 	 12.9751 	 16.9751 	 0.239947 	 -0.224622
1690 	 13.3914 	 17.3914 	 0.156692 	 -0.284097
1691 	 12.4295 	 16.4295 	 0.184509 	 -0.32444
1692 	 13.1244 	 17.1244 	 0.274469 	 -0.262014
1693 	 12.6994 	 16.6994 	 0.32676 	 -0.323518
1694 	 12.6433 	 16.6433 	 0.296048 	 -0.374821
1695 	 13.1538 	 17.1538 	 0.250642 	 -0.260119
1696 	 12.3206 	 16.3206 	 0.335146 	 -0.325263
1697 	 13.0858 	 17.0858 	 0.2314 	 -0.33028
1698 	 12.4325 	 16.4325 	 0.26576 	 -0.318901
1699 	 12.5373 	 16.5373 	 0.299742 	 -0.364598
1700 	 12.777 	 16.777 	 0.304089 	 -0.280933
1701 	 12.5069 	 16.5069 	 0.295897 	 -0.264408
1702 	 13.2234 	 17.2234 	 0.266794 	 -0.293992
1703 	 13.1658 	 17.1658 	 0.195748 	 -0.305564
1704 	 12.1523 	 16.1523 	 0.37463 	 -0.300569
1705 	 12.5644 	 16.5644 	 0.251148 	 -0.31108
1706 	 12.2402 	 16.2402 	 0.3775 	 -0.270786
1707 	 12.2809 	 16.2809 	 0.301183 	 -0.356302
1708 	 12.5675 	 16.5675 	 0.267937 	 -0.323921
1709 	 12.4326 	 16.4326 	 0.293297 	 -0.331957
1710 	 12.5951 	 16.5951 	 0.25047 	 -0.304657
1711 	 12.6184 	 16.6184 	 0.269161 	 -0.320114
1712 	 11.7756 	 15.7756 	 0.398316 	 -0.369357
1713 	 12.1842 	 16.1842 	 0.323362 	 -0.258559
1714 	 11.693 	 15.693 	 0.153193 	 -0.462181
1715 	 12.1677 	 16.1677 	 0.30775 	 -0.335892
1716 	 12.226 	 16.226 	 0.280652 	 -0.330391
1717 	 12.2861 	 16.2861 	 0.326983 	 -0.296727
1718 	 12.1205 	 16.1205 	 0.380219 	 -0.31966
1719 	 12.2298 	 16.2298 	 0.309447 	 -0.340818
1720 	 12.9864 	 16.9864 	 0.303104 	 -0.34198
1721 	 13.1186 	 17.1186 	 0.263724 	 -0.293757
1722 	 13.1707 	 17.1707 	 0.311964 	 -0.289611
1723 	 12.8218 	 16.8218 	 0.232033 	 -0.314533
1724 	 13.5715 	 17.5715 	 0.304048 	 -0.227082
1725 	 13.2658 	 17.2658 	 0.296985 	 -0.25999
1726 	 12.6802 	 16.6802 	 0.301574 	 -0.321838
1727 	 13.3 	 17.3 	 0.243553 	 -0.30391
1728 	 10.9259 	 14.9259 	 0.448902 	 -0.367371
1729 	 11.6229 	 15.6229 	 0.333549 	 -0.246506
1730 	 11.6137 	 15.6137 	 0.347664 	 -0.257569
1731 	 11.2776 	 15.2776 	 0.403961 	 -0.316255
1732 	 11.6972 	 15.6972 	 0.301826 	 -0.281145
1733 	 11.0915 	 15.0915 	 0.386281 	 -0.321165
1734 	 11.4502 	 15.4502 	 0.339046 	 -0.311617
1735 	 11.4163 	 15.4163 	 0.283111 	 -0.357007
1736 	 12.7125 	 16.7125 	 0.276855 	 -0.205075
1737 	 12.7423 	 16.7423 	 0.304452 	 -0.29006
1738 	 12.8414 	 16.8414 	 0.229155 	 -0.232947
1739 	 12.5249 	 16.5249 	 0.27145 	 -0.225456
1740 	 12.7191 	 16.7191 	 0.190995 	 -0.320833
1741 	 12.2103 	 16.2103 	 0.26334 	 -0.250749
1742 	 12.7148 	 16.7148 	 0.222673 	 -0.25387
1743 	 12.5472 	 16.5472 	 0.276525 	 -0.302845
1744 	 11.8818 	 15.8818 	 0.283191 	 -0.277664
1745 	 11.9014 	 15.9014 	 0.150575 	 -0.286444
1746 	 11.6847 	 15.6847 	 0.305608 	 -0.295392
1747 	 12.0528 	 16.0528 	 0.203848 	 -0.249171
1748 	 12.0537 	 16.0537 	 0.273131 	 -0.270701
1749 	 11.7059 	 15.7059 	 0.22202 	 -0.345615
1750 	 11.6799 	 15.6799 	 0.168161 	 -0.278451
1751 	 11.7914 	 15.7914 	 0.324399 	 -0.277986
1752 	 10.7071 	 14.7071 	 0.385102 	 -0.35681
1753 	 11.5421 	 15.5421 	 0.246023 	 -0.290808
1754 	 11.046 	 15.046 	 0.320972 	 -0.376406
1755 	 10.9477 	 14.9477 	 0.301766 	 -0.391147
1756 	 10.48 	 14.48 	 0.354897 	 -0.402576
1757 	 10.6855 	 14.6855 	 0.336069 	 -0.382531
1758 	 11.2905 	 15.2905 	 0.298788 	 -0.26682
1759 	 10.7724 	 14.7724 	 0.42843 	 -0.295451
1760 	 11.2157 	 15.2157 	 0.365935 	 -0.391749
1761 	 11.1854 	 15.1854 	 0.249268 	 -0.403934
1762 	 11.3115 	 15.3115 	 0.322675 	 -0.408466
1763 	 11.1308 	 15.1308 	 0.299912 	 -0.39486
1764 	 11.2802 	 15.2802 	 0.351683 	 -0.461115
1765 	 10.8138 	 14.8138 	 0.293556 	 -0.32442
1766 	 11.2699 	 15.2699 	 0.342624 	 -0.354433
1767 	 11.9262 	 15.9262 	 0.473446 	 -0.42175
1768 	 11.3755 	 15.3755 	 0.438119 	 -0.400556
1769 	 11.7173 	 15.7173 	 0.404562 	 -0.396695
1770 	 10.8926 	 14.8926 	 0.428741 	 -0.412809
1771 	 11.1408 	 15.1408 	 0.437703 	 -0.417541
1772 	 11.3181 	 15.3181 	 0.425201 	 -0.489732
1773 	 11.42 	 15.42 	 0.442084 	 -0.502551
1774 	 11.2678 	 15.2678 	 0.415734 	 -0.378573
1775 	 11.7835 	 15.7835 	 0.495121 	 -0.463294
1776 	 12.5862 	 16.5862 	 0.326634 	 -0.374682
1777 	 8.67257 	 12.6726 	 0.697788 	 0.240004
1778 	 12.7652 	 16.7652 	 0.142692 	 -0.281044
1779 	 12.4979 	 16.4979 	 0.274836 	 -0.39069
1780 	 13.1725 	 17.1725 	 0.250011 	 -0.340015
1781 	 12.6748 	 16.6748 	 0.381253 	 -0.355335
1782 	 12.7793 	 16.7793 	 0.290815 	 -0.359848
1783 	 12.3411 	 16.3411 	 0.28282 	 -0.362522
1784 	 11.7321 	 15.7321 	 0.321597 	 -0.272004
1785 	 12.5639 	 16.5639 	 0.2547 	 -0.309732
1786 	 12.0881 	 16.0881 	 0.370122 	 -0.292345
1787 	 11.7204 	 15.7204 	 0.240759 	 -0.29083
1788 	 11.9059 	 15.9059 	 0.285994 	 -0.375322
1789 	 12.1427 	 16.1427 	 0.330713 	 -0.272567
1790 	 12.0558 	 16.0558 	 0.38503 	 -0.286886
1791 	 11.9558 	 15.9558 	 0.28648 	 -0.303898
1792 	 11.9262 	 15.9262 	 0.272298 	 -0.353913
1793 	 11.56 	 15.56 	 0.31661 	 -0.342548
1794 	 12.4089 	 16.4089 	 0.325701 	 -0.317758
1795 	 11.9379 	 15.9379 	 0.252804 	 -0.284451
1796 	 11.9503 	 15.9503 	 0.355716 	 -0.31836
1797 	 11.7913 	 15.7913 	 0.270725 	 -0.261621
1798 	 12.0949 	 16.0949 	 0.380663 	 -0.351096
1799 	 12.0689 	 16.0689 	 0.330569 	 -0.240035
1800 	 11.7632 	 15.7632 	 0.379477 	 -0.300987
1801 	 11.8108 	 15.8108 	 0.28602 	 -0.328803
1802 	 11.5703 	 15.5703 	 0.282566 	 -0.316089
1803 	 11.6617 	 15.6617 	 0.35809 	 -0.39593
1804 	 12.1324 	 16.1324 	 0.347849 	 -0.310978
1805 	 11.5284 	 15.5284 	 0.316703 	 -0.306499
1806 	 11.7137 	 15.7137 	 0.288405 	 -0.301709
1807 	 11.8269 	 15.8269 	 0.319478 	 -0.293341
1808 	 12.3009 	 16.3009 	 0.357251 	 -0.229682
1809 	 11.8821 	 15.8821 	 0.352774 	 -0.365222
1810 	 12.3999 	 16.3999 	 0.258292 	 -0.220349
1811 	 12.0277 	 16.0277 	 0.323202 	 -0.245302
1812 	 12.2018 	 16.2018 	 0.302248 	 -0.252734
1813 	 11.7266 	 15.7266 	 0.374634 	 -0.274183
1814 	 12.4324 	 16.4324 	 0.316085 	 -0.261859
1815 	 11.9149 	 15.9149 	 0.329225 	 -0.324077
1816 	 12.3242 	 16.3242 	 0.316857 	 -0.283874
1817 	 12.0798 	 16.0798 	 0.374182 	 -0.328705
1818 	 12.5519 	 16.5519 	 0.300409 	 -0.351198
1819 	 12.47 	 16.47 	 0.38827 	 -0.318156
1820 	 12.8073 	 16.8073 	 0.330524 	 -0.282004
1821 	 12.2492 	 16.2492 	 0.351874 	 -0.326402
1822 	 12.436 	 16.436 	 0.271924 	 -0.340857
1823 	 12.4314 	 16.4314 	 0.349434 	 -0.339097
1824 	 12.3516 	 16.3516 	 0.282077 	 -0.266503
1825 	 12.711 	 16.711 	 0.300347 	 -0.320481
1826 	 12.3036 	 16.3036 	 0.266836 	 -0.25788
1827 	 12.1607 	 16.1607 	 0.319389 	 -0.256544
1828 	 12.4064 	 16.4064 	 0.363819 	 -0.272233
1829 	 12.1728 	 16.1728 	 0.25339 	 -0.330787
1830 	 12.4096 	 16.4096 	 0.293538 	 -0.252486
1831 	 12.8262 	 16.8262 	 0.23611 	 -0.197192
1832 	 11.8809 	 15.8809 	 0.319323 	 -0.325005
1833 	 12.1493 	 16.1493 	 0.228696 	 -0.333213
1834 	 12.3161 	 16.3161 	 0.225242 	 -0.312169
1835 	 11.8552 	 15.8552 	 0.311918 	 -0.245248
1836 	 12.4946 	 16.4946 	 0.237168 	 -0.23761
1837 	 12.1517 	 16.1517 	 0.219237 	 -0.31932
1838 	 12.1381 	 16.1381 	 0.209549 	 -0.286348
1839 	 12.1991 	 16.1991 	 0.20168 	 -0.221786
1840 	 11.8591 	 15.8591 	 0.344097 	 -0.343155
1841 	 11.4438 	 15.4438 	 0.45764 	 -0.451413
1842 	 11.2805 	 15.2805 	 0.370676 	 -0.436274
1843 	 11.2254 	 15.2254 	 0.37653 	 -0.434472
1844 	 11.3223 	 15.3223 	 0.342485 	 -0.377224
1845 	 11.3691 	 15.3691 	 0.388461 	 -0.352408
1846 	 11.3404 	 15.3404 	 0.393312 	 -0.462889
1847 	 11.5261 	 15.5261 	 0.342926 	 -0.318231
1848 	 11.2349 	 15.2349 	 0.393672 	 -0.406803
1849 	 11.2338 	 15.2338 	 0.38408 	 -0.324634
1850 	 12.198 	 16.198 	 0.423977 	 -0.350297
1851 	 11.4174 	 15.4174 	 0.412273 	 -0.376643
1852 	 11.2271 	 15.2271 	 0.440694 	 -0.382054
1853 	 11.3647 	 15.3647 	 0.356855 	 -0.338456
1854 	 12.1462 	 16.1462 	 0.462146 	 -0.500069
1855 	 11.6721 	 15.6721 	 0.327654 	 -0.363705
1856 	 11.9107 	 15.9107 	 0.290634 	 -0.395846
1857 	 12.3352 	 16.3352 	 0.335446 	 -0.374447
1858 	 12.1777 	 16.1777 	 0.35236 	 -0.320976
1859 	 11.8965 	 15.8965 	 0.252059 	 -0.382727
1860 	 11.9625 	 15.9625 	 0.351264 	 -0.406829
1861 	 11.9837 	 15.9837 	 0.352546 	 -0.28
1862 	 12.3412 	 16.3412 	 0.354662 	 -0.253672
1863 	 12.4864 	 16.4864 	 0.334429 	 -0.319834
1864 	 12.7713 	 16.7713 	 0.244591 	 -0.322582
1865 	 12.8965 	 16.8965 	 0.242334 	 -0.241011
1866 	 13.2344 	 17.2344 	 0.319235 	 -0.27686
1867 	 13.1114 	 17.1114 	 0.301144 	 -0.329302
1868 	 13.3798 	 17.3798 	 0.304626 	 -0.233375
1869 	 12.6492 	 16.6492 	 0.236221 	 -0.335001
1870 	 12.543 	 16.543 	 0.26293 	 -0.29783
1871 	 13.1329 	 17.1329 	 0.250141 	 -0.269019
1872 	 10.7748 	 14.7748 	 0.382908 	 -0.304356
1873 	 11.3095 	 15.3095 	 0.328492 	 -0.243515
1874 	 11.4447 	 15.4447 	 0.308772 	 -0.294354
1875 	 10.926 	 14.926 	 0.357502 	 -0.30339
1876 	 11.4449 	 15.4449 	 0.365319 	 -0.433182
1877 	 10.5495 	 14.5495 	 0.343889 	 -0.376523
1878 	 11.4883 	 15.4883 	 0.315192 	 -0.249975
1879 	 11.4541 	 15.4541 	 0.358485 	 -0.312833
1880 	 11.8463 	 15.8463 	 0.38037 	 -0.331178
1881 	 12.6275 	 16.6275 	 0.19382 	 -0.335003
1882 	 12.1876 	 16.1876 	 0.355098 	 -0.309045
1883 	 11.7243 	 15.7243 	 0.293441 	 -0.367737
1884 	 11.6164 	 15.6164 	 0.301334 	 -0.381644
1885 	 11.8892 	 15.8892 	 0.268725 	 -0.359605
1886 	 11.8235 	 15.8235 	 0.357625 	 -0.324954
1887 	 12.0152 	 16.0152 	 0.35398 	 -0.358881
1888 	 12.6785 	 16.6785 	 0.26578 	 -0.324725
1889 	 12.8989 	 16.8989 	 0.316291 	 -0.251586
1890 	 13.0053 	 17.0053 	 0.215216 	 -0.289754
1891 	 12.6133 	 16.6133 	 0.330469 	 -0.301744
1892 	 12.8245 	 16.8245 	 0.277042 	 -0.243058
1893 	 12.6178 	 16.6178 	 0.358974 	 -0.297506
1894 	 12.7389 	 16.7389 	 0.245572 	 -0.312683
1895 	 13.0675 	 17.0675 	 0.224214 	 -0.208332
1896 	 11.9446 	 15.9446 	 0.297768 	 -0.272767
1897 	 11.9935 	 15.9935 	 0.24039 	 -0.208953
1898 	 11.9451 	 15.9451 	 0.306263 	 -0.227636
1899 	 11.8886 	 15.8886 	 0.282282 	 -0.283668
1900 	 12.1955 	 16.1955 	 0.207181 	 -0.322216
1901 	 11.7032 	 15.7032 	 0.241158 	 -0.248487
1902 	 12.2182 	 16.2182 	 0.306335 	 -0.333985
1903 	 12.0253 	 16.0253 	 0.203077 	 -0.295611
1904 	 11.3832 	 15.3832 	 0.430076 	 -0.355992
1905 	 11.8857 	 15.8857 	 0.370848 	 -0.315612
1906 	 12.3577 	 16.3577 	 0.240301 	 -0.254871
1907 	 11.9762 	 15.9762 	 0.296865 	 -0.30576
1908 	 11.8267 	 15.8267 	 0.299762 	 -0.264132
1909 	 11.665 	 15.665 	 0.298906 	 -0.371317
1910 	 12.2353 	 16.2353 	 0.302216 	 -0.354892
1911 	 12.0037 	 16.0037 	 0.34824 	 -0.25806
1912 	 11.7449 	 15.7449 	 0.54011 	 -0.538687
1913 	 11.9829 	 15.9829 	 0.537289 	 -0.516779
1914 	 11.2725 	 15.2725 	 0.318604 	 -0.345703
1915 	 11.4471 	 15.4471 	 0.385801 	 -0.323072
1916 	 11.6803 	 15.6803 	 0.503806 	 -0.555936
1917 	 11.8853 	 15.8853 	 0.460992 	 -0.459621
1918 	 11.6962 	 15.6962 	 0.369558 	 -0.383638
1919 	 11.4793 	 15.4793 	 0.380074 	 -0.344015
1920 	 11.2866 	 15.2866 	 0.353062 	 -0.356242
1921 	 11.1085 	 15.1085 	 0.418454 	 -0.347726
1922 	 11.2678 	 15.2678 	 0.328167 	 -0.393036
1923 	 11.0246 	 15.0246 	 0.404323 	 -0.361557
1924 	 11.2903 	 15.2903 	 0.321257 	 -0.394163
1925 	 11.0941 	 15.0941 	 0.430294 	 -0.392344
1926 	 11.1812 	 15.1812 	 0.335688 	 -0.327619
1927 	 11.5279 	 15.5279 	 0.288981 	 -0.359933
1928 	 12.6502 	 16.6502 	 0.244921 	 -0.359128
1929 	 12.7847 	 16.7847 	 0.271468 	 -0.366835
1930 	 12.8035 	 16.8035 	 0.308693 	 -0.32716
1931 	 13.2188 	 17.2188 	 0.183123 	 -0.296262
1932 	 13.4843 	 17.4843 	 0.24478 	 -0.253704
1933 	 13.277 	 17.277 	 0.249498 	 -0.269761
1934 	 13.0216 	 17.0216 	 0.340635 	 -0.332497
1935 	 13.275 	 17.275 	 0.157042 	 -0.212968
1936 	 11.5995 	 15.5995 	 0.313862 	 -0.348012
1937 	 11.801 	 15.801 	 0.315365 	 -0.301523
1938 	 11.7916 	 15.7916 	 0.251538 	 -0.346552
1939 	 11.5711 	 15.5711 	 0.20868 	 -0.28515
1940 	 11.7299 	 15.7299 	 0.296733 	 -0.295279
1941 	 11.7818 	 15.7818 	 0.22507 	 -0.321022
1942 	 11.6946 	 15.6946 	 0.224995 	 -0.359617
1943 	 11.7359 	 15.7359 	 0.288592 	 -0.33758
1944 	 11.383 	 15.383 	 0.374763 	 -0.294053
1945 	 11.6819 	 15.6819 	 0.359059 	 -0.283334
1946 	 11.3428 	 15.3428 	 0.365818 	 -0.28153
1947 	 11.5233 	 15.5233 	 0.4917 	 -0.358744
1948 	 11.8511 	 15.8511 	 0.332503 	 -0.304152
1949 	 11.4869 	 15.4869 	 0.32964 	 -0.358453
1950 	 11.7379 	 15.7379 	 0.332328 	 -0.376859
1951 	 11.5919 	 15.5919 	 0.369235 	 -0.293562
1952 	 0 	 0 	 0 	 0
1953 	 0 	 0 	 0 	 0
1954 	 0 	 0 	 0 	 0
1955 	 0 	 0 	 0 	 0
1956 	 0 	 0 	 0 	 0
1957 	 0 	 0 	 0 	 0
1958 	 0 	 0 	 0 	 0
1959 	 0 	 0 	 0 	 0
1960 	 0 	 0 	 0 	 0
1961 	 0 	 0 	 0 	 0
1962 	 0 	 0 	 0 	 0
1963 	 0 	 0 	 0 	 0
1964 	 0 	 0 	 0 	 0
1965 	 0 	 0 	 0 	 0
1966 	 0 	 0 	 0 	 0
1967 	 0 	 0 	 0 	 0
1968 	 0 	 0 	 0 	 0
1969 	 0 	 0 	 0 	 0
1970 	 0 	 0 	 0 	 0
1971 	 0 	 0 	 0 	 0
1972 	 0 	 0 	 0 	 0
1973 	 0 	 0 	 0 	 0
1974 	 0 	 0 	 0 	 0
1975 	 0 	 0 	 0 	 0
1976 	 0 	 0 	 0 	 0
1977 	 0 	 0 	 0 	 0
1978 	 0 	 0 	 0 	 0
1979 	 0 	 0 	 0 	 0
1980 	 0 	 0 	 0 	 0
1981 	 0 	 0 	 0 	 0
1982 	 0 	 0 	 0 	 0
1983 	 0 	 0 	 0 	 0
1984 	 0 	 0 	 0 	 0
1985 	 0 	 0 	 0 	 0
1986 	 0 	 0 	 0 	 0
1987 	 0 	 0 	 0 	 0
1988 	 0 	 0 	 0 	 0
1989 	 0 	 0 	 0 	 0
1990 	 0 	 0 	 0 	 0
1991 	 0 	 0 	 0 	 0
1992 	 0 	 0 	 0 	 0
1993 	 0 	 0 	 0 	 0
1994 	 0 	 0 	 0 	 0
1995 	 0 	 0 	 0 	 0
1996 	 0 	 0 	 0 	 0
1997 	 0 	 0 	 0 	 0
1998 	 0 	 0 	 0 	 0
1999 	 0 	 0 	 0 	 0
2000 	 0 	 0 	 0 	 0
2001 	 0 	 0 	 0 	 0
2002 	 0 	 0 	 0 	 0
2003 	 0 	 0 	 0 	 0
2004 	 0 	 0 	 0 	 0
2005 	 0 	 0 	 0 	 0
2006 	 0 	 0 	 0 	 0
2007 	 0 	 0 	 0 	 0
2008 	 0 	 0 	 0 	 0
2009 	 0 	 0 	 0 	 0
2010 	 0 	 0 	 0 	 0
2011 	 0 	 0 	 0 	 0
2012 	 0 	 0 	 0 	 0
2013 	 0 	 0 	 0 	 0
2014 	 0 	 0 	 0 	 0
2015 	 0 	 0 	 0 	 0
2016 	 0 	 0 	 0 	 0
2017 	 0 	 0 	 0 	 0
2018 	 0 	 0 	 0 	 0
2019 	 0 	 0 	 0 	 0
2020 	 0 	 0 	 0 	 0
2021 	 0 	 0 	 0 	 0
2022 	 0 	 0 	 0 	 0
2023 	 0 	 0 	 0 	 0
2024 	 0 	 0 	 0 	 0
2025 	 0 	 0 	 0 	 0
2026 	 0 	 0 	 0 	 0
2027 	 0 	 0 	 0 	 0
2028 	 0 	 0 	 0 	 0
2029 	 0 	 0 	 0 	 0
2030 	 0 	 0 	 0 	 0
2031 	 0 	 0 	 0 	 0
2032 	 0 	 0 	 0 	 0
2033 	 0 	 0 	 0 	 0
2034 	 0 	 0 	 0 	 0
2035 	 0 	 0 	 0 	 0
2036 	 0 	 0 	 0 	 0
2037 	 0 	 0 	 0 	 0
2038 	 0 	 0 	 0 	 0
2039 	 0 	 0 	 0 	 0
2040 	 0 	 0 	 0 	 0
2041 	 0 	 0 	 0 	 0
2042 	 0 	 0 	 0 	 0
2043 	 0 	 0 	 0 	 0
2044 	 0 	 0 	 0 	 0
2045 	 0 	 0 	 0 	 0
2046 	 0 	 0 	 0 	 0
2047 	 0 	 0 	 0 	 0
2048 	 0 	 0 	 0 	 0
2049 	 0 	 0 	 0 	 0
2050 	 0 	 0 	 0 	 0
2051 	 0 	 0 	 0 	 0
2052 	 0 	 0 	 0 	 0
2053 	 0 	 0 	 0 	 0
2054 	 0 	 0 	 0 	 0
2055 	 0 	 0 	 0 	 0
2056 	 0 	 0 	 0 	 0
2057 	 0 	 0 	 0 	 0
2058 	 0 	 0 	 0 	 0
2059 	 0 	 0 	 0 	 0
2060 	 0 	 0 	 0 	 0
2061 	 0 	 0 	 0 	 0
2062 	 0 	 0 	 0 	 0
2063 	 0 	 0 	 0 	 0
2064 	 0 	 0 	 0 	 0
2065 	 0 	 0 	 0 	 0
2066 	 0 	 0 	 0 	 0
2067 	 0 	 0 	 0 	 0
2068 	 0 	 0 	 0 	 0
2069 	 0 	 0 	 0 	 0
2070 	 0 	 0 	 0 	 0
2071 	 0 	 0 	 0 	 0
2072 	 0 	 0 	 0 	 0
2073 	 0 	 0 	 0 	 0
2074 	 0 	 0 	 0 	 0
2075 	 0 	 0 	 0 	 0
2076 	 0 	 0 	 0 	 0
2077 	 0 	 0 	 0 	 0
2078 	 0 	 0 	 0 	 0
2079 	 0 	 0 	 0 	 0
2080 	 0 	 0 	 0 	 0
2081 	 0 	 0 	 0 	 0
2082 	 0 	 0 	 0 	 0
2083 	 0 	 0 	 0 	 0
2084 	 0 	 0 	 0 	 0
2085 	 0 	 0 	 0 	 0
2086 	 0 	 0 	 0 	 0
2087 	 0 	 0 	 0 	 0
2088 	 0 	 0 	 0 	 0
2089 	 0 	 0 	 0 	 0
2090 	 0 	 0 	 0 	 0
2091 	 0 	 0 	 0 	 0
2092 	 0 	 0 	 0 	 0
2093 	 0 	 0 	 0 	 0
2094 	 0 	 0 	 0 	 0
2095 	 0 	 0 	 0 	 0
2096 	 0 	 0 	 0 	 0
2097 	 0 	 0 	 0 	 0
2098 	 0 	 0 	 0 	 0
2099 	 0 	 0 	 0 	 0
2100 	 0 	 0 	 0 	 0
2101 	 0 	 0 	 0 	 0
2102 	 0 	 0 	 0 	 0
2103 	 0 	 0 	 0 	 0
2104 	 0 	 0 	 0 	 0
2105 	 0 	 0 	 0 	 0
2106 	 0 	 0 	 0 	 0
2107 	 0 	 0 	 0 	 0
2108 	 0 	 0 	 0 	 0
2109 	 0 	 0 	 0 	 0
2110 	 0 	 0 	 0 	 0
2111 	 0 	 0 	 0 	 0
2112 	 0 	 0 	 0 	 0
2113 	 0 	 0 	 0 	 0
2114 	 0 	 0 	 0 	 0
2115 	 0 	 0 	 0 	 0
2116 	 0 	 0 	 0 	 0
2117 	 0 	 0 	 0 	 0
2118 	 0 	 0 	 0 	 0
2119 	 0 	 0 	 0 	 0
2120 	 0 	 0 	 0 	 0
2121 	 0 	 0 	 0 	 0
2122 	 0 	 0 	 0 	 0
2123 	 0 	 0 	 0 	 0
2124 	 0 	 0 	 0 	 0
2125 	 0 	 0 	 0 	 0
2126 	 0 	 0 	 0 	 0
2127 	 0 	 0 	 0 	 0
2128 	 0 	 0 	 0 	 0
2129 	 0 	 0 	 0 	 0
2130 	 0 	 0 	 0 	 0
2131 	 0 	 0 	 0 	 0
2132 	 0 	 0 	 0 	 0
2133 	 0 	 0 	 0 	 0
2134 	 0 	 0 	 0 	 0
2135 	 0 	 0 	 0 	 0
2136 	 0 	 0 	 0 	 0
2137 	 0 	 0 	 0 	 0
2138 	 0 	 0 	 0 	 0
2139 	 0 	 0 	 0 	 0
2140 	 0 	 0 	 0 	 0
2141 	 0 	 0 	 0 	 0
2142 	 0 	 0 	 0 	 0
2143 	 0 	 0 	 0 	 0
2144 	 0 	 0 	 0 	 0
2145 	 0 	 0 	 0 	 0
2146 	 0 	 0 	 0 	 0
2147 	 0 	 0 	 0 	 0
2148 	 0 	 0 	 0 	 0
2149 	 0 	 0 	 0 	 0
2150 	 0 	 0 	 0 	 0
2151 	 0 	 0 	 0 	 0
2152 	 0 	 0 	 0 	 0
2153 	 0 	 0 	 0 	 0
2154 	 0 	 0 	 0 	 0
2155 	 0 	 0 	 0 	 0
2156 	 0 	 0 	 0 	 0
2157 	 0 	 0 	 0 	 0
2158 	 0 	 0 	 0 	 0
2159 	 0 	 0 	 0 	 0
2160 	 0 	 0 	 0 	 0
2161 	 0 	 0 	 0 	 0
2162 	 0 	 0 	 0 	 0
2163 	 0 	 0 	 0 	 0
2164 	 0 	 0 	 0 	 0
2165 	 0 	 0 	 0 	 0
2166 	 0 	 0 	 0 	 0
2167 	 0 	 0 	 0 	 0
2168 	 0 	 0 	 0 	 0
2169 	 0 	 0 	 0 	 0
2170 	 0 	 0 	 0 	 0
2171 	 0 	 0 	 0 	 0
2172 	 0 	 0 	 0 	 0
2173 	 0 	 0 	 0 	 0
2174 	 0 	 0 	 0 	 0
2175 	 0 	 0 	 0 	 0
2176 	 0 	 0 	 0 	 0
2177 	 0 	 0 	 0 	 0
2178 	 0 	 0 	 0 	 0
2179 	 0 	 0 	 0 	 0
2180 	 0 	 0 	 0 	 0
2181 	 0 	 0 	 0 	 0
2182 	 0 	 0 	 0 	 0
2183 	 0 	 0 	 0 	 0
2184 	 0 	 0 	 0 	 0
2185 	 0 	 0 	 0 	 0
2186 	 0 	 0 	 0 	 0
2187 	 0 	 0 	 0 	 0
2188 	 0 	 0 	 0 	 0
2189 	 0 	 0 	 0 	 0
2190 	 0 	 0 	 0 	 0
2191 	 0 	 0 	 0 	 0
2192 	 0 	 0 	 0 	 0
2193 	 0 	 0 	 0 	 0
2194 	 0 	 0 	 0 	 0
2195 	 0 	 0 	 0 	 0
