# generated with run 4854
#---------------------------------------------------------------------
#SeqID 	 MinWidth 	 MaxWidth 	 SC_MinWidth 	 SC_MaxWidth
#---------------------------------------------------------------------
0 	 11.9846 	 15.9846 	 -0.722793 	 -1.31144
1 	 11.5801 	 15.5801 	 -0.574612 	 -1.52506
2 	 11.3227 	 15.3227 	 -0.538351 	 -1.57033
3 	 11.1533 	 15.1533 	 -0.473597 	 -1.48496
4 	 12.0621 	 16.0621 	 -0.535659 	 -1.39025
5 	 11.4443 	 15.4443 	 -0.75906 	 -1.4474
6 	 11.2421 	 15.2421 	 -0.609573 	 -1.59709
7 	 11.9305 	 15.9305 	 -0.585493 	 -1.42082
8 	 12.0843 	 16.0843 	 -0.720839 	 -1.40954
9 	 12.2885 	 16.2885 	 -0.577508 	 -1.56131
10 	 12.5087 	 16.5087 	 -0.868398 	 -1.19205
11 	 11.994 	 15.994 	 -0.628967 	 -1.42366
12 	 12.0418 	 16.0418 	 -0.658739 	 -1.51518
13 	 11.5704 	 15.5704 	 -0.441743 	 -1.56806
14 	 12.2925 	 16.2925 	 -0.632207 	 -1.33533
15 	 12.1317 	 16.1317 	 -0.642211 	 -1.38479
16 	 12.8365 	 16.8365 	 -0.799448 	 -1.21
17 	 12.7655 	 16.7655 	 -0.68399 	 -1.44581
18 	 12.8488 	 16.8488 	 -0.689362 	 -1.30908
19 	 12.6723 	 16.6723 	 -0.635702 	 -1.50688
20 	 12.7931 	 16.7931 	 -0.695496 	 -1.3777
21 	 12.6361 	 16.6361 	 -0.627191 	 -1.42338
22 	 12.5396 	 16.5396 	 -0.70477 	 -1.29757
23 	 12.3983 	 16.3983 	 -0.745092 	 -1.43467
24 	 11.5925 	 15.5925 	 -0.630019 	 -1.35942
25 	 11.8238 	 15.8238 	 -0.649393 	 -1.24561
26 	 12.3194 	 16.3194 	 -0.79176 	 -1.29137
27 	 11.8716 	 15.8716 	 -0.728958 	 -1.36134
28 	 11.7756 	 15.7756 	 -0.681595 	 -1.33144
29 	 11.6945 	 15.6945 	 -0.49797 	 -1.36156
30 	 11.9172 	 15.9172 	 -0.751138 	 -1.32817
31 	 11.8372 	 15.8372 	 -0.671985 	 -1.3683
32 	 11.4096 	 15.4096 	 -0.176135 	 -1.13279
33 	 11.6699 	 15.6699 	 -0.263941 	 -1.07031
34 	 11.7334 	 15.7334 	 -0.261272 	 -1.01072
35 	 11.1913 	 15.1913 	 -0.141321 	 -1.03658
36 	 11.6041 	 15.6041 	 -0.240858 	 -1.05768
37 	 11.3054 	 15.3054 	 -0.18667 	 -1.02636
38 	 11.0145 	 15.0145 	 -0.162267 	 -1.21791
39 	 11.86 	 15.86 	 -0.179826 	 -0.991457
40 	 12.0632 	 16.0632 	 -0.320943 	 -0.904146
41 	 12.4626 	 16.4626 	 -0.293243 	 -0.915721
42 	 12.3391 	 16.3391 	 -0.304103 	 -0.89664
43 	 12.7691 	 16.7691 	 -0.377691 	 -0.895919
44 	 12.5176 	 16.5176 	 -0.257008 	 -0.889886
45 	 12.638 	 16.638 	 -0.308816 	 -0.923756
46 	 12.4213 	 16.4213 	 -0.300162 	 -0.881407
47 	 12.3037 	 16.3037 	 -0.198796 	 -0.897456
48 	 11.5459 	 15.5459 	 -0.214169 	 -0.860783
49 	 11.3841 	 15.3841 	 -0.264071 	 -1.02771
50 	 11.6776 	 15.6776 	 -0.227688 	 -0.887791
51 	 11.582 	 15.582 	 -0.299787 	 -0.952808
52 	 11.4025 	 15.4025 	 -0.276521 	 -0.938768
53 	 11.7612 	 15.7612 	 -0.277278 	 -0.901577
54 	 11.7088 	 15.7088 	 -0.296461 	 -0.93888
55 	 11.2189 	 15.2189 	 -0.216985 	 -0.937585
56 	 12.4987 	 16.4987 	 -0.522911 	 -1.24134
57 	 13.2952 	 17.2952 	 -0.586585 	 -1.14072
58 	 12.7093 	 16.7093 	 -0.526994 	 -1.29207
59 	 13.0463 	 17.0463 	 -0.661068 	 -1.14138
60 	 13.8845 	 17.8845 	 -0.615252 	 -1.15754
61 	 13.1664 	 17.1664 	 -0.545083 	 -1.25899
62 	 13.097 	 17.097 	 -0.569043 	 -1.18637
63 	 13.412 	 17.412 	 -0.581492 	 -1.17086
64 	 12.953 	 16.953 	 -0.539485 	 -1.17849
65 	 13.1432 	 17.1432 	 -0.563919 	 -1.1466
66 	 12.7488 	 16.7488 	 -0.591617 	 -1.18617
67 	 13.3049 	 17.3049 	 -0.720554 	 -1.19471
68 	 12.7284 	 16.7284 	 -0.634484 	 -1.22502
69 	 13.3149 	 17.3149 	 -0.712145 	 -1.16633
70 	 13.2856 	 17.2856 	 -0.658474 	 -1.17383
71 	 13.3393 	 17.3393 	 -0.568023 	 -1.15329
72 	 13.0722 	 17.0722 	 -0.029855 	 -0.558464
73 	 12.5113 	 16.5113 	 0.0148016 	 -0.594014
74 	 13.0338 	 17.0338 	 0.0630508 	 -0.546035
75 	 12.6135 	 16.6135 	 0.0664243 	 -0.608353
76 	 13.0705 	 17.0705 	 0.109728 	 -0.524918
77 	 13.1568 	 17.1568 	 0.0760945 	 -0.497659
78 	 12.8792 	 16.8792 	 0.0463366 	 -0.566153
79 	 13.1545 	 17.1545 	 0.10089 	 -0.527981
80 	 12.2237 	 16.2237 	 0.195782 	 -0.639162
81 	 13.0873 	 17.0873 	 0.0753475 	 -0.559298
82 	 12.7923 	 16.7923 	 0.121432 	 -0.521627
83 	 12.7466 	 16.7466 	 0.050349 	 -0.663398
84 	 12.8242 	 16.8242 	 0.0796362 	 -0.602456
85 	 12.9234 	 16.9234 	 0.180487 	 -0.592191
86 	 12.7762 	 16.7762 	 0.13848 	 -0.547318
87 	 13.2269 	 17.2269 	 0.086568 	 -0.594106
88 	 12.8198 	 16.8198 	 0.0617375 	 -0.656349
89 	 12.7367 	 16.7367 	 0.343364 	 -0.541138
90 	 13.1432 	 17.1432 	 0.0324218 	 -0.652093
91 	 13.0813 	 17.0813 	 0.087102 	 -0.607386
92 	 13.1733 	 17.1733 	 0.0864455 	 -0.553974
93 	 13.1247 	 17.1247 	 0.0479868 	 -0.587709
94 	 13.0437 	 17.0437 	 0.133455 	 -0.58623
95 	 13.023 	 17.023 	 0.105964 	 -0.62061
96 	 11.6679 	 15.6679 	 -0.519704 	 -1.30047
97 	 11.6608 	 15.6608 	 -0.591699 	 -1.46399
98 	 11.5602 	 15.5602 	 -0.774791 	 -1.44372
99 	 11.3237 	 15.3237 	 -0.659782 	 -1.38668
100 	 11.6374 	 15.6374 	 -0.745666 	 -1.34545
101 	 11.419 	 15.419 	 -0.855112 	 -1.16759
102 	 11.5949 	 15.5949 	 -0.509718 	 -1.54145
103 	 11.6084 	 15.6084 	 -0.571326 	 -1.43165
104 	 11.2914 	 15.2914 	 -0.785644 	 -1.31275
105 	 12.183 	 16.183 	 -0.643111 	 -1.46205
106 	 12.919 	 16.919 	 -0.719053 	 -1.36856
107 	 11.7896 	 15.7896 	 -0.758822 	 -1.33568
108 	 12.3258 	 16.3258 	 -0.765964 	 -1.37281
109 	 11.2297 	 15.2297 	 -0.434648 	 -1.64378
110 	 12.1987 	 16.1987 	 -0.899386 	 -1.27452
111 	 11.7238 	 15.7238 	 -0.785852 	 -1.31815
112 	 12.2481 	 16.2481 	 -0.594556 	 -1.39984
113 	 12.5039 	 16.5039 	 -0.789327 	 -1.35391
114 	 12.6486 	 16.6486 	 -0.736354 	 -1.38287
115 	 12.4646 	 16.4646 	 -0.66754 	 -1.33727
116 	 12.4904 	 16.4904 	 -0.567295 	 -1.41424
117 	 12.4239 	 16.4239 	 -0.83701 	 -1.27898
118 	 12.3602 	 16.3602 	 -0.721233 	 -1.3746
119 	 12.4136 	 16.4136 	 -0.631789 	 -1.40351
120 	 12.0657 	 16.0657 	 -0.619264 	 -1.27596
121 	 11.4588 	 15.4588 	 -0.50475 	 -1.43084
122 	 11.5565 	 15.5565 	 -0.556893 	 -1.4543
123 	 12.1582 	 16.1582 	 -0.577339 	 -1.37158
124 	 11.7392 	 15.7392 	 -0.557911 	 -1.37953
125 	 11.4372 	 15.4372 	 -0.418052 	 -1.52822
126 	 11.4212 	 15.4212 	 -0.616881 	 -1.45551
127 	 11.4129 	 15.4129 	 -0.552905 	 -1.38445
128 	 12.4242 	 16.4242 	 -0.248177 	 -1.00726
129 	 13.0161 	 17.0161 	 -0.334763 	 -0.962403
130 	 12.981 	 16.981 	 -0.330024 	 -0.932117
131 	 -2 	 2 	 0 	 0
132 	 13.1554 	 17.1554 	 -0.329426 	 -0.971421
133 	 12.7708 	 16.7708 	 -0.227602 	 -0.925454
134 	 12.9736 	 16.9736 	 -0.310855 	 -0.943625
135 	 13.5362 	 17.5362 	 -0.33336 	 -0.886951
136 	 12.4675 	 16.4675 	 -0.215836 	 -0.88495
137 	 12.1235 	 16.1235 	 -0.269921 	 -0.84676
138 	 12.224 	 16.224 	 -0.221222 	 -0.905704
139 	 12.3369 	 16.3369 	 -0.240369 	 -0.886776
140 	 12.2397 	 16.2397 	 -0.377257 	 -0.939874
141 	 12.3667 	 16.3667 	 -0.252946 	 -0.893466
142 	 12.4139 	 16.4139 	 -0.289472 	 -0.914086
143 	 12.3937 	 16.3937 	 -0.34968 	 -0.902383
144 	 12.3617 	 16.3617 	 -0.528614 	 -1.13268
145 	 12.3449 	 16.3449 	 -0.666571 	 -1.1496
146 	 12.1093 	 16.1093 	 -0.591173 	 -1.21356
147 	 12.2922 	 16.2922 	 -0.654529 	 -1.21102
148 	 11.9762 	 15.9762 	 -0.582859 	 -1.22485
149 	 11.9976 	 15.9976 	 -0.630196 	 -1.19083
150 	 12.3737 	 16.3737 	 -0.671808 	 -1.14127
151 	 12.4617 	 16.4617 	 -0.655215 	 -1.06677
152 	 12.016 	 16.016 	 -0.517843 	 -1.21916
153 	 12.477 	 16.477 	 -0.5872 	 -1.28677
154 	 12.3215 	 16.3215 	 -0.557055 	 -1.18954
155 	 12.3425 	 16.3425 	 -0.613124 	 -1.2622
156 	 11.9932 	 15.9932 	 -0.519988 	 -1.2045
157 	 12.1374 	 16.1374 	 -0.560785 	 -1.15508
158 	 12.0259 	 16.0259 	 -0.503368 	 -1.16899
159 	 12.3461 	 16.3461 	 -0.557829 	 -1.13262
160 	 11.2471 	 15.2471 	 -0.459552 	 -1.2803
161 	 11.6618 	 15.6618 	 -0.459222 	 -1.26196
162 	 11.6283 	 15.6283 	 -0.536344 	 -1.31309
163 	 11.6979 	 15.6979 	 -0.60865 	 -1.25243
164 	 12.1763 	 16.1763 	 -0.583768 	 -1.13293
165 	 11.9277 	 15.9277 	 -0.692365 	 -1.19039
166 	 11.4511 	 15.4511 	 -0.414433 	 -1.22176
167 	 12.0204 	 16.0204 	 -0.482668 	 -1.27952
168 	 12.0601 	 16.0601 	 0.0030299 	 -0.55865
169 	 11.9416 	 15.9416 	 0.0512306 	 -0.640213
170 	 11.8609 	 15.8609 	 0.0601651 	 -0.601029
171 	 12.3542 	 16.3542 	 0.0679815 	 -0.551599
172 	 12.4205 	 16.4205 	 -0.00777335 	 -0.622256
173 	 11.8929 	 15.8929 	 0.0207166 	 -0.604141
174 	 12.0101 	 16.0101 	 0.0921743 	 -0.54982
175 	 12.2644 	 16.2644 	 0.0192952 	 -0.573498
176 	 12.9266 	 16.9266 	 0.131184 	 -0.538512
177 	 12.7936 	 16.7936 	 0.0438284 	 -0.581215
178 	 12.842 	 16.842 	 0.0704512 	 -0.594241
179 	 13.1694 	 17.1694 	 0.100352 	 -0.582588
180 	 13.0144 	 17.0144 	 0.04521 	 -0.595522
181 	 12.944 	 16.944 	 0.0239817 	 -0.567592
182 	 13.2444 	 17.2444 	 0.0482925 	 -0.575302
183 	 12.9962 	 16.9962 	 0.0978634 	 -0.544796
184 	 13.013 	 17.013 	 0.0703158 	 -0.488339
185 	 12.7181 	 16.7181 	 0.144668 	 -0.60609
186 	 12.7444 	 16.7444 	 0.176897 	 -0.604719
187 	 12.4151 	 16.4151 	 0.141572 	 -0.535457
188 	 12.7361 	 16.7361 	 0.150186 	 -0.569292
189 	 12.4179 	 16.4179 	 0.044715 	 -0.634656
190 	 12.4492 	 16.4492 	 0.0818668 	 -0.599538
191 	 12.4345 	 16.4345 	 0.125271 	 -0.603994
192 	 12.6597 	 16.6597 	 -0.722302 	 -1.31435
193 	 12.56 	 16.56 	 -0.834156 	 -1.27386
194 	 12.4418 	 16.4418 	 -0.495543 	 -1.43138
195 	 12.2077 	 16.2077 	 -0.792484 	 -1.30631
196 	 12.5694 	 16.5694 	 -0.864369 	 -1.25882
197 	 12.3181 	 16.3181 	 -0.783761 	 -1.30122
198 	 12.4634 	 16.4634 	 -0.658664 	 -1.3518
199 	 12.2713 	 16.2713 	 -0.783226 	 -1.42695
200 	 12.7244 	 16.7244 	 -0.72776 	 -1.33381
201 	 13.3377 	 17.3377 	 -0.797487 	 -1.35353
202 	 13.2223 	 17.2223 	 -0.684819 	 -1.3991
203 	 12.8486 	 16.8486 	 -0.765438 	 -1.29647
204 	 12.8903 	 16.8903 	 -0.82701 	 -1.32099
205 	 12.6453 	 16.6453 	 -0.802751 	 -1.38384
206 	 12.81 	 16.81 	 -0.485548 	 -1.49665
207 	 13.4188 	 17.4188 	 -0.77061 	 -1.28622
208 	 10.8832 	 14.8832 	 -0.246536 	 -1.06458
209 	 11.755 	 15.755 	 -0.208049 	 -0.945126
210 	 11.8224 	 15.8224 	 -0.325641 	 -0.823477
211 	 11.0448 	 15.0448 	 -0.225479 	 -1.02239
212 	 11.6733 	 15.6733 	 -0.375699 	 -0.877625
213 	 11.2294 	 15.2294 	 -0.214487 	 -1.00549
214 	 11.8574 	 15.8574 	 -0.30319 	 -0.874795
215 	 11.7247 	 15.7247 	 -0.260622 	 -0.993622
216 	 12.2416 	 16.2416 	 -0.255717 	 -0.921048
217 	 12.3585 	 16.3585 	 -0.320175 	 -0.8859
218 	 12.6451 	 16.6451 	 -0.287602 	 -0.947721
219 	 12.3873 	 16.3873 	 -0.360089 	 -0.947445
220 	 12.4633 	 16.4633 	 -0.344797 	 -0.956887
221 	 12.3227 	 16.3227 	 -0.268006 	 -0.917951
222 	 11.9695 	 15.9695 	 -0.265533 	 -0.920126
223 	 12.6816 	 16.6816 	 -0.26126 	 -0.929372
224 	 11.6889 	 15.6889 	 -0.317825 	 -0.917184
225 	 11.7285 	 15.7285 	 -0.206027 	 -0.884183
226 	 12.0179 	 16.0179 	 -0.429558 	 -0.832707
227 	 11.969 	 15.969 	 -0.287673 	 -0.90867
228 	 11.8693 	 15.8693 	 -0.333871 	 -0.876367
229 	 12.1243 	 16.1243 	 -0.319363 	 -0.870833
230 	 11.9615 	 15.9615 	 -0.224599 	 -0.912699
231 	 11.8928 	 15.8928 	 -0.226187 	 -0.871127
232 	 11.9116 	 15.9116 	 -0.576872 	 -1.27485
233 	 12.2565 	 16.2565 	 -0.615159 	 -1.12504
234 	 12.0781 	 16.0781 	 -0.608858 	 -1.19626
235 	 11.9105 	 15.9105 	 -0.511557 	 -1.1263
236 	 12.2165 	 16.2165 	 -0.556583 	 -1.17315
237 	 12.1078 	 16.1078 	 -0.656384 	 -1.18325
238 	 12.0182 	 16.0182 	 -0.577076 	 -1.19072
239 	 12.3612 	 16.3612 	 -0.60547 	 -1.22667
240 	 12.611 	 16.611 	 -0.488532 	 -1.20361
241 	 13.0733 	 17.0733 	 -0.592974 	 -1.23759
242 	 13.1538 	 17.1538 	 -0.501992 	 -1.17968
243 	 12.8391 	 16.8391 	 -0.565403 	 -1.2059
244 	 13.2333 	 17.2333 	 -0.552707 	 -1.21035
245 	 13.142 	 17.142 	 -0.539119 	 -1.16694
246 	 13.5079 	 17.5079 	 -0.664626 	 -1.13051
247 	 13.0209 	 17.0209 	 -0.563666 	 -1.223
248 	 12.5302 	 16.5302 	 -0.543717 	 -1.26111
249 	 12.496 	 16.496 	 -0.594273 	 -1.25276
250 	 12.3736 	 16.3736 	 -0.515985 	 -1.22443
251 	 12.7122 	 16.7122 	 -0.585104 	 -1.15746
252 	 12.5592 	 16.5592 	 -0.518508 	 -1.13485
253 	 12.2304 	 16.2304 	 -0.504355 	 -1.16136
254 	 12.822 	 16.822 	 -0.530306 	 -1.17702
255 	 12.5566 	 16.5566 	 -0.613482 	 -1.21538
256 	 12.8457 	 16.8457 	 0.100779 	 -0.527662
257 	 12.7877 	 16.7877 	 0.0507694 	 -0.538011
258 	 12.6276 	 16.6276 	 0.120516 	 -0.569714
259 	 12.7037 	 16.7037 	 0.0581046 	 -0.534693
260 	 12.9712 	 16.9712 	 0.0626382 	 -0.498212
261 	 12.6302 	 16.6302 	 0.0550015 	 -0.573034
262 	 12.7689 	 16.7689 	 0.0588611 	 -0.506953
263 	 12.924 	 16.924 	 0.0449762 	 -0.50435
264 	 12.3681 	 16.3681 	 0.025246 	 -0.551339
265 	 11.7486 	 15.7486 	 0.111256 	 -0.515454
266 	 11.9134 	 15.9134 	 0.0944582 	 -0.576415
267 	 11.6617 	 15.6617 	 0.108828 	 -0.580279
268 	 11.6819 	 15.6819 	 0.198403 	 -0.581875
269 	 11.7448 	 15.7448 	 0.0912241 	 -0.611373
270 	 11.928 	 15.928 	 0.0735223 	 -0.594505
271 	 11.7953 	 15.7953 	 0.147072 	 -0.528122
272 	 12.1275 	 16.1275 	 0.136696 	 -0.619891
273 	 12.3032 	 16.3032 	 0.0657785 	 -0.533824
274 	 12.3168 	 16.3168 	 0.127856 	 -0.531348
275 	 12.602 	 16.602 	 0.100247 	 -0.553075
276 	 12.4658 	 16.4658 	 0.0794127 	 -0.622554
277 	 12.0842 	 16.0842 	 0.13264 	 -0.526678
278 	 12.0529 	 16.0529 	 0.125088 	 -0.572549
279 	 12.3616 	 16.3616 	 0.125587 	 -0.648203
280 	 11.6137 	 15.6137 	 -1.0054 	 -1.14342
281 	 11.9565 	 15.9565 	 -0.919461 	 -1.28931
282 	 12.2217 	 16.2217 	 -0.790293 	 -1.3875
283 	 12.0265 	 16.0265 	 -0.774978 	 -1.15647
284 	 12.4588 	 16.4588 	 -0.667448 	 -1.3451
285 	 12.1605 	 16.1605 	 -0.978396 	 -1.29353
286 	 12.0505 	 16.0505 	 -0.804634 	 -1.16691
287 	 12.4224 	 16.4224 	 -0.967269 	 -1.21603
288 	 12.0175 	 16.0175 	 -0.444569 	 -1.55398
289 	 11.8021 	 15.8021 	 -0.589762 	 -1.43647
290 	 11.6724 	 15.6724 	 -0.785473 	 -1.34397
291 	 11.517 	 15.517 	 -0.450946 	 -1.53098
292 	 11.4017 	 15.4017 	 -0.55686 	 -1.5382
293 	 11.9581 	 15.9581 	 -0.602685 	 -1.38997
294 	 11.4523 	 15.4523 	 -0.667256 	 -1.30026
295 	 11.6561 	 15.6561 	 -0.727514 	 -1.4342
296 	 12.901 	 16.901 	 -0.314799 	 -0.957263
297 	 12.9124 	 16.9124 	 -0.306379 	 -0.959593
298 	 12.9549 	 16.9549 	 -0.404651 	 -0.881179
299 	 12.6317 	 16.6317 	 -0.383294 	 -1.02801
300 	 12.8965 	 16.8965 	 -0.321895 	 -0.832677
301 	 12.6306 	 16.6306 	 -0.290872 	 -1.01321
302 	 12.6318 	 16.6318 	 -0.309728 	 -0.970001
303 	 12.6507 	 16.6507 	 -0.301771 	 -0.9449
304 	 12.2254 	 16.2254 	 -0.210695 	 -0.911786
305 	 12.6683 	 16.6683 	 -0.174241 	 -0.919618
306 	 12.8591 	 16.8591 	 -0.263141 	 -0.949734
307 	 12.969 	 16.969 	 -0.321096 	 -0.846305
308 	 12.3323 	 16.3323 	 -0.211024 	 -0.914737
309 	 12.6531 	 16.6531 	 -0.296162 	 -0.941571
310 	 12.4919 	 16.4919 	 -0.189081 	 -1.00051
311 	 12.4795 	 16.4795 	 -0.266011 	 -0.984046
312 	 12.5117 	 16.5117 	 -0.262076 	 -0.936392
313 	 12.6245 	 16.6245 	 -0.240121 	 -0.925046
314 	 13.0879 	 17.0879 	 -0.380714 	 -0.885176
315 	 13.3639 	 17.3639 	 -0.357393 	 -0.898741
316 	 13.1105 	 17.1105 	 -0.305407 	 -0.819842
317 	 13.1179 	 17.1179 	 -0.315818 	 -0.914243
318 	 13.2563 	 17.2563 	 -0.316947 	 -0.906108
319 	 12.807 	 16.807 	 -0.318668 	 -0.920553
320 	 12.5965 	 16.5965 	 -0.509642 	 -1.2183
321 	 12.7843 	 16.7843 	 -0.594366 	 -1.20856
322 	 12.7276 	 16.7276 	 -0.594318 	 -1.20162
323 	 12.2963 	 16.2963 	 -0.601716 	 -1.22486
324 	 12.3252 	 16.3252 	 -0.495626 	 -1.21784
325 	 12.6427 	 16.6427 	 -0.525178 	 -1.16277
326 	 12.814 	 16.814 	 -0.613674 	 -1.22765
327 	 13.1183 	 17.1183 	 -0.54619 	 -1.15721
328 	 12.8014 	 16.8014 	 -0.605276 	 -1.13516
329 	 12.7713 	 16.7713 	 -0.64605 	 -1.19336
330 	 13.034 	 17.034 	 -0.576313 	 -1.1897
331 	 13.1738 	 17.1738 	 -0.682737 	 -1.17513
332 	 12.9568 	 16.9568 	 -0.581603 	 -1.25545
333 	 12.7098 	 16.7098 	 -0.629139 	 -1.14707
334 	 12.663 	 16.663 	 -0.580038 	 -1.20183
335 	 12.3069 	 16.3069 	 -0.502654 	 -1.18512
336 	 12.7269 	 16.7269 	 -0.523109 	 -1.16546
337 	 12.7354 	 16.7354 	 -0.61502 	 -1.17306
338 	 13.1011 	 17.1011 	 -0.614106 	 -1.23038
339 	 12.5423 	 16.5423 	 -0.617032 	 -1.25933
340 	 12.6474 	 16.6474 	 -0.523775 	 -1.28941
341 	 12.5454 	 16.5454 	 -0.538783 	 -1.17202
342 	 12.5817 	 16.5817 	 -0.587611 	 -1.14861
343 	 12.8603 	 16.8603 	 -0.630076 	 -1.21503
344 	 13.1801 	 17.1801 	 0.050896 	 -0.591763
345 	 13.2183 	 17.2183 	 0.135326 	 -0.522736
346 	 12.7301 	 16.7301 	 0.0820231 	 -0.606085
347 	 13.3909 	 17.3909 	 0.0343779 	 -0.531846
348 	 12.8095 	 16.8095 	 0.0609452 	 -0.530207
349 	 12.6188 	 16.6188 	 0.127845 	 -0.583744
350 	 12.5377 	 16.5377 	 0.160182 	 -0.548235
351 	 12.7965 	 16.7965 	 0.135532 	 -0.599674
352 	 13.4264 	 17.4264 	 0.150478 	 -0.592063
353 	 13.3004 	 17.3004 	 0.0912045 	 -0.536973
354 	 13.7378 	 17.7378 	 0.134578 	 -0.518213
355 	 13.1977 	 17.1977 	 0.144757 	 -0.539936
356 	 13.4754 	 17.4754 	 0.190723 	 -0.526746
357 	 13.4915 	 17.4915 	 0.150906 	 -0.687449
358 	 13.484 	 17.484 	 0.0761391 	 -0.625108
359 	 13.8657 	 17.8657 	 0.0632241 	 -0.523145
360 	 12.2816 	 16.2816 	 0.0545024 	 -0.602534
361 	 12.4795 	 16.4795 	 0.0144786 	 -0.569902
362 	 12.261 	 16.261 	 0.0880559 	 -0.622658
363 	 12.3045 	 16.3045 	 0.106612 	 -0.569274
364 	 12.3409 	 16.3409 	 0.0711447 	 -0.604652
365 	 12.2038 	 16.2038 	 0.190105 	 -0.553221
366 	 12.0016 	 16.0016 	 0.0961579 	 -0.594131
367 	 12.2872 	 16.2872 	 0.064555 	 -0.566182
368 	 12.3634 	 16.3634 	 -0.466891 	 -1.45593
369 	 12.5686 	 16.5686 	 -0.576418 	 -1.46713
370 	 12.5373 	 16.5373 	 -0.582973 	 -1.44352
371 	 12.0634 	 16.0634 	 -0.594956 	 -1.59347
372 	 12.651 	 16.651 	 -0.614203 	 -1.43638
373 	 12.4393 	 16.4393 	 -0.525629 	 -1.56083
374 	 12.3463 	 16.3463 	 -0.433348 	 -1.66631
375 	 12.6263 	 16.6263 	 -0.707745 	 -1.28356
376 	 12.0465 	 16.0465 	 -0.402551 	 -0.953702
377 	 11.8055 	 15.8055 	 -0.288063 	 -0.979901
378 	 12.0077 	 16.0077 	 -0.345133 	 -0.932009
379 	 11.8707 	 15.8707 	 -0.377852 	 -0.897842
380 	 12.4853 	 16.4853 	 -0.460909 	 -0.956377
381 	 12.1602 	 16.1602 	 -0.442446 	 -0.917929
382 	 12.0704 	 16.0704 	 -0.250004 	 -0.88045
383 	 12.5126 	 16.5126 	 -0.345487 	 -0.951202
384 	 13.0145 	 17.0145 	 -0.280078 	 -0.914162
385 	 12.8668 	 16.8668 	 -0.251071 	 -0.915071
386 	 12.7693 	 16.7693 	 -0.243954 	 -0.942691
387 	 12.7448 	 16.7448 	 -0.356362 	 -0.867844
388 	 12.8066 	 16.8066 	 -0.28596 	 -0.962603
389 	 12.9499 	 16.9499 	 -0.319165 	 -0.938916
390 	 12.6912 	 16.6912 	 -0.344076 	 -0.856646
391 	 12.8169 	 16.8169 	 -0.361071 	 -0.851717
392 	 12.5782 	 16.5782 	 -0.375385 	 -0.902597
393 	 13.0176 	 17.0176 	 -0.303764 	 -0.891284
394 	 12.7264 	 16.7264 	 -0.305295 	 -0.899973
395 	 12.4664 	 16.4664 	 -0.256898 	 -0.855271
396 	 12.8151 	 16.8151 	 -0.26132 	 -0.8779
397 	 12.9124 	 16.9124 	 -0.333273 	 -0.864393
398 	 12.926 	 16.926 	 -0.306364 	 -0.831458
399 	 12.6434 	 16.6434 	 -0.28415 	 -0.8964
400 	 13.1818 	 17.1818 	 -0.542573 	 -1.18424
401 	 13.5933 	 17.5933 	 -0.550845 	 -1.24127
402 	 13.306 	 17.306 	 -0.513938 	 -1.158
403 	 13.1506 	 17.1506 	 -0.701965 	 -1.26889
404 	 13.2761 	 17.2761 	 -0.573532 	 -1.23489
405 	 13.3947 	 17.3947 	 -0.469194 	 -1.24346
406 	 13.3782 	 17.3782 	 -0.5899 	 -1.26379
407 	 13.6629 	 17.6629 	 -0.596689 	 -1.22871
408 	 12.1289 	 16.1289 	 -0.601039 	 -1.15143
409 	 11.843 	 15.843 	 -0.528772 	 -1.15735
410 	 12.006 	 16.006 	 -0.597468 	 -1.12398
411 	 11.99 	 15.99 	 -0.542978 	 -1.27684
412 	 12.2202 	 16.2202 	 -0.60504 	 -1.21367
413 	 12.3062 	 16.3062 	 -0.721326 	 -1.25566
414 	 11.9963 	 15.9963 	 -0.686493 	 -1.22245
415 	 12.201 	 16.201 	 -0.63746 	 -1.22931
416 	 11.6561 	 15.6561 	 -0.54684 	 -1.16131
417 	 12.0069 	 16.0069 	 -0.526653 	 -1.14975
418 	 11.6733 	 15.6733 	 -0.580346 	 -1.23115
419 	 11.4328 	 15.4328 	 -0.553584 	 -1.19391
420 	 11.6712 	 15.6712 	 -0.492251 	 -1.1973
421 	 11.72 	 15.72 	 -0.502407 	 -1.30061
422 	 11.7006 	 15.7006 	 -0.579353 	 -1.18105
423 	 11.8218 	 15.8218 	 -0.571803 	 -1.11334
424 	 11.7636 	 15.7636 	 0.0659931 	 -0.562692
425 	 11.7656 	 15.7656 	 0.0171758 	 -0.592352
426 	 -2 	 2 	 0 	 0
427 	 11.6127 	 15.6127 	 0.134259 	 -0.492288
428 	 11.8915 	 15.8915 	 0.0205528 	 -0.614774
429 	 11.67 	 15.67 	 0.0156714 	 -0.58154
430 	 11.9102 	 15.9102 	 0.0468213 	 -0.538631
431 	 11.7794 	 15.7794 	 -0.0149555 	 -0.652745
432 	 11.1702 	 15.1702 	 0.0978307 	 -0.591809
433 	 11.6059 	 15.6059 	 0.134915 	 -0.54737
434 	 11.7123 	 15.7123 	 0.0660785 	 -0.647802
435 	 11.829 	 15.829 	 0.0972438 	 -0.583535
436 	 11.7096 	 15.7096 	 0.112105 	 -0.628973
437 	 12.1207 	 16.1207 	 0.0903469 	 -0.66365
438 	 11.833 	 15.833 	 0.0644604 	 -0.61554
439 	 11.964 	 15.964 	 0.0260207 	 -0.473947
440 	 12.5143 	 16.5143 	 -0.313909 	 -0.939305
441 	 12.6315 	 16.6315 	 -0.273746 	 -0.962144
442 	 12.7258 	 16.7258 	 -0.325781 	 -0.805612
443 	 12.8033 	 16.8033 	 -0.346971 	 -0.928852
444 	 12.5748 	 16.5748 	 -0.455374 	 -0.802359
445 	 12.9992 	 16.9992 	 -0.396606 	 -0.867062
446 	 12.4987 	 16.4987 	 -0.197919 	 -0.965733
447 	 12.7632 	 16.7632 	 -0.285106 	 -0.974389
448 	 12.667 	 16.667 	 -0.255913 	 -0.873441
449 	 12.3503 	 16.3503 	 -0.327908 	 -0.949643
450 	 12.8681 	 16.8681 	 -0.248073 	 -0.888632
451 	 12.8534 	 16.8534 	 -0.381601 	 -0.774843
452 	 12.9051 	 16.9051 	 -0.296181 	 -0.938198
453 	 12.654 	 16.654 	 -0.283205 	 -0.925476
454 	 12.4891 	 16.4891 	 -0.263846 	 -0.936766
455 	 12.8188 	 16.8188 	 -0.353813 	 -0.918152
456 	 12.0572 	 16.0572 	 -0.53 	 -1.19667
457 	 12.3334 	 16.3334 	 -0.60992 	 -1.14509
458 	 12.0397 	 16.0397 	 -0.569296 	 -1.20027
459 	 11.7467 	 15.7467 	 -0.55271 	 -1.19726
460 	 12.114 	 16.114 	 -0.595813 	 -1.22495
461 	 12.0073 	 16.0073 	 -0.552109 	 -1.22612
462 	 12.0344 	 16.0344 	 -0.522496 	 -1.17709
463 	 12.3773 	 16.3773 	 -0.577968 	 -1.14567
464 	 12.4679 	 16.4679 	 -0.554828 	 -1.17667
465 	 12.6054 	 16.6054 	 -0.591734 	 -1.18016
466 	 12.6614 	 16.6614 	 -0.58057 	 -1.18582
467 	 12.355 	 16.355 	 -0.547438 	 -1.17555
468 	 12.6593 	 16.6593 	 -0.54146 	 -1.15121
469 	 12.2079 	 16.2079 	 -0.518435 	 -1.29942
470 	 12.5416 	 16.5416 	 -0.572196 	 -1.12904
471 	 12.6992 	 16.6992 	 -0.562275 	 -1.18103
472 	 12.2928 	 16.2928 	 -0.18364 	 -0.515332
473 	 11.6072 	 15.6072 	 -0.00415472 	 -0.596696
474 	 11.2642 	 15.2642 	 0.136823 	 -0.605358
475 	 12.0412 	 16.0412 	 -0.00290804 	 -0.498446
476 	 5.34941 	 9.34941 	 -0.143134 	 -0.341533
477 	 11.8506 	 15.8506 	 0.136456 	 -0.532475
478 	 12.1005 	 16.1005 	 0.008726 	 -0.58655
479 	 11.0316 	 15.0316 	 0.139097 	 -0.706572
480 	 13.6105 	 17.6105 	 -0.00595601 	 -0.640912
481 	 12.9746 	 16.9746 	 -0.00905051 	 -0.607328
482 	 12.932 	 16.932 	 0.107149 	 -0.619273
483 	 13.3758 	 17.3758 	 0.0560386 	 -0.577699
484 	 13.0966 	 17.0966 	 0.129458 	 -0.542983
485 	 12.7911 	 16.7911 	 0.165066 	 -0.607262
486 	 13.0521 	 17.0521 	 0.0847462 	 -0.543075
487 	 12.7941 	 16.7941 	 0.132926 	 -0.567273
488 	 12.3885 	 16.3885 	 -0.565021 	 -1.03418
489 	 12.4114 	 16.4114 	 -0.310061 	 -1.02103
490 	 12.3885 	 16.3885 	 -0.670748 	 -0.957629
491 	 12.2229 	 16.2229 	 -0.268733 	 -1.2992
492 	 12.64 	 16.64 	 -0.539871 	 -1.1498
493 	 12.1094 	 16.1094 	 -0.277187 	 -1.16865
494 	 12.3086 	 16.3086 	 -0.338547 	 -1.10912
495 	 12.3974 	 16.3974 	 -0.493932 	 -1.10394
496 	 11.5343 	 15.5343 	 -0.479503 	 -1.0656
497 	 12.5421 	 16.5421 	 -0.458356 	 -1.07219
498 	 11.7791 	 15.7791 	 -0.54934 	 -0.953059
499 	 11.258 	 15.258 	 -0.354341 	 -1.13368
500 	 11.9917 	 15.9917 	 -0.502871 	 -1.00532
501 	 11.472 	 15.472 	 -0.38728 	 -1.22751
502 	 11.9431 	 15.9431 	 -0.491038 	 -1.10805
503 	 12.4852 	 16.4852 	 -0.450809 	 -1.08579
504 	 11.9906 	 15.9906 	 -1.03091 	 -1.27815
505 	 11.9674 	 15.9674 	 -0.816209 	 -1.36739
506 	 12.4224 	 16.4224 	 -0.750226 	 -1.3682
507 	 11.74 	 15.74 	 -0.895644 	 -1.42795
508 	 12.3809 	 16.3809 	 -0.704657 	 -1.3889
509 	 12.1174 	 16.1174 	 -0.591333 	 -1.59527
510 	 12.1086 	 16.1086 	 -0.653398 	 -1.48183
511 	 12.1402 	 16.1402 	 -0.754706 	 -1.43056
512 	 11.3479 	 15.3479 	 -0.602911 	 -1.38719
513 	 11.6978 	 15.6978 	 -0.680097 	 -1.4083
514 	 11.6439 	 15.6439 	 -0.715659 	 -1.37895
515 	 11.5979 	 15.5979 	 -0.68414 	 -1.39459
516 	 11.9017 	 15.9017 	 -0.58024 	 -1.40234
517 	 11.6225 	 15.6225 	 -0.743512 	 -1.42537
518 	 11.4162 	 15.4162 	 -0.694756 	 -1.45022
519 	 11.4835 	 15.4835 	 -0.626742 	 -1.39075
520 	 12.701 	 16.701 	 -0.733677 	 -1.33228
521 	 12.6139 	 16.6139 	 -0.752385 	 -1.41411
522 	 12.4932 	 16.4932 	 -0.605655 	 -1.35613
523 	 12.7655 	 16.7655 	 -0.813259 	 -1.39922
524 	 12.8781 	 16.8781 	 -0.662194 	 -1.38269
525 	 12.6829 	 16.6829 	 -0.720682 	 -1.46905
526 	 12.7062 	 16.7062 	 -0.699233 	 -1.38249
527 	 12.7798 	 16.7798 	 -0.688639 	 -1.3463
528 	 12.451 	 16.451 	 -0.410065 	 -1.16276
529 	 12.941 	 16.941 	 -0.41678 	 -1.01877
530 	 12.4577 	 16.4577 	 -0.392665 	 -1.14363
531 	 12.4911 	 16.4911 	 -0.424776 	 -1.12727
532 	 12.6421 	 16.6421 	 -0.401512 	 -1.10652
533 	 12.3128 	 16.3128 	 -0.381327 	 -1.16622
534 	 12.5687 	 16.5687 	 -0.381715 	 -1.05071
535 	 12.5382 	 16.5382 	 -0.379914 	 -1.06115
536 	 11.5248 	 15.5248 	 -0.327977 	 -1.15369
537 	 11.7839 	 15.7839 	 -0.366545 	 -1.1345
538 	 12.0467 	 16.0467 	 -0.353664 	 -1.11639
539 	 11.701 	 15.701 	 -0.416834 	 -1.22234
540 	 11.8851 	 15.8851 	 -0.399101 	 -1.17175
541 	 12.4027 	 16.4027 	 -0.480383 	 -1.1002
542 	 12.1081 	 16.1081 	 -0.395948 	 -1.09042
543 	 11.7931 	 15.7931 	 -0.349471 	 -1.12606
544 	 11.6498 	 15.6498 	 -0.270045 	 -1.19781
545 	 12.4143 	 16.4143 	 -0.477049 	 -1.13132
546 	 12.1509 	 16.1509 	 -0.395942 	 -1.1645
547 	 11.4753 	 15.4753 	 -0.322571 	 -1.15759
548 	 12.1826 	 16.1826 	 -0.478186 	 -1.12332
549 	 11.9064 	 15.9064 	 -0.309645 	 -1.25341
550 	 12.4505 	 16.4505 	 -0.430771 	 -1.17099
551 	 11.7592 	 15.7592 	 -0.388423 	 -1.18138
552 	 11.6215 	 15.6215 	 0.340712 	 -0.503758
553 	 11.7523 	 15.7523 	 0.449736 	 -0.490676
554 	 11.9229 	 15.9229 	 0.386273 	 -0.528089
555 	 11.8273 	 15.8273 	 0.29549 	 -0.516932
556 	 11.3023 	 15.3023 	 0.408258 	 -0.574418
557 	 11.7759 	 15.7759 	 0.462611 	 -0.569844
558 	 11.9299 	 15.9299 	 0.346982 	 -0.58462
559 	 11.835 	 15.835 	 0.356693 	 -0.493329
560 	 11.0643 	 15.0643 	 0.351362 	 -0.471901
561 	 10.655 	 14.655 	 0.291337 	 -0.487313
562 	 11.39 	 15.39 	 0.358758 	 -0.453664
563 	 11.01 	 15.01 	 0.328543 	 -0.456233
564 	 10.7039 	 14.7039 	 0.358373 	 -0.516398
565 	 11.1612 	 15.1612 	 0.342248 	 -0.442942
566 	 10.9128 	 14.9128 	 0.295617 	 -0.478137
567 	 11.8376 	 15.8376 	 0.227838 	 -0.463385
568 	 12.0303 	 16.0303 	 0.23764 	 -0.482045
569 	 12.462 	 16.462 	 0.250435 	 -0.480698
570 	 12.5166 	 16.5166 	 0.347816 	 -0.425648
571 	 12.057 	 16.057 	 0.346281 	 -0.504112
572 	 12.2395 	 16.2395 	 0.325855 	 -0.41442
573 	 12.1549 	 16.1549 	 0.382969 	 -0.472693
574 	 12.425 	 16.425 	 0.269935 	 -0.476896
575 	 12.0864 	 16.0864 	 0.319288 	 -0.49856
576 	 12.2075 	 16.2075 	 0.12315 	 -0.465053
577 	 12.1183 	 16.1183 	 0.242411 	 -0.560779
578 	 12.9175 	 16.9175 	 0.225112 	 -0.390222
579 	 12.6476 	 16.6476 	 0.155195 	 -0.434247
580 	 11.8501 	 15.8501 	 0.297082 	 -0.606269
581 	 12.6637 	 16.6637 	 0.189715 	 -0.425314
582 	 12.5173 	 16.5173 	 0.193513 	 -0.394122
583 	 11.836 	 15.836 	 0.214344 	 -0.556496
584 	 12.1626 	 16.1626 	 -0.361545 	 -1.11508
585 	 12.6857 	 16.6857 	 -0.438078 	 -0.99384
586 	 11.8727 	 15.8727 	 -0.446895 	 -1.11928
587 	 12.2783 	 16.2783 	 -0.557958 	 -0.891009
588 	 11.8828 	 15.8828 	 -0.345269 	 -1.10162
589 	 12.4187 	 16.4187 	 -0.368438 	 -1.17076
590 	 12.0055 	 16.0055 	 -0.580761 	 -1.0593
591 	 12.0482 	 16.0482 	 -0.410364 	 -1.12504
592 	 11.31 	 15.31 	 -0.431304 	 -1.13275
593 	 10.8101 	 14.8101 	 -0.325073 	 -1.18387
594 	 11.5713 	 15.5713 	 -0.492509 	 -1.09227
595 	 11.877 	 15.877 	 -0.430608 	 -1.03984
596 	 11.2868 	 15.2868 	 -0.423135 	 -1.14664
597 	 11.7258 	 15.7258 	 -0.381068 	 -1.0574
598 	 11.2242 	 15.2242 	 -0.412979 	 -1.04179
599 	 11.5358 	 15.5358 	 -0.512899 	 -1.19704
600 	 12.8234 	 16.8234 	 -0.85579 	 -1.35374
601 	 12.5424 	 16.5424 	 -0.916785 	 -1.33429
602 	 13.1177 	 17.1177 	 -0.903326 	 -1.31592
603 	 12.0162 	 16.0162 	 -0.806443 	 -1.5004
604 	 12.8065 	 16.8065 	 -0.842905 	 -1.43521
605 	 12.794 	 16.794 	 -1.01149 	 -1.38371
606 	 12.4854 	 16.4854 	 -0.794751 	 -1.41606
607 	 12.9517 	 16.9517 	 -0.818272 	 -1.43045
608 	 11.5501 	 15.5501 	 -0.686896 	 -1.41639
609 	 11.8567 	 15.8567 	 -0.781189 	 -1.41662
610 	 12.5541 	 16.5541 	 -0.700272 	 -1.46452
611 	 11.5667 	 15.5667 	 -0.864859 	 -1.37051
612 	 12.4441 	 16.4441 	 -0.677235 	 -1.43942
613 	 11.7789 	 15.7789 	 -0.669638 	 -1.4244
614 	 12.0759 	 16.0759 	 -0.71325 	 -1.49015
615 	 12.0366 	 16.0366 	 -0.560049 	 -1.43301
616 	 12.4057 	 16.4057 	 -0.620038 	 -1.47135
617 	 13.5595 	 17.5595 	 -0.769837 	 -1.32521
618 	 13.6467 	 17.6467 	 -0.747697 	 -1.31531
619 	 12.8095 	 16.8095 	 -0.71789 	 -1.43399
620 	 13.3077 	 17.3077 	 -0.673136 	 -1.37512
621 	 12.8671 	 16.8671 	 -0.726628 	 -1.38586
622 	 13.2656 	 17.2656 	 -0.706022 	 -1.32411
623 	 12.9831 	 16.9831 	 -0.791531 	 -1.3643
624 	 11.397 	 15.397 	 -0.392751 	 -1.14506
625 	 11.5717 	 15.5717 	 -0.494665 	 -1.13491
626 	 11.5573 	 15.5573 	 -0.410658 	 -1.14156
627 	 11.1448 	 15.1448 	 -0.402495 	 -1.12152
628 	 11.55 	 15.55 	 -0.386042 	 -1.05124
629 	 11.4475 	 15.4475 	 -0.376153 	 -1.12213
630 	 11.3256 	 15.3256 	 -0.402455 	 -1.07801
631 	 11.8581 	 15.8581 	 -0.435829 	 -1.11402
632 	 11.6692 	 15.6692 	 -0.356237 	 -1.09892
633 	 11.9696 	 15.9696 	 -0.361715 	 -1.12287
634 	 11.9467 	 15.9467 	 -0.368146 	 -1.10575
635 	 11.8245 	 15.8245 	 -0.407694 	 -1.12071
636 	 12.3236 	 16.3236 	 -0.374104 	 -1.07543
637 	 11.9567 	 15.9567 	 -0.464867 	 -1.1291
638 	 11.7428 	 15.7428 	 -0.347448 	 -1.14758
639 	 12.2287 	 16.2287 	 -0.430802 	 -1.15623
640 	 12.7379 	 16.7379 	 -0.447303 	 -1.08869
641 	 12.4388 	 16.4388 	 -0.461541 	 -1.12566
642 	 12.6195 	 16.6195 	 -0.404521 	 -1.198
643 	 12.4603 	 16.4603 	 -0.436032 	 -1.14442
644 	 12.7777 	 16.7777 	 -0.408215 	 -1.18003
645 	 12.909 	 16.909 	 -0.501146 	 -1.10527
646 	 13.3278 	 17.3278 	 -0.405476 	 -1.06586
647 	 12.7787 	 16.7787 	 -0.348375 	 -1.13273
648 	 11.8613 	 15.8613 	 0.319804 	 -0.516251
649 	 12.1789 	 16.1789 	 0.362555 	 -0.527238
650 	 12.0609 	 16.0609 	 0.418757 	 -0.486229
651 	 12.1786 	 16.1786 	 0.270995 	 -0.487766
652 	 9.17243 	 13.1724 	 0 	 0
653 	 12.0748 	 16.0748 	 0.292639 	 -0.51576
654 	 12.2078 	 16.2078 	 0.360022 	 -0.42656
655 	 11.8601 	 15.8601 	 0.320933 	 -0.354343
656 	 11.8573 	 15.8573 	 0.281098 	 -0.470297
657 	 12.113 	 16.113 	 0.244991 	 -0.474272
658 	 12.2441 	 16.2441 	 0.284674 	 -0.379316
659 	 11.8549 	 15.8549 	 0.329473 	 -0.425114
660 	 11.7381 	 15.7381 	 0.266985 	 -0.491943
661 	 12.6529 	 16.6529 	 0.228859 	 -0.412809
662 	 11.9672 	 15.9672 	 0.27425 	 -0.48953
663 	 11.7646 	 15.7646 	 0.32169 	 -0.405155
664 	 11.6699 	 15.6699 	 0.25346 	 -0.602946
665 	 12.4776 	 16.4776 	 0.216597 	 -0.466765
666 	 12.3703 	 16.3703 	 0.319835 	 -0.470522
667 	 12.063 	 16.063 	 0.326848 	 -0.417509
668 	 12.0497 	 16.0497 	 0.306384 	 -0.529311
669 	 11.6013 	 15.6013 	 0.344257 	 -0.485944
670 	 12.3075 	 16.3075 	 0.250703 	 -0.44588
671 	 12.4023 	 16.4023 	 0.311806 	 -0.422615
672 	 11.5906 	 15.5906 	 0.346331 	 -0.518439
673 	 11.8951 	 15.8951 	 0.303576 	 -0.45074
674 	 12.2017 	 16.2017 	 0.224431 	 -0.460804
675 	 12.0593 	 16.0593 	 0.292784 	 -0.405903
676 	 12.0473 	 16.0473 	 0.297777 	 -0.49015
677 	 12.1465 	 16.1465 	 0.288855 	 -0.491583
678 	 11.6995 	 15.6995 	 0.188749 	 -0.526825
679 	 11.9338 	 15.9338 	 0.267523 	 -0.453743
680 	 12.242 	 16.242 	 -0.283254 	 -1.17192
681 	 12.4952 	 16.4952 	 -0.519137 	 -1.05548
682 	 12.7583 	 16.7583 	 -0.453824 	 -1.10135
683 	 12.9193 	 16.9193 	 -0.579511 	 -1.13149
684 	 12.6064 	 16.6064 	 -0.607234 	 -1.05733
685 	 12.3786 	 16.3786 	 -0.612607 	 -0.967698
686 	 12.3266 	 16.3266 	 -0.560274 	 -1.0017
687 	 12.3771 	 16.3771 	 -0.611877 	 -0.898715
688 	 11.2194 	 15.2194 	 -0.456948 	 -1.05029
689 	 11.169 	 15.169 	 -0.606461 	 -1.12206
690 	 12.2513 	 16.2513 	 -0.483362 	 -0.969573
691 	 11.4494 	 15.4494 	 -0.427009 	 -1.16152
692 	 11.8404 	 15.8404 	 -0.554519 	 -1.0056
693 	 11.5976 	 15.5976 	 -0.439962 	 -1.25056
694 	 11.2874 	 15.2874 	 -0.348652 	 -1.33642
695 	 11.7277 	 15.7277 	 -0.484633 	 -1.04663
696 	 12.2801 	 16.2801 	 -0.574003 	 -1.17526
697 	 12.7024 	 16.7024 	 -0.44099 	 -1.04973
698 	 12.8709 	 16.8709 	 -0.40126 	 -1.13908
699 	 11.9876 	 15.9876 	 -0.323561 	 -1.30781
700 	 12.1513 	 16.1513 	 -0.576685 	 -1.06921
701 	 12.2609 	 16.2609 	 -0.422877 	 -1.11895
702 	 12.2033 	 16.2033 	 -0.369946 	 -1.1438
703 	 12.2586 	 16.2586 	 -0.290805 	 -1.10753
704 	 13.1406 	 17.1406 	 -0.707762 	 -1.4138
705 	 12.752 	 16.752 	 -0.827278 	 -1.38222
706 	 13.0904 	 17.0904 	 -0.717933 	 -1.36203
707 	 12.8371 	 16.8371 	 -0.571677 	 -1.44554
708 	 12.4973 	 16.4973 	 -0.71893 	 -1.46399
709 	 12.3253 	 16.3253 	 -0.830228 	 -1.45815
710 	 12.5354 	 16.5354 	 -0.710117 	 -1.40374
711 	 12.8099 	 16.8099 	 -0.689887 	 -1.46432
712 	 12.4142 	 16.4142 	 -0.772769 	 -1.45492
713 	 12.4104 	 16.4104 	 -0.66863 	 -1.31415
714 	 12.2206 	 16.2206 	 -0.72511 	 -1.33277
715 	 12.2574 	 16.2574 	 -0.735945 	 -1.28128
716 	 11.85 	 15.85 	 -0.7296 	 -1.41264
717 	 12.1377 	 16.1377 	 -0.701317 	 -1.4149
718 	 12.5203 	 16.5203 	 -0.722167 	 -1.32322
719 	 12.3179 	 16.3179 	 -0.73114 	 -1.34126
720 	 11.6325 	 15.6325 	 -0.381793 	 -1.2201
721 	 11.9654 	 15.9654 	 -0.417503 	 -1.01278
722 	 11.7931 	 15.7931 	 -0.416241 	 -1.08588
723 	 11.4712 	 15.4712 	 -0.394464 	 -1.133
724 	 11.7156 	 15.7156 	 -0.480513 	 -1.16136
725 	 11.7193 	 15.7193 	 -0.484431 	 -1.1154
726 	 11.8574 	 15.8574 	 -0.43511 	 -1.08992
727 	 11.4082 	 15.4082 	 -0.431652 	 -1.22175
728 	 12.3782 	 16.3782 	 -0.371864 	 -1.13745
729 	 12.6052 	 16.6052 	 -0.395308 	 -1.11205
730 	 12.7486 	 16.7486 	 -0.502109 	 -1.1645
731 	 12.4016 	 16.4016 	 -0.582465 	 -1.16412
732 	 12.8129 	 16.8129 	 -0.465856 	 -1.08732
733 	 12.2101 	 16.2101 	 -0.341005 	 -1.21334
734 	 11.7918 	 15.7918 	 -0.41708 	 -1.19458
735 	 12.5448 	 16.5448 	 -0.368624 	 -1.07435
736 	 11.7671 	 15.7671 	 -0.407911 	 -1.24853
737 	 12.1567 	 16.1567 	 -0.469898 	 -1.19467
738 	 12.4016 	 16.4016 	 -0.510474 	 -1.18135
739 	 12.022 	 16.022 	 -0.352982 	 -1.15613
740 	 12.0322 	 16.0322 	 -0.395105 	 -1.14261
741 	 12.264 	 16.264 	 -0.395552 	 -1.12014
742 	 12.0755 	 16.0755 	 -0.338347 	 -1.1037
743 	 11.8045 	 15.8045 	 -0.318476 	 -1.13844
744 	 11.9298 	 15.9298 	 0.303821 	 -0.575755
745 	 12.3313 	 16.3313 	 0.232756 	 -0.519209
746 	 12.4744 	 16.4744 	 0.234327 	 -0.563507
747 	 12.3166 	 16.3166 	 0.302188 	 -0.50475
748 	 12.3933 	 16.3933 	 0.249207 	 -0.507576
749 	 12.4571 	 16.4571 	 0.29687 	 -0.49209
750 	 12.0487 	 16.0487 	 0.265973 	 -0.512504
751 	 12.3881 	 16.3881 	 0.344013 	 -0.483351
752 	 11.863 	 15.863 	 0.294415 	 -0.431828
753 	 11.4273 	 15.4273 	 0.36484 	 -0.435417
754 	 12.1374 	 16.1374 	 0.256821 	 -0.362971
755 	 11.8054 	 15.8054 	 0.234941 	 -0.554673
756 	 11.9167 	 15.9167 	 0.238182 	 -0.534765
757 	 11.9176 	 15.9176 	 0.204856 	 -0.487992
758 	 11.9854 	 15.9854 	 0.196848 	 -0.475068
759 	 11.9123 	 15.9123 	 0.403095 	 -0.54932
760 	 12.0403 	 16.0403 	 0.296302 	 -0.500548
761 	 12.5748 	 16.5748 	 0.353834 	 -0.417027
762 	 12.5592 	 16.5592 	 0.275096 	 -0.442136
763 	 12.1525 	 16.1525 	 0.290371 	 -0.436382
764 	 12.2092 	 16.2092 	 0.296345 	 -0.499927
765 	 12.4571 	 16.4571 	 0.276627 	 -0.446408
766 	 12.5086 	 16.5086 	 0.306139 	 -0.420237
767 	 12.6748 	 16.6748 	 0.241433 	 -0.433332
768 	 12.6116 	 16.6116 	 -0.799155 	 -0.91059
769 	 12.8014 	 16.8014 	 -0.443771 	 -1.10921
770 	 12.9505 	 16.9505 	 -0.551703 	 -1.03786
771 	 12.8217 	 16.8217 	 -0.523525 	 -0.963722
772 	 12.7747 	 16.7747 	 -0.553194 	 -1.16245
773 	 12.718 	 16.718 	 -0.28005 	 -1.24236
774 	 12.532 	 16.532 	 -0.638616 	 -0.952704
775 	 12.6932 	 16.6932 	 -0.357326 	 -1.2048
776 	 12.1187 	 16.1187 	 -0.423761 	 -1.20585
777 	 12.2285 	 16.2285 	 -0.714417 	 -1.09616
778 	 11.9821 	 15.9821 	 -0.526083 	 -1.15872
779 	 11.9938 	 15.9938 	 -0.605786 	 -0.970789
780 	 12.1593 	 16.1593 	 -0.536358 	 -1.07307
781 	 11.9118 	 15.9118 	 -0.511442 	 -0.929892
782 	 12.1882 	 16.1882 	 -0.599413 	 -1.04229
783 	 11.886 	 15.886 	 -0.551558 	 -1.07035
784 	 11.9447 	 15.9447 	 -0.421123 	 -1.2159
785 	 12.3137 	 16.3137 	 -0.654969 	 -1.00823
786 	 11.7101 	 15.7101 	 -0.466453 	 -1.0279
787 	 11.4839 	 15.4839 	 -0.51625 	 -1.04616
788 	 11.4273 	 15.4273 	 -0.579502 	 -1.06627
789 	 11.4308 	 15.4308 	 -0.277526 	 -1.28835
790 	 11.826 	 15.826 	 -0.429144 	 -1.06699
791 	 11.7691 	 15.7691 	 -0.542617 	 -1.07159
792 	 12.0194 	 16.0194 	 -0.648855 	 -1.4956
793 	 12.2342 	 16.2342 	 -0.746676 	 -1.43741
794 	 12.1561 	 16.1561 	 -0.757619 	 -1.36395
795 	 11.6337 	 15.6337 	 -0.739891 	 -1.51088
796 	 12.2805 	 16.2805 	 -0.732128 	 -1.41493
797 	 12.3573 	 16.3573 	 -0.734271 	 -1.39163
798 	 11.9572 	 15.9572 	 -0.607675 	 -1.55097
799 	 12.2239 	 16.2239 	 -0.751277 	 -1.49737
800 	 12.1896 	 16.1896 	 -0.789748 	 -1.4479
801 	 12.3502 	 16.3502 	 -0.710485 	 -1.4611
802 	 9.20493 	 13.2049 	 -0.870023 	 -1.29947
803 	 12.4415 	 16.4415 	 -0.68425 	 -1.43622
804 	 12.5549 	 16.5549 	 -0.63796 	 -1.36082
805 	 12.7913 	 16.7913 	 -0.881191 	 -1.29209
806 	 12.4226 	 16.4226 	 -0.69759 	 -1.35254
807 	 12.5503 	 16.5503 	 -0.727003 	 -1.39453
808 	 12.5594 	 16.5594 	 -0.533289 	 -1.08719
809 	 12.4456 	 16.4456 	 -0.420334 	 -1.10097
810 	 12.4972 	 16.4972 	 -0.426929 	 -1.05987
811 	 12.277 	 16.277 	 -0.384035 	 -1.12139
812 	 12.2743 	 16.2743 	 -0.484182 	 -1.19656
813 	 12.3292 	 16.3292 	 -0.534077 	 -1.09786
814 	 12.6214 	 16.6214 	 -0.52347 	 -1.0893
815 	 12.3339 	 16.3339 	 -0.397668 	 -1.05536
816 	 12.3884 	 16.3884 	 -0.44351 	 -1.10564
817 	 12.4181 	 16.4181 	 -0.394819 	 -1.10241
818 	 12.299 	 16.299 	 -0.358479 	 -1.1542
819 	 12.228 	 16.228 	 -0.46656 	 -1.10572
820 	 12.421 	 16.421 	 -0.383843 	 -1.09003
821 	 12.1694 	 16.1694 	 -0.395695 	 -1.05774
822 	 12.0651 	 16.0651 	 -0.335333 	 -1.10279
823 	 12.3346 	 16.3346 	 -0.396703 	 -1.11529
824 	 11.5517 	 15.5517 	 -0.3901 	 -1.15524
825 	 11.9622 	 15.9622 	 -0.329221 	 -1.10695
826 	 12.2551 	 16.2551 	 -0.411481 	 -1.13518
827 	 11.9851 	 15.9851 	 -0.395176 	 -1.12536
828 	 12.1584 	 16.1584 	 -0.395627 	 -1.05905
829 	 11.6884 	 15.6884 	 -0.386062 	 -1.14207
830 	 11.8879 	 15.8879 	 -0.447683 	 -1.12192
831 	 12.262 	 16.262 	 -0.410558 	 -1.08178
832 	 12.3653 	 16.3653 	 0.25835 	 -0.459416
833 	 11.9324 	 15.9324 	 0.346569 	 -0.488076
834 	 11.983 	 15.983 	 0.285153 	 -0.529545
835 	 11.9026 	 15.9026 	 0.230073 	 -0.459291
836 	 12.0861 	 16.0861 	 0.347935 	 -0.418469
837 	 12.462 	 16.462 	 0.121164 	 -0.272145
838 	 12.3141 	 16.3141 	 0.243527 	 -0.344201
839 	 11.9236 	 15.9236 	 0.259049 	 -0.524068
840 	 12.3647 	 16.3647 	 0.328438 	 -0.521918
841 	 12.6464 	 16.6464 	 0.314516 	 -0.528344
842 	 12.7106 	 16.7106 	 0.344491 	 -0.40312
843 	 12.6952 	 16.6952 	 0.270825 	 -0.42185
844 	 12.7269 	 16.7269 	 0.312843 	 -0.391961
845 	 12.6317 	 16.6317 	 0.298863 	 -0.427756
846 	 12.1011 	 16.1011 	 0.432499 	 -0.494535
847 	 12.5957 	 16.5957 	 0.318108 	 -0.403043
848 	 11.8809 	 15.8809 	 0.357463 	 -0.583769
849 	 11.7651 	 15.7651 	 0.282326 	 -0.522918
850 	 12.0425 	 16.0425 	 0.317073 	 -0.399988
851 	 11.533 	 15.533 	 0.386274 	 -0.670353
852 	 11.8098 	 15.8098 	 0.330517 	 -0.421461
853 	 11.8026 	 15.8026 	 0.34817 	 -0.568122
854 	 11.6715 	 15.6715 	 0.366089 	 -0.531435
855 	 11.8319 	 15.8319 	 0.26962 	 -0.483409
856 	 11.1827 	 15.1827 	 -0.388063 	 -1.03178
857 	 11.6904 	 15.6904 	 -0.549693 	 -1.06439
858 	 11.3655 	 15.3655 	 -0.444897 	 -1.22424
859 	 10.7605 	 14.7605 	 -0.561973 	 -0.92109
860 	 11.5793 	 15.5793 	 -0.521466 	 -0.927576
861 	 11.2754 	 15.2754 	 -0.493496 	 -1.04689
862 	 11.2333 	 15.2333 	 -0.561393 	 -0.991231
863 	 -2 	 2 	 0 	 0
864 	 11.288 	 15.288 	 -0.613205 	 -1.06236
865 	 12.1823 	 16.1823 	 -0.521935 	 -0.984899
866 	 11.8666 	 15.8666 	 -0.466813 	 -1.0918
867 	 12.2375 	 16.2375 	 -0.65238 	 -1.08028
868 	 11.3126 	 15.3126 	 -0.393843 	 -1.11367
869 	 11.5117 	 15.5117 	 -0.433199 	 -1.19289
870 	 11.9396 	 15.9396 	 -0.37811 	 -1.15558
871 	 11.7933 	 15.7933 	 -0.34352 	 -1.17148
872 	 12.4109 	 16.4109 	 -0.752752 	 -1.46948
873 	 13.0435 	 17.0435 	 -0.879425 	 -1.40155
874 	 12.3896 	 16.3896 	 -0.739784 	 -1.38482
875 	 13.0467 	 17.0467 	 -0.772374 	 -1.45289
876 	 12.9116 	 16.9116 	 -0.788003 	 -1.38016
877 	 12.576 	 16.576 	 -1.04728 	 -1.31838
878 	 13.0799 	 17.0799 	 -0.95623 	 -1.27119
879 	 13.0376 	 17.0376 	 -0.869329 	 -1.37034
880 	 -2 	 2 	 0 	 0
881 	 12.9136 	 16.9136 	 -0.832004 	 -1.23905
882 	 13.0507 	 17.0507 	 -0.836656 	 -1.30857
883 	 12.7908 	 16.7908 	 -0.88534 	 -1.27348
884 	 12.3045 	 16.3045 	 -0.739842 	 -1.2998
885 	 12.7588 	 16.7588 	 -0.750492 	 -1.3665
886 	 12.5434 	 16.5434 	 -0.804166 	 -1.34068
887 	 12.4447 	 16.4447 	 -0.708232 	 -1.31453
888 	 12.747 	 16.747 	 -0.718879 	 -1.35658
889 	 12.3772 	 16.3772 	 -0.806393 	 -1.38079
890 	 12.2361 	 16.2361 	 -0.738297 	 -1.35846
891 	 12.373 	 16.373 	 -0.730905 	 -1.37867
892 	 12.1106 	 16.1106 	 -0.637458 	 -1.37613
893 	 12.2221 	 16.2221 	 -0.765085 	 -1.41984
894 	 12.1061 	 16.1061 	 -0.737306 	 -1.4108
895 	 12.3206 	 16.3206 	 -0.740456 	 -1.37172
896 	 12.7667 	 16.7667 	 -0.373866 	 -1.04189
897 	 13.1 	 17.1 	 -0.352109 	 -1.11589
898 	 12.692 	 16.692 	 -0.458118 	 -1.07324
899 	 12.5944 	 16.5944 	 -0.38875 	 -1.01367
900 	 12.5677 	 16.5677 	 -0.377125 	 -1.05493
901 	 12.8375 	 16.8375 	 -0.430474 	 -1.08192
902 	 12.5634 	 16.5634 	 -0.304165 	 -1.13061
903 	 12.865 	 16.865 	 -0.427193 	 -1.07954
904 	 11.6977 	 15.6977 	 -0.377728 	 -1.06762
905 	 11.7394 	 15.7394 	 -0.453763 	 -1.10845
906 	 11.5288 	 15.5288 	 -0.383189 	 -1.10336
907 	 11.7075 	 15.7075 	 -0.464954 	 -1.16888
908 	 11.6387 	 15.6387 	 -0.4188 	 -1.09355
909 	 12.2767 	 16.2767 	 -0.533649 	 -1.01251
910 	 11.496 	 15.496 	 -0.387366 	 -1.18247
911 	 8.47657 	 12.4766 	 -0.6112 	 -0.948585
912 	 11.6994 	 15.6994 	 0.286949 	 -0.491906
913 	 11.7348 	 15.7348 	 0.295175 	 -0.504081
914 	 11.6611 	 15.6611 	 0.241843 	 -0.430018
915 	 11.4287 	 15.4287 	 0.31137 	 -0.499444
916 	 11.7495 	 15.7495 	 0.276483 	 -0.447131
917 	 11.4746 	 15.4746 	 0.309189 	 -0.470731
918 	 11.3723 	 15.3723 	 0.328446 	 -0.464761
919 	 11.8264 	 15.8264 	 0.281555 	 -0.405953
920 	 -2 	 2 	 0 	 0
921 	 11.5509 	 15.5509 	 0.327933 	 -0.429079
922 	 11.7794 	 15.7794 	 0.373896 	 -0.38525
923 	 11.3485 	 15.3485 	 0.375276 	 -0.521341
924 	 11.6658 	 15.6658 	 0.326535 	 -0.463818
925 	 11.6592 	 15.6592 	 0.377198 	 -0.487997
926 	 11.645 	 15.645 	 0.323426 	 -0.437874
927 	 11.631 	 15.631 	 0.400887 	 -0.470193
928 	 11.4721 	 15.4721 	 -0.489581 	 -1.17117
929 	 11.4366 	 15.4366 	 -0.367917 	 -1.24471
930 	 11.2912 	 15.2912 	 -0.610023 	 -1.12598
931 	 11.623 	 15.623 	 -0.611203 	 -0.96531
932 	 11.5974 	 15.5974 	 -0.388862 	 -1.1846
933 	 11.5989 	 15.5989 	 -0.579722 	 -1.09938
934 	 11.7054 	 15.7054 	 -0.602446 	 -0.998771
935 	 11.3627 	 15.3627 	 -0.567729 	 -1.06982
936 	 12.4737 	 16.4737 	 -0.802082 	 -1.39753
937 	 12.5583 	 16.5583 	 -0.842486 	 -1.48891
938 	 12.5089 	 16.5089 	 -0.887306 	 -1.32172
939 	 12.8289 	 16.8289 	 -0.974235 	 -1.33815
940 	 12.3947 	 16.3947 	 -0.629315 	 -1.42411
941 	 12.7193 	 16.7193 	 -0.814478 	 -1.36466
942 	 12.4633 	 16.4633 	 -0.772945 	 -1.45661
943 	 12.6149 	 16.6149 	 -0.724259 	 -1.40351
944 	 11.8991 	 15.8991 	 -0.858787 	 -1.42732
945 	 12.2956 	 16.2956 	 -0.694487 	 -1.31726
946 	 12.0335 	 16.0335 	 -0.938229 	 -1.29308
947 	 9.52607 	 13.5261 	 -0.829874 	 -1.4648
948 	 12.1208 	 16.1208 	 -0.810532 	 -1.4411
949 	 12.4473 	 16.4473 	 -0.588069 	 -1.48203
950 	 11.907 	 15.907 	 -0.713133 	 -1.45337
951 	 12.1056 	 16.1056 	 -0.854295 	 -1.43172
952 	 12.8743 	 16.8743 	 -0.683753 	 -1.47909
953 	 13.6045 	 17.6045 	 -0.864739 	 -1.36938
954 	 13.1211 	 17.1211 	 -0.787139 	 -1.40499
955 	 12.9101 	 16.9101 	 -0.658796 	 -1.36248
956 	 13.2501 	 17.2501 	 -0.693742 	 -1.4024
957 	 12.659 	 16.659 	 -0.712215 	 -1.47112
958 	 12.9749 	 16.9749 	 -0.746129 	 -1.41065
959 	 13.4901 	 17.4901 	 -0.757376 	 -1.3891
960 	 12.5399 	 16.5399 	 -0.314405 	 -1.13498
961 	 12.4573 	 16.4573 	 -0.418428 	 -1.17144
962 	 12.8039 	 16.8039 	 -0.464198 	 -1.01339
963 	 12.5459 	 16.5459 	 -0.577427 	 -1.11101
964 	 12.4206 	 16.4206 	 -0.376856 	 -1.10168
965 	 12.5035 	 16.5035 	 -0.399013 	 -1.09885
966 	 13.1416 	 17.1416 	 -0.483617 	 -1.10514
967 	 12.4256 	 16.4256 	 -0.405651 	 -1.08936
968 	 11.0466 	 15.0466 	 -0.399167 	 -1.1972
969 	 11.1825 	 15.1825 	 -0.443458 	 -1.11448
970 	 11.1802 	 15.1802 	 -0.358698 	 -1.0372
971 	 10.3733 	 14.3733 	 -0.41926 	 -1.25798
972 	 10.8505 	 14.8505 	 -0.382401 	 -1.27033
973 	 10.8287 	 14.8287 	 -0.356582 	 -1.14789
974 	 11.0093 	 15.0093 	 -0.432139 	 -1.12243
975 	 10.8506 	 14.8506 	 -0.334001 	 -1.14
976 	 12.3912 	 16.3912 	 -0.696488 	 -1.38615
977 	 12.6273 	 16.6273 	 -0.652501 	 -1.36743
978 	 12.3354 	 16.3354 	 -0.621574 	 -1.42757
979 	 12.2218 	 16.2218 	 -0.702673 	 -1.33594
980 	 12.1025 	 16.1025 	 -0.699065 	 -1.41508
981 	 12.6602 	 16.6602 	 -0.684685 	 -1.3708
982 	 12.1588 	 16.1588 	 -0.698755 	 -1.4647
983 	 12.7703 	 16.7703 	 -0.73402 	 -1.37142
984 	 12.1877 	 16.1877 	 -0.685941 	 -1.41778
985 	 12.319 	 16.319 	 -0.718541 	 -1.42205
986 	 11.8562 	 15.8562 	 -0.561486 	 -1.43314
987 	 12.2767 	 16.2767 	 -0.631021 	 -1.32423
988 	 12.8347 	 16.8347 	 -0.71694 	 -1.44408
989 	 12.6938 	 16.6938 	 -0.730773 	 -1.31372
990 	 11.7263 	 15.7263 	 -0.65265 	 -1.39238
991 	 12.2242 	 16.2242 	 -0.641825 	 -1.35825
992 	 12.9482 	 16.9482 	 -0.665549 	 -1.34428
993 	 13.5011 	 17.5011 	 -0.842999 	 -1.29687
994 	 12.906 	 16.906 	 -0.725616 	 -1.40161
995 	 12.6346 	 16.6346 	 -0.686639 	 -1.41896
996 	 13.0185 	 17.0185 	 -0.695041 	 -1.35425
997 	 13.1075 	 17.1075 	 -0.651885 	 -1.33115
998 	 13.1259 	 17.1259 	 -0.731004 	 -1.3898
999 	 12.7505 	 16.7505 	 -0.553523 	 -1.38807
1000 	 12.3797 	 16.3797 	 -0.639456 	 -1.46713
1001 	 12.0492 	 16.0492 	 -0.549892 	 -1.39976
1002 	 12.4769 	 16.4769 	 -0.633322 	 -1.35711
1003 	 12.1031 	 16.1031 	 -0.602917 	 -1.47273
1004 	 12.4815 	 16.4815 	 -0.593052 	 -1.47859
1005 	 12.1888 	 16.1888 	 -0.692971 	 -1.35888
1006 	 12.7353 	 16.7353 	 -0.668706 	 -1.45805
1007 	 12.8073 	 16.8073 	 -0.694667 	 -1.33961
1008 	 11.6484 	 15.6484 	 0.285887 	 -0.601824
1009 	 11.6926 	 15.6926 	 0.235474 	 -0.654517
1010 	 11.8214 	 15.8214 	 0.27486 	 -0.599347
1011 	 11.962 	 15.962 	 0.221108 	 -0.688048
1012 	 11.6472 	 15.6472 	 0.173918 	 -0.635587
1013 	 11.9477 	 15.9477 	 0.268118 	 -0.56233
1014 	 12.278 	 16.278 	 0.212378 	 -0.537394
1015 	 11.8016 	 15.8016 	 0.249449 	 -0.623796
1016 	 11.4499 	 15.4499 	 0.235077 	 -0.656038
1017 	 12.2159 	 16.2159 	 0.160118 	 -0.479728
1018 	 11.7734 	 15.7734 	 0.23987 	 -0.566772
1019 	 11.9795 	 15.9795 	 0.215397 	 -0.60455
1020 	 11.769 	 15.769 	 0.264677 	 -0.620083
1021 	 12.1426 	 16.1426 	 0.177495 	 -0.568794
1022 	 11.829 	 15.829 	 0.200965 	 -0.613309
1023 	 12.0119 	 16.0119 	 0.218197 	 -0.60595
1024 	 12.3431 	 16.3431 	 0.116706 	 -0.518941
1025 	 12.0951 	 16.0951 	 0.0957551 	 -0.576686
1026 	 12.4846 	 16.4846 	 0.0985039 	 -0.542126
1027 	 12.1325 	 16.1325 	 0.222447 	 -0.648924
1028 	 12.4687 	 16.4687 	 0.135152 	 -0.586124
1029 	 11.9642 	 15.9642 	 0.201581 	 -0.649258
1030 	 12.1957 	 16.1957 	 0.154384 	 -0.611642
1031 	 12.0521 	 16.0521 	 0.194322 	 -0.544261
1032 	 12.8522 	 16.8522 	 -0.0756052 	 -0.71946
1033 	 12.6089 	 16.6089 	 0.109094 	 -0.712137
1034 	 12.7639 	 16.7639 	 -0.0652545 	 -0.668268
1035 	 12.5094 	 16.5094 	 0.00829007 	 -0.65484
1036 	 12.4329 	 16.4329 	 -0.096302 	 -0.693564
1037 	 12.0333 	 16.0333 	 0.0315555 	 -0.818313
1038 	 12.5674 	 16.5674 	 -0.0452613 	 -0.677278
1039 	 13.1509 	 17.1509 	 -0.00713498 	 -0.673277
1040 	 11.9021 	 15.9021 	 0.117942 	 -0.734276
1041 	 11.6342 	 15.6342 	 0.0993106 	 -0.784563
1042 	 11.6167 	 15.6167 	 0.0473325 	 -0.841851
1043 	 11.5184 	 15.5184 	 -0.028748 	 -0.706067
1044 	 12.0282 	 16.0282 	 0.053603 	 -0.770019
1045 	 11.8439 	 15.8439 	 -0.0526112 	 -0.760763
1046 	 11.6041 	 15.6041 	 0.0626478 	 -0.721272
1047 	 12.0054 	 16.0054 	 -0.01795 	 -0.758632
1048 	 13.1305 	 17.1305 	 0.215771 	 -0.425699
1049 	 13.3988 	 17.3988 	 0.215833 	 -0.437434
1050 	 13.4114 	 17.4114 	 0.231944 	 -0.497145
1051 	 13.4098 	 17.4098 	 0.135304 	 -0.394054
1052 	 13.479 	 17.479 	 0.210751 	 -0.504186
1053 	 13.3859 	 17.3859 	 0.193849 	 -0.411575
1054 	 13.2859 	 17.2859 	 0.168497 	 -0.463319
1055 	 13.6835 	 17.6835 	 0.163954 	 -0.52001
1056 	 12.4223 	 16.4223 	 0.229662 	 -0.489317
1057 	 12.9182 	 16.9182 	 0.24966 	 -0.395549
1058 	 12.5158 	 16.5158 	 0.0526098 	 -0.389917
1059 	 12.12 	 16.12 	 0.181398 	 -0.496417
1060 	 12.1753 	 16.1753 	 0.277376 	 -0.54091
1061 	 12.1792 	 16.1792 	 0.163951 	 -0.405356
1062 	 12.3809 	 16.3809 	 0.294151 	 -0.432745
1063 	 12.4604 	 16.4604 	 0.191813 	 -0.379709
1064 	 13.0013 	 17.0013 	 0.230264 	 -0.44454
1065 	 12.8181 	 16.8181 	 0.329652 	 -0.533642
1066 	 12.62 	 16.62 	 0.204318 	 -0.426472
1067 	 11.9339 	 15.9339 	 0.379277 	 -0.59427
1068 	 12.2295 	 16.2295 	 0.225483 	 -0.55912
1069 	 12.3023 	 16.3023 	 0.323972 	 -0.578035
1070 	 12.5072 	 16.5072 	 0.2442 	 -0.591023
1071 	 12.7345 	 16.7345 	 0.167078 	 -0.517001
1072 	 13.1931 	 17.1931 	 -0.647268 	 -1.33653
1073 	 12.268 	 16.268 	 -0.684063 	 -1.42763
1074 	 12.8404 	 16.8404 	 -0.721333 	 -1.34282
1075 	 12.5536 	 16.5536 	 -0.629603 	 -1.47711
1076 	 12.3185 	 16.3185 	 -0.606705 	 -1.56173
1077 	 12.4742 	 16.4742 	 -0.680475 	 -1.4446
1078 	 12.3619 	 16.3619 	 -0.634533 	 -1.42008
1079 	 12.3609 	 16.3609 	 -0.677381 	 -1.44486
1080 	 12.4819 	 16.4819 	 -0.660467 	 -1.40933
1081 	 13.0684 	 17.0684 	 -0.729659 	 -1.38688
1082 	 13.3365 	 17.3365 	 -0.720671 	 -1.39221
1083 	 13.0585 	 17.0585 	 -0.614741 	 -1.40267
1084 	 12.8861 	 16.8861 	 -0.616895 	 -1.44953
1085 	 12.6424 	 16.6424 	 -0.8166 	 -1.33325
1086 	 12.9718 	 16.9718 	 -0.671554 	 -1.36653
1087 	 12.9724 	 16.9724 	 -0.735486 	 -1.40571
1088 	 11.8161 	 15.8161 	 -0.490088 	 -1.53088
1089 	 12.5015 	 16.5015 	 -0.719422 	 -1.42164
1090 	 12.7875 	 16.7875 	 -0.637101 	 -1.37973
1091 	 12.6212 	 16.6212 	 -0.795157 	 -1.25161
1092 	 13.0308 	 17.0308 	 -0.726158 	 -1.36107
1093 	 11.5214 	 15.5214 	 -0.584113 	 -1.37677
1094 	 12.801 	 16.801 	 -0.634806 	 -1.38212
1095 	 12.6808 	 16.6808 	 -0.644848 	 -1.33059
1096 	 11.6091 	 15.6091 	 -0.524292 	 -1.49466
1097 	 12.5733 	 16.5733 	 -0.716279 	 -1.42249
1098 	 12.2988 	 16.2988 	 -0.615515 	 -1.47663
1099 	 12.137 	 16.137 	 -0.614508 	 -1.50179
1100 	 12.0979 	 16.0979 	 -0.719352 	 -1.41699
1101 	 12.367 	 16.367 	 -0.615779 	 -1.42672
1102 	 12.4156 	 16.4156 	 -0.681803 	 -1.4775
1103 	 12.5491 	 16.5491 	 -0.614879 	 -1.38133
1104 	 11.9922 	 15.9922 	 0.159932 	 -0.613821
1105 	 12.0764 	 16.0764 	 0.237185 	 -0.493523
1106 	 12.4151 	 16.4151 	 0.260858 	 -0.54188
1107 	 12.0025 	 16.0025 	 0.261101 	 -0.523676
1108 	 12.1866 	 16.1866 	 0.28197 	 -0.553715
1109 	 12.0888 	 16.0888 	 0.291396 	 -0.610441
1110 	 11.796 	 15.796 	 0.264953 	 -0.697758
1111 	 12.2221 	 16.2221 	 0.293722 	 -0.585027
1112 	 12.2346 	 16.2346 	 0.285476 	 -0.587132
1113 	 12.1808 	 16.1808 	 0.157094 	 -0.513471
1114 	 12.5141 	 16.5141 	 0.115738 	 -0.554042
1115 	 12.4944 	 16.4944 	 0.116923 	 -0.577561
1116 	 12.3459 	 16.3459 	 0.113838 	 -0.595644
1117 	 12.1666 	 16.1666 	 0.228622 	 -0.536477
1118 	 12.7899 	 16.7899 	 0.110494 	 -0.548749
1119 	 12.3318 	 16.3318 	 0.168853 	 -0.606758
1120 	 12.7443 	 16.7443 	 -0.00837958 	 -0.651647
1121 	 12.4049 	 16.4049 	 0.0184716 	 -0.744594
1122 	 12.6122 	 16.6122 	 0.114823 	 -0.738621
1123 	 12.4037 	 16.4037 	 0.0384147 	 -0.739504
1124 	 12.8534 	 16.8534 	 0.0696279 	 -0.731565
1125 	 12.7184 	 16.7184 	 0.129778 	 -0.791452
1126 	 12.3955 	 16.3955 	 0.0746262 	 -0.809926
1127 	 12.4502 	 16.4502 	 0.120342 	 -0.807196
1128 	 12.5719 	 16.5719 	 -0.0575901 	 -0.718747
1129 	 12.7262 	 16.7262 	 -0.0441519 	 -0.683198
1130 	 13.1879 	 17.1879 	 -0.0849983 	 -0.542856
1131 	 12.3356 	 16.3356 	 0.037961 	 -0.642849
1132 	 12.8111 	 16.8111 	 0.0583854 	 -0.640146
1133 	 12.4436 	 16.4436 	 -0.00704327 	 -0.644925
1134 	 12.6404 	 16.6404 	 -0.0703643 	 -0.734174
1135 	 12.7839 	 16.7839 	 -0.0464227 	 -0.706896
1136 	 11.6831 	 15.6831 	 0.0422273 	 -0.757311
1137 	 11.6536 	 15.6536 	 -0.00672309 	 -0.745071
1138 	 12.3263 	 16.3263 	 0.0593224 	 -0.685372
1139 	 11.5485 	 15.5485 	 -0.0452904 	 -0.757341
1140 	 11.9209 	 15.9209 	 0.0501435 	 -0.685261
1141 	 11.8093 	 15.8093 	 0.0217103 	 -0.762325
1142 	 11.3892 	 15.3892 	 0.0892868 	 -0.83953
1143 	 11.7182 	 15.7182 	 0.0354872 	 -0.836847
1144 	 12.9818 	 16.9818 	 0.33027 	 -0.496821
1145 	 13.4922 	 17.4922 	 0.0920569 	 -0.308097
1146 	 13.1056 	 17.1056 	 0.144039 	 -0.385095
1147 	 13.0005 	 17.0005 	 0.197632 	 -0.431373
1148 	 13.1463 	 17.1463 	 0.144699 	 -0.391784
1149 	 12.661 	 16.661 	 0.254029 	 -0.411817
1150 	 12.7056 	 16.7056 	 0.240308 	 -0.487409
1151 	 13.4169 	 17.4169 	 0.156142 	 -0.476172
1152 	 11.7838 	 15.7838 	 0.281356 	 -0.544546
1153 	 13.1016 	 17.1016 	 -0.217203 	 -0.817728
1154 	 12.0743 	 16.0743 	 0.320282 	 -0.544285
1155 	 11.864 	 15.864 	 0.296052 	 -0.483226
1156 	 12.4911 	 16.4911 	 0.163796 	 -0.396189
1157 	 11.9819 	 15.9819 	 0.24348 	 -0.537098
1158 	 11.9254 	 15.9254 	 0.298406 	 -0.510335
1159 	 12.0133 	 16.0133 	 0.2737 	 -0.477481
1160 	 12.9198 	 16.9198 	 0.23949 	 -0.464193
1161 	 13.2841 	 17.2841 	 0.156004 	 -0.397319
1162 	 13.0532 	 17.0532 	 0.178706 	 -0.413945
1163 	 12.9365 	 16.9365 	 0.128102 	 -0.380675
1164 	 12.9015 	 16.9015 	 0.194813 	 -0.423265
1165 	 13.056 	 17.056 	 0.136453 	 -0.331789
1166 	 13.247 	 17.247 	 0.227041 	 -0.473577
1167 	 12.6729 	 16.6729 	 0.241515 	 -0.573104
1168 	 12.8845 	 16.8845 	 -0.550287 	 -1.45959
1169 	 13.2955 	 17.2955 	 -0.650818 	 -1.43677
1170 	 13.3027 	 17.3027 	 -0.647841 	 -1.27669
1171 	 13.1188 	 17.1188 	 -0.596011 	 -1.34247
1172 	 13.4051 	 17.4051 	 -0.657512 	 -1.32228
1173 	 13.0389 	 17.0389 	 -0.533821 	 -1.45666
1174 	 13.0379 	 17.0379 	 -0.61875 	 -1.47124
1175 	 12.4828 	 16.4828 	 -0.619157 	 -1.4971
1176 	 12.3958 	 16.3958 	 -0.708038 	 -1.36258
1177 	 12.4191 	 16.4191 	 -0.710319 	 -1.32904
1178 	 11.7615 	 15.7615 	 -0.710574 	 -1.39083
1179 	 12.1674 	 16.1674 	 -0.614663 	 -1.43595
1180 	 11.5145 	 15.5145 	 -0.635463 	 -1.41783
1181 	 12.1785 	 16.1785 	 -0.645744 	 -1.47795
1182 	 11.6591 	 15.6591 	 -0.435675 	 -1.54503
1183 	 11.4096 	 15.4096 	 -0.687789 	 -1.35416
1184 	 12.267 	 16.267 	 0.147207 	 -0.576201
1185 	 12.2079 	 16.2079 	 0.195997 	 -0.483313
1186 	 13.5055 	 17.5055 	 0.0334117 	 -0.437758
1187 	 12.4368 	 16.4368 	 0.214376 	 -0.621344
1188 	 12.6499 	 16.6499 	 0.226176 	 -0.617132
1189 	 12.0854 	 16.0854 	 0.110626 	 -0.543968
1190 	 11.9427 	 15.9427 	 0.223607 	 -0.618185
1191 	 12.6387 	 16.6387 	 0.271245 	 -0.540069
1192 	 11.8463 	 15.8463 	 0.16275 	 -0.621086
1193 	 12.3709 	 16.3709 	 0.281421 	 -0.610135
1194 	 11.9539 	 15.9539 	 0.202508 	 -0.631015
1195 	 12.0944 	 16.0944 	 0.234464 	 -0.688371
1196 	 12.4568 	 16.4568 	 0.193169 	 -0.503933
1197 	 11.843 	 15.843 	 0.245466 	 -0.507346
1198 	 12.231 	 16.231 	 0.129423 	 -0.551446
1199 	 12.8309 	 16.8309 	 0.166248 	 -0.471477
1200 	 12.8031 	 16.8031 	 0.275707 	 -0.633968
1201 	 12.7386 	 16.7386 	 0.126234 	 -0.580258
1202 	 12.7933 	 16.7933 	 0.208095 	 -0.616448
1203 	 12.965 	 16.965 	 0.269519 	 -0.546471
1204 	 12.6561 	 16.6561 	 0.265555 	 -0.536392
1205 	 12.5611 	 16.5611 	 0.13842 	 -0.577589
1206 	 12.5941 	 16.5941 	 0.16061 	 -0.568867
1207 	 13.1476 	 17.1476 	 0.142942 	 -0.504827
1208 	 12.0463 	 16.0463 	 0.085383 	 -0.824328
1209 	 12.6625 	 16.6625 	 -0.0718282 	 -0.675339
1210 	 12.8653 	 16.8653 	 -0.0528069 	 -0.697726
1211 	 12.1444 	 16.1444 	 0.0617799 	 -0.707518
1212 	 12.7303 	 16.7303 	 -0.0545495 	 -0.703446
1213 	 12.1712 	 16.1712 	 0.0381314 	 -0.728257
1214 	 12.5676 	 16.5676 	 -0.0129712 	 -0.600177
1215 	 12.4648 	 16.4648 	 0.0300493 	 -0.632543
1216 	 12.8173 	 16.8173 	 0.010594 	 -0.618796
1217 	 12.8624 	 16.8624 	 -0.00114031 	 -0.671
1218 	 -2 	 2 	 0 	 0
1219 	 12.7367 	 16.7367 	 -0.00469008 	 -0.687425
1220 	 12.5885 	 16.5885 	 0.087207 	 -0.703488
1221 	 13.0491 	 17.0491 	 -0.0491747 	 -0.662298
1222 	 -2 	 2 	 0 	 0
1223 	 12.5767 	 16.5767 	 0.0538837 	 -0.741709
1224 	 12.641 	 16.641 	 0.0298325 	 -0.703642
1225 	 12.6661 	 16.6661 	 -0.0162657 	 -0.69973
1226 	 12.6694 	 16.6694 	 0.0102854 	 -0.69377
1227 	 12.4515 	 16.4515 	 -0.0397123 	 -0.727603
1228 	 12.2865 	 16.2865 	 0.0482539 	 -0.837019
1229 	 12.7408 	 16.7408 	 0.00541602 	 -0.669566
1230 	 12.4214 	 16.4214 	 0.0115881 	 -0.7781
1231 	 12.5766 	 16.5766 	 0.0320525 	 -0.691057
1232 	 13.473 	 17.473 	 0.244793 	 -0.482259
1233 	 13.8347 	 17.8347 	 0.147479 	 -0.375545
1234 	 13.7715 	 17.7715 	 0.219148 	 -0.508134
1235 	 13.4538 	 17.4538 	 0.178556 	 -0.531888
1236 	 13.6926 	 17.6926 	 0.15888 	 -0.532696
1237 	 13.2063 	 17.2063 	 0.281474 	 -0.465008
1238 	 13.9744 	 17.9744 	 0.0268427 	 -0.417524
1239 	 13.996 	 17.996 	 0.271464 	 -0.458993
1240 	 13.4045 	 17.4045 	 0.158889 	 -0.426095
1241 	 12.8169 	 16.8169 	 0.147503 	 -0.418939
1242 	 12.0839 	 16.0839 	 0.184028 	 -0.490512
1243 	 12.5673 	 16.5673 	 0.199137 	 -0.407413
1244 	 12.2937 	 16.2937 	 0.270435 	 -0.532104
1245 	 12.8307 	 16.8307 	 0.194653 	 -0.42653
1246 	 12.7836 	 16.7836 	 0.143792 	 -0.478097
1247 	 12.0961 	 16.0961 	 0.144554 	 -0.513189
1248 	 4.72798 	 8.72798 	 0.493123 	 -1.52971
1249 	 12.5067 	 16.5067 	 0.18992 	 -0.445546
1250 	 12.8517 	 16.8517 	 0.142427 	 -0.334241
1251 	 12.4989 	 16.4989 	 0.244877 	 -0.458166
1252 	 12.2801 	 16.2801 	 0.148267 	 -0.377039
1253 	 12.5921 	 16.5921 	 0.199923 	 -0.463927
1254 	 12.2495 	 16.2495 	 0.221495 	 -0.538326
1255 	 12.0079 	 16.0079 	 0.251159 	 -0.468001
1256 	 12.9716 	 16.9716 	 -0.666455 	 -1.37137
1257 	 13.4914 	 17.4914 	 -0.719905 	 -1.33922
1258 	 12.6417 	 16.6417 	 -0.704329 	 -1.33441
1259 	 12.6151 	 16.6151 	 -0.672233 	 -1.43589
1260 	 12.9458 	 16.9458 	 -0.638195 	 -1.40651
1261 	 13.2032 	 17.2032 	 -0.700532 	 -1.42819
1262 	 13.086 	 17.086 	 -0.698142 	 -1.38003
1263 	 13.1965 	 17.1965 	 -0.708878 	 -1.39806
1264 	 12.1785 	 16.1785 	 -0.601968 	 -1.42892
1265 	 12.2901 	 16.2901 	 -0.614754 	 -1.43059
1266 	 12.4544 	 16.4544 	 -0.674124 	 -1.38229
1267 	 12.2771 	 16.2771 	 -0.636331 	 -1.46675
1268 	 11.1914 	 15.1914 	 -0.578717 	 -1.4394
1269 	 12.0072 	 16.0072 	 -0.54059 	 -1.43928
1270 	 12.0627 	 16.0627 	 -0.696959 	 -1.44237
1271 	 12.4234 	 16.4234 	 -0.717218 	 -1.42577
1272 	 11.8597 	 15.8597 	 0.191843 	 -0.631432
1273 	 12.0338 	 16.0338 	 0.229265 	 -0.621129
1274 	 12.2735 	 16.2735 	 0.174799 	 -0.547648
1275 	 12.2977 	 16.2977 	 0.237018 	 -0.606978
1276 	 12.1867 	 16.1867 	 0.202407 	 -0.625592
1277 	 12.2175 	 16.2175 	 0.204728 	 -0.645396
1278 	 12.2087 	 16.2087 	 0.107388 	 -0.464486
1279 	 12.3449 	 16.3449 	 0.197449 	 -0.473706
1280 	 12.2886 	 16.2886 	 0.159016 	 -0.456525
1281 	 12.3715 	 16.3715 	 0.186123 	 -0.510908
1282 	 12.3078 	 16.3078 	 0.138199 	 -0.601303
1283 	 12.1121 	 16.1121 	 0.119979 	 -0.559138
1284 	 12.6478 	 16.6478 	 0.189102 	 -0.518695
1285 	 12.3379 	 16.3379 	 0.13063 	 -0.565644
1286 	 12.5417 	 16.5417 	 0.180424 	 -0.550522
1287 	 12.724 	 16.724 	 0.104454 	 -0.46992
1288 	 13.047 	 17.047 	 0.161404 	 -0.48584
1289 	 12.5138 	 16.5138 	 0.167353 	 -0.507988
1290 	 12.72 	 16.72 	 0.134191 	 -0.444854
1291 	 12.7027 	 16.7027 	 0.0858373 	 -0.527813
1292 	 12.3745 	 16.3745 	 0.223162 	 -0.590699
1293 	 12.2943 	 16.2943 	 0.228617 	 -0.578256
1294 	 12.1702 	 16.1702 	 0.191596 	 -0.519372
1295 	 12.2134 	 16.2134 	 0.216955 	 -0.655678
1296 	 13.3018 	 17.3018 	 -0.0401536 	 -0.703594
1297 	 13.3391 	 17.3391 	 -0.0326994 	 -0.672271
1298 	 13.3317 	 17.3317 	 0.00814812 	 -0.646811
1299 	 13.3654 	 17.3654 	 -0.0527672 	 -0.646753
1300 	 13.0165 	 17.0165 	 -0.0113377 	 -0.720366
1301 	 12.839 	 16.839 	 -0.0199746 	 -0.653661
1302 	 13.0051 	 17.0051 	 -0.0526265 	 -0.738507
1303 	 13.2487 	 17.2487 	 -0.0650915 	 -0.577884
1304 	 11.9491 	 15.9491 	 0.152685 	 -0.74542
1305 	 12.2389 	 16.2389 	 -0.000198868 	 -0.761425
1306 	 12.1985 	 16.1985 	 0.0124794 	 -0.744137
1307 	 12.2007 	 16.2007 	 0.0572475 	 -0.740365
1308 	 12.0224 	 16.0224 	 0.0667852 	 -0.81458
1309 	 11.9968 	 15.9968 	 0.0961747 	 -0.716949
1310 	 11.877 	 15.877 	 -0.00979314 	 -0.74256
1311 	 12.252 	 16.252 	 0.0504778 	 -0.664621
1312 	 12.3844 	 16.3844 	 0.0201778 	 -0.766602
1313 	 12.7579 	 16.7579 	 -0.0824597 	 -0.588595
1314 	 12.6865 	 16.6865 	 -0.0392749 	 -0.699468
1315 	 12.7601 	 16.7601 	 -0.0443973 	 -0.696407
1316 	 12.3252 	 16.3252 	 -0.0214802 	 -0.721307
1317 	 12.8907 	 16.8907 	 -0.0925856 	 -0.516257
1318 	 13.0998 	 17.0998 	 -0.181925 	 -0.648067
1319 	 12.3893 	 16.3893 	 0.0764809 	 -0.702643
1320 	 14.0712 	 18.0712 	 0.234723 	 -0.448452
1321 	 13.63 	 17.63 	 0.275259 	 -0.494132
1322 	 13.2787 	 17.2787 	 0.31507 	 -0.541579
1323 	 13.6657 	 17.6657 	 0.258304 	 -0.558103
1324 	 13.1405 	 17.1405 	 0.300139 	 -0.580701
1325 	 13.2454 	 17.2454 	 0.161874 	 -0.430011
1326 	 13.6219 	 17.6219 	 0.323379 	 -0.571142
1327 	 13.1871 	 17.1871 	 0.266201 	 -0.486406
1328 	 11.4827 	 15.4827 	 0.284234 	 -0.505971
1329 	 12.5458 	 16.5458 	 0.239967 	 -0.558319
1330 	 13.1814 	 17.1814 	 0.158665 	 -0.432262
1331 	 12.5247 	 16.5247 	 0.2619 	 -0.479403
1332 	 13.2956 	 17.2956 	 0.161731 	 -0.445061
1333 	 12.5813 	 16.5813 	 0.314335 	 -0.590226
1334 	 12.4425 	 16.4425 	 0.238662 	 -0.554992
1335 	 13.283 	 17.283 	 0.173907 	 -0.433894
1336 	 12.3731 	 16.3731 	 0.124766 	 -0.48721
1337 	 12.7375 	 16.7375 	 0.154058 	 -0.416018
1338 	 12.9668 	 16.9668 	 0.0785306 	 -0.435832
1339 	 12.9409 	 16.9409 	 0.086109 	 -0.363339
1340 	 12.8672 	 16.8672 	 0.117091 	 -0.471625
1341 	 12.9068 	 16.9068 	 0.171574 	 -0.396917
1342 	 12.5831 	 16.5831 	 0.210378 	 -0.457146
1343 	 12.8529 	 16.8529 	 0.154431 	 -0.496219
1344 	 12.1244 	 16.1244 	 -0.754644 	 -1.35731
1345 	 11.6975 	 15.6975 	 -0.599682 	 -1.47073
1346 	 11.3976 	 15.3976 	 -0.642685 	 -1.38348
1347 	 11.7418 	 15.7418 	 -0.649271 	 -1.43563
1348 	 11.4738 	 15.4738 	 -0.639448 	 -1.50165
1349 	 11.7132 	 15.7132 	 -0.652753 	 -1.43558
1350 	 11.8905 	 15.8905 	 -0.603278 	 -1.41954
1351 	 11.1932 	 15.1932 	 -0.615838 	 -1.37225
1352 	 11.87 	 15.87 	 0.232125 	 -0.647479
1353 	 11.6341 	 15.6341 	 0.245 	 -0.666662
1354 	 11.5162 	 15.5162 	 0.271344 	 -0.693455
1355 	 11.4041 	 15.4041 	 0.364835 	 -0.64548
1356 	 12.1352 	 16.1352 	 0.250295 	 -0.546196
1357 	 11.705 	 15.705 	 0.300009 	 -0.592804
1358 	 11.7808 	 15.7808 	 0.226338 	 -0.565686
1359 	 11.8082 	 15.8082 	 0.256732 	 -0.518596
1360 	 13.0232 	 17.0232 	 0.204706 	 -0.460451
1361 	 12.6881 	 16.6881 	 0.109762 	 -0.522605
1362 	 12.6084 	 16.6084 	 0.26156 	 -0.600763
1363 	 12.937 	 16.937 	 0.158597 	 -0.466414
1364 	 12.5345 	 16.5345 	 0.237669 	 -0.541932
1365 	 13.1222 	 17.1222 	 0.212802 	 -0.616595
1366 	 12.9397 	 16.9397 	 0.234844 	 -0.545635
1367 	 12.464 	 16.464 	 0.158468 	 -0.554958
1368 	 12.7555 	 16.7555 	 0.249001 	 -0.658814
1369 	 12.6416 	 16.6416 	 0.17912 	 -0.521053
1370 	 12.8916 	 16.8916 	 0.232611 	 -0.573454
1371 	 12.544 	 16.544 	 0.176893 	 -0.627759
1372 	 12.6155 	 16.6155 	 0.17668 	 -0.616606
1373 	 12.6799 	 16.6799 	 0.226179 	 -0.574794
1374 	 12.5526 	 16.5526 	 0.111355 	 -0.500827
1375 	 12.7478 	 16.7478 	 0.107323 	 -0.56899
1376 	 11.5226 	 15.5226 	 -0.0309799 	 -0.681118
1377 	 11.8771 	 15.8771 	 0.0278104 	 -0.68721
1378 	 11.9895 	 15.9895 	 -0.0186694 	 -0.675887
1379 	 11.8001 	 15.8001 	 -0.00341859 	 -0.626551
1380 	 11.6588 	 15.6588 	 0.0695397 	 -0.696583
1381 	 11.6705 	 15.6705 	 -0.0355263 	 -0.702091
1382 	 11.8027 	 15.8027 	 -0.0550315 	 -0.602765
1383 	 11.8741 	 15.8741 	 0.0197472 	 -0.747224
1384 	 11.659 	 15.659 	 0.145946 	 -0.749569
1385 	 11.6857 	 15.6857 	 0.0674611 	 -0.673066
1386 	 11.9221 	 15.9221 	 0.0374216 	 -0.740949
1387 	 11.8221 	 15.8221 	 0.0912712 	 -0.730012
1388 	 12.2945 	 16.2945 	 0.0345084 	 -0.692901
1389 	 11.7753 	 15.7753 	 0.16286 	 -0.73094
1390 	 12.1012 	 16.1012 	 0.0568845 	 -0.728942
1391 	 11.7832 	 15.7832 	 -0.01792 	 -0.720568
1392 	 12.3898 	 16.3898 	 0.0509779 	 -0.695871
1393 	 12.2181 	 16.2181 	 0.0235314 	 -0.79636
1394 	 12.2536 	 16.2536 	 0.0520154 	 -0.699527
1395 	 12.3542 	 16.3542 	 0.00495964 	 -0.664823
1396 	 12.4172 	 16.4172 	 0.128178 	 -0.707464
1397 	 12.0492 	 16.0492 	 0.125381 	 -0.797453
1398 	 12.4593 	 16.4593 	 0.0252993 	 -0.752901
1399 	 12.9305 	 16.9305 	 -0.0899506 	 -0.506574
1400 	 12.3347 	 16.3347 	 0.271475 	 -0.569238
1401 	 13.0508 	 17.0508 	 0.250119 	 -0.442794
1402 	 12.8032 	 16.8032 	 0.26031 	 -0.512069
1403 	 12.8649 	 16.8649 	 0.277002 	 -0.499019
1404 	 12.7774 	 16.7774 	 0.362011 	 -0.504502
1405 	 12.9992 	 16.9992 	 0.266587 	 -0.470094
1406 	 12.6603 	 16.6603 	 0.287715 	 -0.48152
1407 	 12.8354 	 16.8354 	 0.290538 	 -0.501255
1408 	 12.0016 	 16.0016 	 0.223046 	 -0.52971
1409 	 12.0559 	 16.0559 	 0.241135 	 -0.480125
1410 	 11.5804 	 15.5804 	 0.329423 	 -0.560974
1411 	 11.698 	 15.698 	 0.353363 	 -0.56439
1412 	 12.0164 	 16.0164 	 0.247715 	 -0.520789
1413 	 11.4084 	 15.4084 	 0.224103 	 -0.551053
1414 	 11.7644 	 15.7644 	 0.286021 	 -0.496835
1415 	 11.9807 	 15.9807 	 0.346255 	 -0.500989
1416 	 12.1102 	 16.1102 	 0.183287 	 -0.62035
1417 	 12.4216 	 16.4216 	 0.241769 	 -0.569271
1418 	 12.842 	 16.842 	 0.0982462 	 -0.523886
1419 	 12.76 	 16.76 	 0.229546 	 -0.552169
1420 	 12.8821 	 16.8821 	 0.188442 	 -0.466696
1421 	 12.4141 	 16.4141 	 0.263904 	 -0.68995
1422 	 12.4561 	 16.4561 	 0.272775 	 -0.620374
1423 	 12.4967 	 16.4967 	 0.252743 	 -0.546911
1424 	 11.5227 	 15.5227 	 0.219921 	 -0.586201
1425 	 11.8739 	 15.8739 	 0.245125 	 -0.543627
1426 	 12.0834 	 16.0834 	 0.216838 	 -0.584736
1427 	 11.5027 	 15.5027 	 0.208419 	 -0.557054
1428 	 11.9885 	 15.9885 	 0.258716 	 -0.520812
1429 	 11.7147 	 15.7147 	 0.260172 	 -0.587209
1430 	 11.8679 	 15.8679 	 0.195929 	 -0.505507
1431 	 12.0465 	 16.0465 	 0.20057 	 -0.533813
1432 	 11.5177 	 15.5177 	 0.0950132 	 -0.716496
1433 	 12.257 	 16.257 	 -0.0550189 	 -0.667047
1434 	 12.0583 	 16.0583 	 0.122079 	 -0.694719
1435 	 11.9589 	 15.9589 	 0.0463992 	 -0.651183
1436 	 12.0208 	 16.0208 	 -0.00640784 	 -0.765988
1437 	 11.8787 	 15.8787 	 0.0371368 	 -0.727293
1438 	 12.2324 	 16.2324 	 -0.0186885 	 -0.608615
1439 	 12.0846 	 16.0846 	 0.0859709 	 -0.677809
1440 	 12.024 	 16.024 	 0.079508 	 -0.735715
1441 	 12.0973 	 16.0973 	 0.0500682 	 -0.820798
1442 	 11.8688 	 15.8688 	 0.149204 	 -0.715054
1443 	 11.8363 	 15.8363 	 0.049722 	 -0.713942
1444 	 12.2035 	 16.2035 	 0.168267 	 -0.758065
1445 	 11.9319 	 15.9319 	 0.104711 	 -0.787282
1446 	 12.6394 	 16.6394 	 0.0589834 	 -0.688432
1447 	 12.3343 	 16.3343 	 -0.0168389 	 -0.719397
1448 	 13.502 	 17.502 	 0.20233 	 -0.469723
1449 	 13.61 	 17.61 	 0.162525 	 -0.335302
1450 	 13.5686 	 17.5686 	 0.221242 	 -0.477881
1451 	 13.1775 	 17.1775 	 0.33494 	 -0.574246
1452 	 13.434 	 17.434 	 0.114425 	 -0.438502
1453 	 13.6661 	 17.6661 	 0.185455 	 -0.478885
1454 	 13.1463 	 17.1463 	 0.134947 	 -0.41151
1455 	 12.9236 	 16.9236 	 0.212852 	 -0.468003
1456 	 12.2202 	 16.2202 	 0.354407 	 -0.590847
1457 	 12.0666 	 16.0666 	 0.3243 	 -0.510346
1458 	 11.7419 	 15.7419 	 0.231789 	 -0.516714
1459 	 12.1092 	 16.1092 	 0.436601 	 -0.558742
1460 	 12.0355 	 16.0355 	 0.238133 	 -0.49415
1461 	 11.9975 	 15.9975 	 0.320955 	 -0.536263
1462 	 12.3317 	 16.3317 	 0.191003 	 -0.487256
1463 	 11.9999 	 15.9999 	 0.292871 	 -0.515003
1464 	 11.5298 	 15.5298 	 -1.03219 	 -1.65808
1465 	 11.0233 	 15.0233 	 -0.997645 	 -1.73885
1466 	 11.2979 	 15.2979 	 -1.04333 	 -1.73922
1467 	 11.2811 	 15.2811 	 -1.08587 	 -1.65021
1468 	 11.355 	 15.355 	 -1.00589 	 -1.74305
1469 	 11.2306 	 15.2306 	 -0.942112 	 -1.77616
1470 	 11.5667 	 15.5667 	 -1.09196 	 -1.6425
1471 	 11.4277 	 15.4277 	 -1.03893 	 -1.63912
1472 	 12.0256 	 16.0256 	 -1.00251 	 -1.70855
1473 	 12.1719 	 16.1719 	 -1.04714 	 -1.64487
1474 	 12.4058 	 16.4058 	 -1.03138 	 -1.59947
1475 	 12.2952 	 16.2952 	 -1.03831 	 -1.57954
1476 	 12.1472 	 16.1472 	 -1.0152 	 -1.606
1477 	 12.3743 	 16.3743 	 -1.02422 	 -1.69607
1478 	 12.1908 	 16.1908 	 -1.00166 	 -1.64164
1479 	 11.6318 	 15.6318 	 -0.954682 	 -1.72057
1480 	 12.7253 	 16.7253 	 -0.32442 	 -1.04199
1481 	 12.3655 	 16.3655 	 -0.361741 	 -1.01873
1482 	 11.7964 	 15.7964 	 -0.286176 	 -1.14905
1483 	 12.222 	 16.222 	 -0.354601 	 -1.11763
1484 	 12.469 	 16.469 	 -0.267973 	 -1.04023
1485 	 10.7357 	 14.7357 	 -0.384357 	 -1.14994
1486 	 10.7992 	 14.7992 	 -0.328195 	 -1.11535
1487 	 12.416 	 16.416 	 -0.280508 	 -1.18573
1488 	 12.105 	 16.105 	 -0.376577 	 -1.03904
1489 	 11.9676 	 15.9676 	 -0.433823 	 -1.02175
1490 	 12.0138 	 16.0138 	 -0.327306 	 -1.03807
1491 	 11.6991 	 15.6991 	 -0.338542 	 -1.04832
1492 	 11.822 	 15.822 	 -0.306193 	 -1.06963
1493 	 11.4764 	 15.4764 	 -0.298648 	 -1.03082
1494 	 12.1018 	 16.1018 	 -0.364811 	 -1.01521
1495 	 11.84 	 15.84 	 -0.311308 	 -1.06651
1496 	 12.9017 	 16.9017 	 -0.398129 	 -1.04001
1497 	 12.9958 	 16.9958 	 -0.376965 	 -0.991972
1498 	 12.6846 	 16.6846 	 -0.303585 	 -1.01421
1499 	 12.364 	 16.364 	 -0.340933 	 -1.02489
1500 	 13.2667 	 17.2667 	 -0.516355 	 -0.980281
1501 	 12.5626 	 16.5626 	 -0.347486 	 -1.13475
1502 	 12.8776 	 16.8776 	 -0.482324 	 -1.02
1503 	 12.8906 	 16.8906 	 -0.41824 	 -1.05225
1504 	 11.977 	 15.977 	 0.182282 	 -0.48701
1505 	 12.0364 	 16.0364 	 0.253256 	 -0.50475
1506 	 12.3007 	 16.3007 	 0.12318 	 -0.454201
1507 	 11.5132 	 15.5132 	 0.216024 	 -0.592791
1508 	 12.711 	 16.711 	 0.0623617 	 -0.497301
1509 	 12.1287 	 16.1287 	 0.21269 	 -0.559722
1510 	 12.2031 	 16.2031 	 0.206261 	 -0.467636
1511 	 12.9981 	 16.9981 	 0.0417458 	 -0.431718
1512 	 11.1714 	 15.1714 	 0.235832 	 -0.49142
1513 	 11.7599 	 15.7599 	 0.188122 	 -0.50864
1514 	 11.7212 	 15.7212 	 0.203026 	 -0.466461
1515 	 11.2886 	 15.2886 	 0.225042 	 -0.512305
1516 	 11.5738 	 15.5738 	 0.217285 	 -0.487385
1517 	 11.5694 	 15.5694 	 0.215141 	 -0.592099
1518 	 11.6419 	 15.6419 	 0.177295 	 -0.549155
1519 	 11.4177 	 15.4177 	 0.166477 	 -0.513336
1520 	 11.7784 	 15.7784 	 0.198267 	 -0.485992
1521 	 11.943 	 15.943 	 0.11697 	 -0.418257
1522 	 11.9928 	 15.9928 	 0.143979 	 -0.503265
1523 	 11.4689 	 15.4689 	 0.269768 	 -0.495949
1524 	 12.4927 	 16.4927 	 0.170827 	 -0.437066
1525 	 11.7369 	 15.7369 	 0.291715 	 -0.550114
1526 	 11.7429 	 15.7429 	 0.261954 	 -0.561884
1527 	 12.3195 	 16.3195 	 0.10259 	 -0.47806
1528 	 12.6167 	 16.6167 	 0.0873322 	 -0.415929
1529 	 12.3151 	 16.3151 	 0.125325 	 -0.460467
1530 	 12.8094 	 16.8094 	 0.1524 	 -0.436277
1531 	 12.7038 	 16.7038 	 0.0227416 	 -0.436812
1532 	 12.9959 	 16.9959 	 0.161313 	 -0.408623
1533 	 12.8753 	 16.8753 	 0.108445 	 -0.510174
1534 	 12.5431 	 16.5431 	 0.145454 	 -0.451302
1535 	 12.3558 	 16.3558 	 0.0734643 	 -0.458818
1536 	 12.1666 	 16.1666 	 0.0943736 	 -0.46714
1537 	 12.3081 	 16.3081 	 -0.00768447 	 -0.443986
1538 	 12.4229 	 16.4229 	 0.0882419 	 -0.523899
1539 	 11.7345 	 15.7345 	 0.18441 	 -0.559284
1540 	 12.3659 	 16.3659 	 0.111382 	 -0.391535
1541 	 12.9425 	 16.9425 	 0.0597251 	 -0.415743
1542 	 12.0609 	 16.0609 	 0.10465 	 -0.500074
1543 	 12.2114 	 16.2114 	 0.0896295 	 -0.476805
1544 	 12.8492 	 16.8492 	 0.09946 	 -0.51253
1545 	 13.0253 	 17.0253 	 0.0467824 	 -0.477725
1546 	 13.146 	 17.146 	 0.148301 	 -0.470071
1547 	 13.1508 	 17.1508 	 0.00917749 	 -0.386098
1548 	 13.3339 	 17.3339 	 0.00834145 	 -0.468237
1549 	 12.6088 	 16.6088 	 0.194959 	 -0.510736
1550 	 12.8527 	 16.8527 	 0.11697 	 -0.477106
1551 	 13.3632 	 17.3632 	 0.0673968 	 -0.402681
1552 	 12.7398 	 16.7398 	 0.109794 	 -0.509575
1553 	 13.2447 	 17.2447 	 0.00578669 	 -0.381835
1554 	 13.2145 	 17.2145 	 0.0620761 	 -0.4328
1555 	 13.079 	 17.079 	 0.114473 	 -0.416761
1556 	 13.2461 	 17.2461 	 0.118102 	 -0.409519
1557 	 12.8414 	 16.8414 	 0.0310696 	 -0.509086
1558 	 13.2465 	 17.2465 	 0.0591989 	 -0.40301
1559 	 13.3815 	 17.3815 	 0.0160194 	 -0.448352
1560 	 12.4857 	 16.4857 	 -1.09762 	 -1.59301
1561 	 11.7855 	 15.7855 	 -0.97616 	 -1.74006
1562 	 12.2987 	 16.2987 	 -1.12742 	 -1.61895
1563 	 12.0839 	 16.0839 	 -1.01545 	 -1.68107
1564 	 11.9459 	 15.9459 	 -0.982046 	 -1.75019
1565 	 11.788 	 15.788 	 -1.03389 	 -1.69064
1566 	 12.1464 	 16.1464 	 -1.00039 	 -1.66985
1567 	 12.0909 	 16.0909 	 -1.05547 	 -1.66125
1568 	 10.7779 	 14.7779 	 -1.03647 	 -1.64177
1569 	 11.3307 	 15.3307 	 -1.0735 	 -1.57661
1570 	 11.2456 	 15.2456 	 -1.02556 	 -1.62227
1571 	 11.0404 	 15.0404 	 -1.05642 	 -1.70008
1572 	 11.3945 	 15.3945 	 -1.09257 	 -1.71156
1573 	 10.999 	 14.999 	 -0.965155 	 -1.64914
1574 	 11.1251 	 15.1251 	 -1.07613 	 -1.69135
1575 	 11.5749 	 15.5749 	 -1.03917 	 -1.69899
1576 	 12.3744 	 16.3744 	 -0.157082 	 -1.23103
1577 	 13.1494 	 17.1494 	 -0.359141 	 -1.03316
1578 	 12.8407 	 16.8407 	 -0.3001 	 -1.07839
1579 	 12.6564 	 16.6564 	 -0.359951 	 -1.10009
1580 	 12.8182 	 16.8182 	 -0.418035 	 -1.15164
1581 	 12.8848 	 16.8848 	 -0.403623 	 -1.07611
1582 	 12.6796 	 16.6796 	 -0.379895 	 -1.06823
1583 	 12.9558 	 16.9558 	 -0.345701 	 -1.03275
1584 	 11.7311 	 15.7311 	 -0.357036 	 -0.983131
1585 	 11.7889 	 15.7889 	 -0.41139 	 -1.02464
1586 	 11.9005 	 15.9005 	 -0.334682 	 -0.977597
1587 	 11.6823 	 15.6823 	 -0.338225 	 -1.00022
1588 	 11.9828 	 15.9828 	 -0.388325 	 -0.959978
1589 	 11.8072 	 15.8072 	 -0.35396 	 -0.970706
1590 	 11.979 	 15.979 	 -0.376482 	 -0.989081
1591 	 11.9748 	 15.9748 	 -0.381213 	 -0.954966
1592 	 13.269 	 17.269 	 -0.355008 	 -1.0121
1593 	 13.4503 	 17.4503 	 -0.430494 	 -0.980971
1594 	 12.8244 	 16.8244 	 -0.429605 	 -1.05398
1595 	 13.4028 	 17.4028 	 -0.420827 	 -0.928706
1596 	 13.1644 	 17.1644 	 -0.3668 	 -1.00512
1597 	 13.0081 	 17.0081 	 -0.318893 	 -0.961131
1598 	 13.1324 	 17.1324 	 -0.459169 	 -1.03345
1599 	 13.5021 	 17.5021 	 -0.449959 	 -1.02211
1600 	 12.0538 	 16.0538 	 0.14407 	 -0.454355
1601 	 11.7131 	 15.7131 	 0.102447 	 -0.481525
1602 	 11.4034 	 15.4034 	 0.181496 	 -0.556206
1603 	 11.7043 	 15.7043 	 0.0978412 	 -0.464998
1604 	 11.6313 	 15.6313 	 0.17156 	 -0.539679
1605 	 11.8841 	 15.8841 	 0.125061 	 -0.517072
1606 	 11.9218 	 15.9218 	 0.0800863 	 -0.516672
1607 	 11.3752 	 15.3752 	 0.233946 	 -0.55184
1608 	 11.8216 	 15.8216 	 0.134956 	 -0.521412
1609 	 11.667 	 15.667 	 0.22581 	 -0.494525
1610 	 11.7493 	 15.7493 	 0.201655 	 -0.528332
1611 	 11.9417 	 15.9417 	 0.14531 	 -0.42682
1612 	 11.7522 	 15.7522 	 0.205697 	 -0.523661
1613 	 11.9163 	 15.9163 	 0.179211 	 -0.467264
1614 	 12.071 	 16.071 	 0.122667 	 -0.556599
1615 	 11.8414 	 15.8414 	 0.229381 	 -0.578484
1616 	 12.0654 	 16.0654 	 0.21758 	 -0.498955
1617 	 12.4093 	 16.4093 	 0.204521 	 -0.522837
1618 	 12.5619 	 16.5619 	 0.225648 	 -0.474689
1619 	 12.1873 	 16.1873 	 0.255446 	 -0.509533
1620 	 12.265 	 16.265 	 0.217647 	 -0.513981
1621 	 12.1873 	 16.1873 	 0.250555 	 -0.495299
1622 	 12.1414 	 16.1414 	 0.230151 	 -0.49895
1623 	 12.2152 	 16.2152 	 0.179779 	 -0.523061
1624 	 12.3918 	 16.3918 	 0.0809535 	 -0.527048
1625 	 12.0165 	 16.0165 	 0.0951995 	 -0.477504
1626 	 12.1227 	 16.1227 	 0.136152 	 -0.515632
1627 	 12.2347 	 16.2347 	 0.135603 	 -0.485578
1628 	 11.9478 	 15.9478 	 0.156663 	 -0.489059
1629 	 12.0227 	 16.0227 	 0.197047 	 -0.54101
1630 	 12.2499 	 16.2499 	 0.101772 	 -0.505109
1631 	 -2 	 2 	 0 	 0
1632 	 13.6347 	 17.6347 	 0.107475 	 -0.400636
1633 	 13.6062 	 17.6062 	 0.0957753 	 -0.398568
1634 	 13.0419 	 17.0419 	 0.138913 	 -0.482085
1635 	 12.9351 	 16.9351 	 0.108156 	 -0.493147
1636 	 13.4487 	 17.4487 	 0.102327 	 -0.439983
1637 	 13.1686 	 17.1686 	 0.0937553 	 -0.459526
1638 	 13.1906 	 17.1906 	 0.0747175 	 -0.526584
1639 	 13.4435 	 17.4435 	 0.0818432 	 -0.412149
1640 	 12.2855 	 16.2855 	 0.190401 	 -0.456993
1641 	 12.1576 	 16.1576 	 0.0921595 	 -0.50183
1642 	 13.2784 	 17.2784 	 0.0915893 	 -0.400361
1643 	 12.2919 	 16.2919 	 0.0603504 	 -0.515696
1644 	 12.8688 	 16.8688 	 0.13717 	 -0.533446
1645 	 12.3447 	 16.3447 	 0.0952186 	 -0.502525
1646 	 12.8627 	 16.8627 	 0.130219 	 -0.379084
1647 	 13.5145 	 17.5145 	 0.137437 	 -0.393197
1648 	 11.5419 	 15.5419 	 0.155432 	 -0.507084
1649 	 12.5342 	 16.5342 	 0.0606783 	 -0.441404
1650 	 11.8379 	 15.8379 	 0.127501 	 -0.436508
1651 	 11.8512 	 15.8512 	 0.0342219 	 -0.493119
1652 	 11.7464 	 15.7464 	 0.137049 	 -0.491777
1653 	 12.7233 	 16.7233 	 0.00998544 	 -0.492068
1654 	 12.1031 	 16.1031 	 0.104299 	 -0.457381
1655 	 12.0548 	 16.0548 	 0.106458 	 -0.391704
1656 	 12.7288 	 16.7288 	 -1.08209 	 -1.60641
1657 	 12.6298 	 16.6298 	 -1.0967 	 -1.67953
1658 	 13.1476 	 17.1476 	 -1.1656 	 -1.56192
1659 	 13.2512 	 17.2512 	 -1.07695 	 -1.64275
1660 	 12.7783 	 16.7783 	 -1.0712 	 -1.69076
1661 	 12.7454 	 16.7454 	 -1.02255 	 -1.61267
1662 	 12.9617 	 16.9617 	 -1.1157 	 -1.68127
1663 	 13.2606 	 17.2606 	 -1.16635 	 -1.64084
1664 	 10.6743 	 14.6743 	 -0.973141 	 -1.71323
1665 	 11.6716 	 15.6716 	 -1.02446 	 -1.64957
1666 	 11.8745 	 15.8745 	 -1.09503 	 -1.59392
1667 	 11.6737 	 15.6737 	 -1.08622 	 -1.65598
1668 	 11.7279 	 15.7279 	 -1.08832 	 -1.69489
1669 	 11.5246 	 15.5246 	 -1.14631 	 -1.64071
1670 	 11.4503 	 15.4503 	 -1.04685 	 -1.69645
1671 	 11.7449 	 15.7449 	 -1.028 	 -1.6189
1672 	 12.422 	 16.422 	 -0.920792 	 -1.80184
1673 	 12.7946 	 16.7946 	 -0.840281 	 -1.74343
1674 	 12.742 	 16.742 	 -0.927586 	 -1.79799
1675 	 12.549 	 16.549 	 -1.02355 	 -1.77751
1676 	 12.7473 	 16.7473 	 -0.926002 	 -1.69297
1677 	 12.7519 	 16.7519 	 -0.880104 	 -1.75826
1678 	 12.855 	 16.855 	 -0.827582 	 -1.87413
1679 	 12.8778 	 16.8778 	 -0.880093 	 -1.70455
1680 	 12.0708 	 16.0708 	 -0.323737 	 -1.08227
1681 	 13.1829 	 17.1829 	 -0.413139 	 -0.925191
1682 	 12.7951 	 16.7951 	 -0.42254 	 -0.979378
1683 	 12.2224 	 16.2224 	 -0.323052 	 -1.0082
1684 	 13.1011 	 17.1011 	 -0.395353 	 -0.971206
1685 	 12.2778 	 16.2778 	 -0.420294 	 -1.02063
1686 	 13.0814 	 17.0814 	 -0.434018 	 -0.903834
1687 	 12.782 	 16.782 	 -0.404678 	 -0.983495
1688 	 12.437 	 16.437 	 -0.363598 	 -1.17992
1689 	 13.0761 	 17.0761 	 -0.46886 	 -0.998519
1690 	 13.4777 	 17.4777 	 -0.46587 	 -0.922315
1691 	 12.4764 	 16.4764 	 -0.406906 	 -0.986751
1692 	 13.1865 	 17.1865 	 -0.426189 	 -1.01479
1693 	 12.7864 	 16.7864 	 -0.351618 	 -1.08925
1694 	 12.7188 	 16.7188 	 -0.288811 	 -1.02651
1695 	 13.2388 	 17.2388 	 -0.455113 	 -1.01541
1696 	 12.3758 	 16.3758 	 0.154424 	 -0.534157
1697 	 13.1465 	 17.1465 	 0.14086 	 -0.427644
1698 	 12.4993 	 16.4993 	 0.103332 	 -0.508123
1699 	 12.6217 	 16.6217 	 0.112533 	 -0.584078
1700 	 12.8012 	 16.8012 	 0.132387 	 -0.462586
1701 	 12.5811 	 16.5811 	 0.130536 	 -0.500256
1702 	 13.2708 	 17.2708 	 0.103582 	 -0.491783
1703 	 13.1682 	 17.1682 	 0.0310307 	 -0.493379
1704 	 12.2007 	 16.2007 	 0.188 	 -0.492395
1705 	 12.6102 	 16.6102 	 0.0450494 	 -0.493794
1706 	 12.2807 	 16.2807 	 0.199031 	 -0.487536
1707 	 12.3156 	 16.3156 	 0.229303 	 -0.451777
1708 	 12.6177 	 16.6177 	 0.087949 	 -0.494779
1709 	 12.5045 	 16.5045 	 0.136152 	 -0.58538
1710 	 12.6377 	 16.6377 	 0.183388 	 -0.435396
1711 	 12.6638 	 16.6638 	 0.0746311 	 -0.499602
1712 	 11.8897 	 15.8897 	 0.223277 	 -0.572063
1713 	 12.2963 	 16.2963 	 0.153369 	 -0.467802
1714 	 11.4668 	 15.4668 	 0.177123 	 -0.461751
1715 	 12.283 	 16.283 	 0.116306 	 -0.557105
1716 	 12.3467 	 16.3467 	 0.104219 	 -0.536904
1717 	 12.3977 	 16.3977 	 0.112186 	 -0.467408
1718 	 12.2247 	 16.2247 	 0.188911 	 -0.501431
1719 	 12.351 	 16.351 	 0.152459 	 -0.533391
1720 	 13.0734 	 17.0734 	 0.181281 	 -0.427118
1721 	 13.2114 	 17.2114 	 0.177335 	 -0.435477
1722 	 13.3082 	 17.3082 	 0.119987 	 -0.509645
1723 	 12.904 	 16.904 	 0.164627 	 -0.43296
1724 	 13.6767 	 17.6767 	 0.0885871 	 -0.445236
1725 	 13.3577 	 17.3577 	 0.0902039 	 -0.485407
1726 	 12.7853 	 16.7853 	 0.174634 	 -0.446062
1727 	 13.4055 	 17.4055 	 0.0959699 	 -0.416949
1728 	 11.0089 	 15.0089 	 0.251075 	 -0.599318
1729 	 11.6801 	 15.6801 	 0.109223 	 -0.487994
1730 	 11.6774 	 15.6774 	 0.185268 	 -0.525882
1731 	 11.3415 	 15.3415 	 0.197065 	 -0.521658
1732 	 11.7505 	 15.7505 	 0.10075 	 -0.505457
1733 	 11.1571 	 15.1571 	 0.161175 	 -0.514063
1734 	 11.535 	 15.535 	 0.147481 	 -0.550162
1735 	 11.4738 	 15.4738 	 0.138007 	 -0.482256
1736 	 12.8491 	 16.8491 	 0.0725549 	 -0.430042
1737 	 12.8804 	 16.8804 	 0.0561856 	 -0.511475
1738 	 12.9876 	 16.9876 	 -0.00937183 	 -0.446799
1739 	 12.6624 	 16.6624 	 0.108671 	 -0.499812
1740 	 12.8575 	 16.8575 	 0.152266 	 -0.450607
1741 	 12.3454 	 16.3454 	 0.07777 	 -0.480068
1742 	 12.8432 	 16.8432 	 0.0965986 	 -0.532471
1743 	 12.6854 	 16.6854 	 0.181864 	 -0.452371
1744 	 11.9739 	 15.9739 	 -1.09569 	 -1.62692
1745 	 11.9907 	 15.9907 	 -1.04728 	 -1.58692
1746 	 11.7866 	 15.7866 	 -1.00584 	 -1.63969
1747 	 12.1486 	 16.1486 	 -1.07256 	 -1.64646
1748 	 12.1551 	 16.1551 	 -1.08851 	 -1.60738
1749 	 11.7949 	 15.7949 	 -1.12836 	 -1.69361
1750 	 11.7726 	 15.7726 	 -1.0242 	 -1.5618
1751 	 11.8906 	 15.8906 	 -1.03754 	 -1.63345
1752 	 10.7782 	 14.7782 	 -0.977313 	 -1.73095
1753 	 11.5915 	 15.5915 	 -1.14152 	 -1.67749
1754 	 11.1198 	 15.1198 	 -0.964266 	 -1.65379
1755 	 11.0195 	 15.0195 	 -0.933246 	 -1.71015
1756 	 10.5478 	 14.5478 	 -1.02618 	 -1.76172
1757 	 10.7558 	 14.7558 	 -1.00811 	 -1.76488
1758 	 11.3493 	 15.3493 	 -1.09399 	 -1.65333
1759 	 10.8312 	 14.8312 	 -0.96327 	 -1.66571
1760 	 11.3082 	 15.3082 	 -0.959233 	 -1.75631
1761 	 11.2795 	 15.2795 	 -1.00006 	 -1.67337
1762 	 11.4075 	 15.4075 	 -0.931667 	 -1.68804
1763 	 11.2295 	 15.2295 	 -0.975259 	 -1.76751
1764 	 11.378 	 15.378 	 -0.955684 	 -1.72901
1765 	 10.9235 	 14.9235 	 -1.0775 	 -1.67855
1766 	 11.3659 	 15.3659 	 -1.00022 	 -1.73811
1767 	 12.0312 	 16.0312 	 -0.908515 	 -1.78463
1768 	 11.4877 	 15.4877 	 -0.312803 	 -1.16765
1769 	 11.8262 	 15.8262 	 -0.268219 	 -1.19101
1770 	 10.9998 	 14.9998 	 -0.288896 	 -1.17814
1771 	 11.2502 	 15.2502 	 -0.302562 	 -1.16041
1772 	 11.4209 	 15.4209 	 -0.19641 	 -1.15212
1773 	 11.5399 	 15.5399 	 -0.188331 	 -1.17112
1774 	 11.3803 	 15.3803 	 -0.267995 	 -1.19517
1775 	 11.8944 	 15.8944 	 -0.235948 	 -1.22297
1776 	 12.716 	 16.716 	 -0.394381 	 -1.08579
1777 	 12.1304 	 16.1304 	 -0.288037 	 -1.17167
1778 	 12.8848 	 16.8848 	 -0.448317 	 -0.942232
1779 	 12.6111 	 16.6111 	 -0.412342 	 -1.12862
1780 	 13.2878 	 17.2878 	 -0.386582 	 -0.972589
1781 	 12.7971 	 16.7971 	 -0.343816 	 -1.10568
1782 	 12.8905 	 16.8905 	 -0.33134 	 -1.02936
1783 	 12.4342 	 16.4342 	 -0.402577 	 -1.12969
1784 	 11.8053 	 15.8053 	 0.15844 	 -0.498417
1785 	 12.6292 	 16.6292 	 0.0477092 	 -0.521245
1786 	 12.1521 	 16.1521 	 0.22474 	 -0.512158
1787 	 11.7906 	 15.7906 	 0.078285 	 -0.529332
1788 	 11.9381 	 15.9381 	 0.114632 	 -0.595099
1789 	 12.2114 	 16.2114 	 0.124944 	 -0.46797
1790 	 12.1047 	 16.1047 	 0.170226 	 -0.488041
1791 	 12.0129 	 16.0129 	 0.116631 	 -0.502267
1792 	 12.0299 	 16.0299 	 0.214594 	 -0.493018
1793 	 11.642 	 15.642 	 0.179647 	 -0.497971
1794 	 -2 	 2 	 0 	 0
1795 	 12.0506 	 16.0506 	 0.071706 	 -0.48315
1796 	 12.0283 	 16.0283 	 0.175245 	 -0.574887
1797 	 11.8705 	 15.8705 	 0.103167 	 -0.465336
1798 	 12.1639 	 16.1639 	 0.224626 	 -0.546177
1799 	 12.1666 	 16.1666 	 0.11479 	 -0.468416
1800 	 11.8625 	 15.8625 	 0.238916 	 -0.537656
1801 	 11.9003 	 15.9003 	 0.0601019 	 -0.491139
1802 	 11.6368 	 15.6368 	 0.106317 	 -0.525526
1803 	 11.739 	 15.739 	 0.193425 	 -0.618603
1804 	 12.1557 	 16.1557 	 0.152974 	 -0.538763
1805 	 11.6003 	 15.6003 	 0.141553 	 -0.522359
1806 	 11.8176 	 15.8176 	 0.122464 	 -0.549986
1807 	 11.837 	 15.837 	 0.185348 	 -0.518246
1808 	 12.4229 	 16.4229 	 0.0727409 	 -0.449999
1809 	 11.9629 	 15.9629 	 0.247846 	 -0.498546
1810 	 12.4922 	 16.4922 	 0.0736558 	 -0.42439
1811 	 12.1534 	 16.1534 	 0.144884 	 -0.49031
1812 	 12.2989 	 16.2989 	 0.0845989 	 -0.507579
1813 	 11.8512 	 15.8512 	 0.157441 	 -0.499949
1814 	 12.5318 	 16.5318 	 0.145002 	 -0.486647
1815 	 11.9901 	 15.9901 	 0.0982528 	 -0.511196
1816 	 12.4213 	 16.4213 	 0.153013 	 -0.539189
1817 	 12.1791 	 16.1791 	 0.184699 	 -0.534407
1818 	 12.6382 	 16.6382 	 0.179974 	 -0.466551
1819 	 12.5585 	 16.5585 	 0.20885 	 -0.532626
1820 	 12.8953 	 16.8953 	 0.108069 	 -0.481193
1821 	 12.3408 	 16.3408 	 0.170938 	 -0.54856
1822 	 12.5291 	 16.5291 	 0.163692 	 -0.480116
1823 	 12.5145 	 16.5145 	 0.186215 	 -0.468612
1824 	 12.4606 	 16.4606 	 0.100577 	 -0.563288
1825 	 12.7989 	 16.7989 	 0.123508 	 -0.399926
1826 	 12.4201 	 16.4201 	 0.0278689 	 -0.497072
1827 	 12.1648 	 16.1648 	 0.146337 	 -0.485578
1828 	 12.4928 	 16.4928 	 0.180485 	 -0.499315
1829 	 12.2601 	 16.2601 	 0.125907 	 -0.478452
1830 	 12.4951 	 16.4951 	 0.0829572 	 -0.525538
1831 	 12.9154 	 16.9154 	 0.0412988 	 -0.454328
1832 	 11.9547 	 15.9547 	 -1.08597 	 -1.65778
1833 	 12.2199 	 16.2199 	 -1.11132 	 -1.63461
1834 	 12.3903 	 16.3903 	 -1.02688 	 -1.59308
1835 	 11.9426 	 15.9426 	 -1.08952 	 -1.60187
1836 	 12.555 	 16.555 	 -1.09384 	 -1.61615
1837 	 12.232 	 16.232 	 -1.15812 	 -1.66901
1838 	 12.2183 	 16.2183 	 -1.10372 	 -1.67563
1839 	 12.2566 	 16.2566 	 -1.07388 	 -1.60698
1840 	 11.9336 	 15.9336 	 -1.04427 	 -1.73709
1841 	 11.5415 	 15.5415 	 -0.927337 	 -1.76998
1842 	 11.3554 	 15.3554 	 -1.0008 	 -1.82639
1843 	 11.3117 	 15.3117 	 -0.960796 	 -1.80625
1844 	 11.4415 	 15.4415 	 -1.00882 	 -1.75553
1845 	 11.4638 	 15.4638 	 -0.959338 	 -1.71581
1846 	 11.4372 	 15.4372 	 -0.929439 	 -1.84181
1847 	 11.6303 	 15.6303 	 -0.972801 	 -1.66828
1848 	 11.3661 	 15.3661 	 -0.351572 	 -1.15306
1849 	 11.3434 	 15.3434 	 -0.387943 	 -1.08864
1850 	 12.2995 	 16.2995 	 -0.267278 	 -1.15645
1851 	 11.5332 	 15.5332 	 -0.355785 	 -1.09457
1852 	 11.3377 	 15.3377 	 -0.302851 	 -1.18483
1853 	 11.4888 	 15.4888 	 -0.398515 	 -1.05967
1854 	 12.267 	 16.267 	 -0.124451 	 -1.20576
1855 	 11.7796 	 15.7796 	 -0.296905 	 -1.04109
1856 	 12.0485 	 16.0485 	 -0.30828 	 -1.07468
1857 	 12.454 	 16.454 	 -0.410374 	 -1.0696
1858 	 12.2808 	 16.2808 	 -0.387191 	 -1.0626
1859 	 12.0178 	 16.0178 	 -0.321939 	 -1.06892
1860 	 12.0626 	 16.0626 	 -0.368525 	 -1.12706
1861 	 12.1078 	 16.1078 	 -0.405472 	 -1.02323
1862 	 12.4561 	 16.4561 	 -0.338385 	 -1.04048
1863 	 12.5886 	 16.5886 	 -0.388099 	 -1.06052
1864 	 -2 	 2 	 0 	 0
1865 	 13.0184 	 17.0184 	 -0.464812 	 -0.978906
1866 	 13.3318 	 17.3318 	 -0.433303 	 -1.03643
1867 	 13.1792 	 17.1792 	 -0.390117 	 -1.10565
1868 	 13.4759 	 17.4759 	 -0.418121 	 -0.987942
1869 	 12.7582 	 16.7582 	 -0.439953 	 -0.990892
1870 	 12.6472 	 16.6472 	 -0.456435 	 -1.05681
1871 	 13.253 	 17.253 	 -0.340871 	 -0.963304
1872 	 10.8457 	 14.8457 	 0.208951 	 -0.496645
1873 	 11.3802 	 15.3802 	 0.173933 	 -0.447765
1874 	 11.5118 	 15.5118 	 0.147617 	 -0.508643
1875 	 10.985 	 14.985 	 0.249037 	 -0.567236
1876 	 11.5133 	 15.5133 	 0.248618 	 -0.491633
1877 	 10.588 	 14.588 	 0.167464 	 -0.570168
1878 	 11.5453 	 15.5453 	 0.141278 	 -0.479479
1879 	 11.5156 	 15.5156 	 0.167287 	 -0.505869
1880 	 11.9402 	 15.9402 	 0.166838 	 -0.530974
1881 	 12.6986 	 16.6986 	 0.109178 	 -0.409302
1882 	 12.2536 	 16.2536 	 0.120834 	 -0.495361
1883 	 11.7924 	 15.7924 	 0.181677 	 -0.598499
1884 	 11.6801 	 15.6801 	 0.232798 	 -0.499983
1885 	 11.9679 	 15.9679 	 0.172378 	 -0.432347
1886 	 11.8771 	 15.8771 	 0.151629 	 -0.522472
1887 	 12.0684 	 16.0684 	 0.153527 	 -0.523113
1888 	 12.8234 	 16.8234 	 0.164853 	 -0.487273
1889 	 13.0377 	 17.0377 	 0.10349 	 -0.476038
1890 	 13.1444 	 17.1444 	 0.0869108 	 -0.440648
1891 	 12.7471 	 16.7471 	 0.128609 	 -0.575824
1892 	 12.9625 	 16.9625 	 0.0957364 	 -0.473533
1893 	 12.7316 	 16.7316 	 0.153956 	 -0.537069
1894 	 12.8561 	 16.8561 	 0.139349 	 -0.476552
1895 	 13.1806 	 17.1806 	 0.0605547 	 -0.461566
1896 	 12.0828 	 16.0828 	 0.0547454 	 -0.53948
1897 	 12.1097 	 16.1097 	 0.0640974 	 -0.484464
1898 	 12.0393 	 16.0393 	 0.0932025 	 -0.452729
1899 	 12.0192 	 16.0192 	 0.164696 	 -0.411157
1900 	 12.3212 	 16.3212 	 0.0875656 	 -0.463643
1901 	 11.8158 	 15.8158 	 0.0506621 	 -0.497443
1902 	 12.3477 	 16.3477 	 0.100996 	 -0.573364
1903 	 12.1405 	 16.1405 	 0.116772 	 -0.462772
1904 	 11.4757 	 15.4757 	 -0.964304 	 -1.71704
1905 	 11.9652 	 15.9652 	 -0.955802 	 -1.66551
1906 	 12.4309 	 16.4309 	 -1.03739 	 -1.63972
1907 	 12.0789 	 16.0789 	 -1.09346 	 -1.67771
1908 	 11.9201 	 15.9201 	 -0.971523 	 -1.71688
1909 	 11.7593 	 15.7593 	 -0.976213 	 -1.66106
1910 	 12.3248 	 16.3248 	 -1.04823 	 -1.73345
1911 	 12.0992 	 16.0992 	 -1.0363 	 -1.63892
1912 	 11.8336 	 15.8336 	 -0.189394 	 -1.31155
1913 	 12.0782 	 16.0782 	 -0.22788 	 -1.22001
1914 	 11.3697 	 15.3697 	 -0.3513 	 -1.00244
1915 	 11.5509 	 15.5509 	 -0.319967 	 -1.11291
1916 	 11.7734 	 15.7734 	 -0.145336 	 -1.20985
1917 	 11.9749 	 15.9749 	 -0.242114 	 -1.25156
1918 	 11.789 	 15.789 	 -0.362798 	 -1.1604
1919 	 11.5754 	 15.5754 	 -0.35659 	 -1.09008
1920 	 11.3676 	 15.3676 	 -0.374489 	 -1.08137
1921 	 11.1993 	 15.1993 	 -0.245889 	 -1.06464
1922 	 11.36 	 15.36 	 -0.354634 	 -1.00081
1923 	 11.1141 	 15.1141 	 -0.326608 	 -1.08785
1924 	 11.3859 	 15.3859 	 -0.328561 	 -1.04611
1925 	 11.1782 	 15.1782 	 -0.376541 	 -1.11577
1926 	 11.2681 	 15.2681 	 -0.384215 	 -1.1395
1927 	 11.6332 	 15.6332 	 -0.36942 	 -0.999881
1928 	 12.7358 	 16.7358 	 -0.382873 	 -1.00595
1929 	 12.854 	 16.854 	 -0.319327 	 -1.04379
1930 	 12.8913 	 16.8913 	 -0.391093 	 -1.10206
1931 	 13.3026 	 17.3026 	 -0.39301 	 -0.994899
1932 	 13.5662 	 17.5662 	 -0.443323 	 -1.0528
1933 	 13.3601 	 17.3601 	 -0.428946 	 -1.02029
1934 	 12.8843 	 16.8843 	 -0.347893 	 -1.02451
1935 	 13.3429 	 17.3429 	 -0.445194 	 -0.900397
1936 	 11.7228 	 15.7228 	 0.126903 	 -0.542072
1937 	 11.9126 	 15.9126 	 0.0207018 	 -0.446446
1938 	 11.9101 	 15.9101 	 0.115488 	 -0.403327
1939 	 11.6857 	 15.6857 	 0.00497551 	 -0.486016
1940 	 11.8491 	 15.8491 	 0.0859768 	 -0.525156
1941 	 11.894 	 15.894 	 0.13275 	 -0.39191
1942 	 11.802 	 15.802 	 0.197789 	 -0.483739
1943 	 11.8441 	 15.8441 	 0.0661522 	 -0.518387
1944 	 11.4892 	 15.4892 	 0.239864 	 -0.600941
1945 	 11.7448 	 15.7448 	 0.102895 	 -0.457059
1946 	 11.4213 	 15.4213 	 0.13788 	 -0.49159
1947 	 11.6072 	 15.6072 	 0.198746 	 -0.567006
1948 	 11.9138 	 15.9138 	 0.156339 	 -0.477872
1949 	 11.5732 	 15.5732 	 0.129767 	 -0.585154
1950 	 11.8084 	 15.8084 	 0.110158 	 -0.558868
1951 	 11.6647 	 15.6647 	 0.157173 	 -0.502534
1952 	 0 	 0 	 0 	 0
1953 	 0 	 0 	 0 	 0
1954 	 0 	 0 	 0 	 0
1955 	 0 	 0 	 0 	 0
1956 	 0 	 0 	 0 	 0
1957 	 0 	 0 	 0 	 0
1958 	 0 	 0 	 0 	 0
1959 	 0 	 0 	 0 	 0
1960 	 0 	 0 	 0 	 0
1961 	 0 	 0 	 0 	 0
1962 	 0 	 0 	 0 	 0
1963 	 0 	 0 	 0 	 0
1964 	 0 	 0 	 0 	 0
1965 	 0 	 0 	 0 	 0
1966 	 0 	 0 	 0 	 0
1967 	 0 	 0 	 0 	 0
1968 	 0 	 0 	 0 	 0
1969 	 0 	 0 	 0 	 0
1970 	 0 	 0 	 0 	 0
1971 	 0 	 0 	 0 	 0
1972 	 0 	 0 	 0 	 0
1973 	 0 	 0 	 0 	 0
1974 	 0 	 0 	 0 	 0
1975 	 0 	 0 	 0 	 0
1976 	 0 	 0 	 0 	 0
1977 	 0 	 0 	 0 	 0
1978 	 0 	 0 	 0 	 0
1979 	 0 	 0 	 0 	 0
1980 	 0 	 0 	 0 	 0
1981 	 0 	 0 	 0 	 0
1982 	 0 	 0 	 0 	 0
1983 	 0 	 0 	 0 	 0
1984 	 0 	 0 	 0 	 0
1985 	 0 	 0 	 0 	 0
1986 	 0 	 0 	 0 	 0
1987 	 0 	 0 	 0 	 0
1988 	 0 	 0 	 0 	 0
1989 	 0 	 0 	 0 	 0
1990 	 0 	 0 	 0 	 0
1991 	 0 	 0 	 0 	 0
1992 	 0 	 0 	 0 	 0
1993 	 0 	 0 	 0 	 0
1994 	 0 	 0 	 0 	 0
1995 	 0 	 0 	 0 	 0
1996 	 0 	 0 	 0 	 0
1997 	 0 	 0 	 0 	 0
1998 	 0 	 0 	 0 	 0
1999 	 0 	 0 	 0 	 0
2000 	 0 	 0 	 0 	 0
2001 	 0 	 0 	 0 	 0
2002 	 0 	 0 	 0 	 0
2003 	 0 	 0 	 0 	 0
2004 	 0 	 0 	 0 	 0
2005 	 0 	 0 	 0 	 0
2006 	 0 	 0 	 0 	 0
2007 	 0 	 0 	 0 	 0
2008 	 0 	 0 	 0 	 0
2009 	 0 	 0 	 0 	 0
2010 	 0 	 0 	 0 	 0
2011 	 0 	 0 	 0 	 0
2012 	 0 	 0 	 0 	 0
2013 	 0 	 0 	 0 	 0
2014 	 0 	 0 	 0 	 0
2015 	 0 	 0 	 0 	 0
2016 	 0 	 0 	 0 	 0
2017 	 0 	 0 	 0 	 0
2018 	 0 	 0 	 0 	 0
2019 	 0 	 0 	 0 	 0
2020 	 0 	 0 	 0 	 0
2021 	 0 	 0 	 0 	 0
2022 	 0 	 0 	 0 	 0
2023 	 0 	 0 	 0 	 0
2024 	 0 	 0 	 0 	 0
2025 	 0 	 0 	 0 	 0
2026 	 0 	 0 	 0 	 0
2027 	 0 	 0 	 0 	 0
2028 	 0 	 0 	 0 	 0
2029 	 0 	 0 	 0 	 0
2030 	 0 	 0 	 0 	 0
2031 	 0 	 0 	 0 	 0
2032 	 0 	 0 	 0 	 0
2033 	 0 	 0 	 0 	 0
2034 	 0 	 0 	 0 	 0
2035 	 0 	 0 	 0 	 0
2036 	 0 	 0 	 0 	 0
2037 	 0 	 0 	 0 	 0
2038 	 0 	 0 	 0 	 0
2039 	 0 	 0 	 0 	 0
2040 	 0 	 0 	 0 	 0
2041 	 0 	 0 	 0 	 0
2042 	 0 	 0 	 0 	 0
2043 	 0 	 0 	 0 	 0
2044 	 0 	 0 	 0 	 0
2045 	 0 	 0 	 0 	 0
2046 	 0 	 0 	 0 	 0
2047 	 0 	 0 	 0 	 0
2048 	 0 	 0 	 0 	 0
2049 	 0 	 0 	 0 	 0
2050 	 0 	 0 	 0 	 0
2051 	 0 	 0 	 0 	 0
2052 	 0 	 0 	 0 	 0
2053 	 0 	 0 	 0 	 0
2054 	 0 	 0 	 0 	 0
2055 	 0 	 0 	 0 	 0
2056 	 0 	 0 	 0 	 0
2057 	 0 	 0 	 0 	 0
2058 	 0 	 0 	 0 	 0
2059 	 0 	 0 	 0 	 0
2060 	 0 	 0 	 0 	 0
2061 	 0 	 0 	 0 	 0
2062 	 0 	 0 	 0 	 0
2063 	 0 	 0 	 0 	 0
2064 	 0 	 0 	 0 	 0
2065 	 0 	 0 	 0 	 0
2066 	 0 	 0 	 0 	 0
2067 	 0 	 0 	 0 	 0
2068 	 0 	 0 	 0 	 0
2069 	 0 	 0 	 0 	 0
2070 	 0 	 0 	 0 	 0
2071 	 0 	 0 	 0 	 0
2072 	 0 	 0 	 0 	 0
2073 	 0 	 0 	 0 	 0
2074 	 0 	 0 	 0 	 0
2075 	 0 	 0 	 0 	 0
2076 	 0 	 0 	 0 	 0
2077 	 0 	 0 	 0 	 0
2078 	 0 	 0 	 0 	 0
2079 	 0 	 0 	 0 	 0
2080 	 0 	 0 	 0 	 0
2081 	 0 	 0 	 0 	 0
2082 	 0 	 0 	 0 	 0
2083 	 0 	 0 	 0 	 0
2084 	 0 	 0 	 0 	 0
2085 	 0 	 0 	 0 	 0
2086 	 0 	 0 	 0 	 0
2087 	 0 	 0 	 0 	 0
2088 	 0 	 0 	 0 	 0
2089 	 0 	 0 	 0 	 0
2090 	 0 	 0 	 0 	 0
2091 	 0 	 0 	 0 	 0
2092 	 0 	 0 	 0 	 0
2093 	 0 	 0 	 0 	 0
2094 	 0 	 0 	 0 	 0
2095 	 0 	 0 	 0 	 0
2096 	 0 	 0 	 0 	 0
2097 	 0 	 0 	 0 	 0
2098 	 0 	 0 	 0 	 0
2099 	 0 	 0 	 0 	 0
2100 	 0 	 0 	 0 	 0
2101 	 0 	 0 	 0 	 0
2102 	 0 	 0 	 0 	 0
2103 	 0 	 0 	 0 	 0
2104 	 0 	 0 	 0 	 0
2105 	 0 	 0 	 0 	 0
2106 	 0 	 0 	 0 	 0
2107 	 0 	 0 	 0 	 0
2108 	 0 	 0 	 0 	 0
2109 	 0 	 0 	 0 	 0
2110 	 0 	 0 	 0 	 0
2111 	 0 	 0 	 0 	 0
2112 	 0 	 0 	 0 	 0
2113 	 0 	 0 	 0 	 0
2114 	 0 	 0 	 0 	 0
2115 	 0 	 0 	 0 	 0
2116 	 0 	 0 	 0 	 0
2117 	 0 	 0 	 0 	 0
2118 	 0 	 0 	 0 	 0
2119 	 0 	 0 	 0 	 0
2120 	 0 	 0 	 0 	 0
2121 	 0 	 0 	 0 	 0
2122 	 0 	 0 	 0 	 0
2123 	 0 	 0 	 0 	 0
2124 	 0 	 0 	 0 	 0
2125 	 0 	 0 	 0 	 0
2126 	 0 	 0 	 0 	 0
2127 	 0 	 0 	 0 	 0
2128 	 0 	 0 	 0 	 0
2129 	 0 	 0 	 0 	 0
2130 	 0 	 0 	 0 	 0
2131 	 0 	 0 	 0 	 0
2132 	 0 	 0 	 0 	 0
2133 	 0 	 0 	 0 	 0
2134 	 0 	 0 	 0 	 0
2135 	 0 	 0 	 0 	 0
2136 	 0 	 0 	 0 	 0
2137 	 0 	 0 	 0 	 0
2138 	 0 	 0 	 0 	 0
2139 	 0 	 0 	 0 	 0
2140 	 0 	 0 	 0 	 0
2141 	 0 	 0 	 0 	 0
2142 	 0 	 0 	 0 	 0
2143 	 0 	 0 	 0 	 0
2144 	 0 	 0 	 0 	 0
2145 	 0 	 0 	 0 	 0
2146 	 0 	 0 	 0 	 0
2147 	 0 	 0 	 0 	 0
2148 	 0 	 0 	 0 	 0
2149 	 0 	 0 	 0 	 0
2150 	 0 	 0 	 0 	 0
2151 	 0 	 0 	 0 	 0
2152 	 0 	 0 	 0 	 0
2153 	 0 	 0 	 0 	 0
2154 	 0 	 0 	 0 	 0
2155 	 0 	 0 	 0 	 0
2156 	 0 	 0 	 0 	 0
2157 	 0 	 0 	 0 	 0
2158 	 0 	 0 	 0 	 0
2159 	 0 	 0 	 0 	 0
2160 	 0 	 0 	 0 	 0
2161 	 0 	 0 	 0 	 0
2162 	 0 	 0 	 0 	 0
2163 	 0 	 0 	 0 	 0
2164 	 0 	 0 	 0 	 0
2165 	 0 	 0 	 0 	 0
2166 	 0 	 0 	 0 	 0
2167 	 0 	 0 	 0 	 0
2168 	 0 	 0 	 0 	 0
2169 	 0 	 0 	 0 	 0
2170 	 0 	 0 	 0 	 0
2171 	 0 	 0 	 0 	 0
2172 	 0 	 0 	 0 	 0
2173 	 0 	 0 	 0 	 0
2174 	 0 	 0 	 0 	 0
2175 	 0 	 0 	 0 	 0
2176 	 0 	 0 	 0 	 0
2177 	 0 	 0 	 0 	 0
2178 	 0 	 0 	 0 	 0
2179 	 0 	 0 	 0 	 0
2180 	 0 	 0 	 0 	 0
2181 	 0 	 0 	 0 	 0
2182 	 0 	 0 	 0 	 0
2183 	 0 	 0 	 0 	 0
2184 	 0 	 0 	 0 	 0
2185 	 0 	 0 	 0 	 0
2186 	 0 	 0 	 0 	 0
2187 	 0 	 0 	 0 	 0
2188 	 0 	 0 	 0 	 0
2189 	 0 	 0 	 0 	 0
2190 	 0 	 0 	 0 	 0
2191 	 0 	 0 	 0 	 0
2192 	 0 	 0 	 0 	 0
2193 	 0 	 0 	 0 	 0
2194 	 0 	 0 	 0 	 0
2195 	 0 	 0 	 0 	 0
