# NChannels including PMT+SC
NChannels= 8588 
# Number of SuperCells
NSCChannels= 956
######################### RICH Reconstruction PMs indexed positions #######################
#PMPosition: NPMs (starting from 0, grouped by 8, x y couples)
# the position is relative to the relevant flange centre
PMPosition_SC_0 = -300.0 4.5 -300.0 13.5 -300.0 22.5 -291.0 4.5 -291.0 13.5 -291.0 22.5 -282.0 4.5 -282.0 13.5
PMPosition_SC_1 = -282.0 22.5 -273.0 4.5 -273.0 13.5 -273.0 22.5 -264.0 4.5 -264.0 13.5 -264.0 22.5 -255.0 4.5
PMPosition_SC_2 = -255.0 13.5 -255.0 22.5 -246.0 4.5 -246.0 13.5 -246.0 22.5 -237.0 4.5 -237.0 13.5 -237.0 22.5
PMPosition_SC_3 = -228.0 4.5 -228.0 13.5 -228.0 22.5 -219.0 4.5 -219.0 13.5 -219.0 22.5 -210.0 4.5 -210.0 13.5
PMPosition_SC_4 = -210.0 22.5 -201.0 4.5 -201.0 13.5 -201.0 22.5 -192.0 4.5 -192.0 13.5 -192.0 22.5 -183.0 4.5
PMPosition_SC_5 = -183.0 13.5 -183.0 22.5 -174.0 4.5 -174.0 13.5 -174.0 22.5 -165.0 4.5 -165.0 13.5 -165.0 22.5
PMPosition_SC_6 = -156.0 4.5 -156.0 13.5 -156.0 22.5 -147.0 4.5 -147.0 13.5 -147.0 22.5 -138.0 4.5 -138.0 13.5
PMPosition_SC_7 = -138.0 22.5 -129.0 4.5 -129.0 13.5 -129.0 22.5 -120.0 4.5 -120.0 13.5 -120.0 22.5 -111.0 4.5
PMPosition_SC_8 = -111.0 13.5 -111.0 22.5 -102.0 4.5 -102.0 13.5 -102.0 22.5 -93.0 4.5 -93.0 13.5 -93.0 22.5
PMPosition_SC_9 = -84.0 4.5 -84.0 13.5 -84.0 22.5 -75.0 4.5 -75.0 13.5 -75.0 22.5 -66.0 4.5 -66.0 13.5
PMPosition_SC_10 = -66.0 22.5 -57.0 4.5 -57.0 13.5 -57.0 22.5 -48.0 4.5 -48.0 13.5 -48.0 22.5 -39.0 4.5
PMPosition_SC_11 = -39.0 13.5 -39.0 22.5 -30.0 4.5 -30.0 13.5 -30.0 22.5 -21.0 4.5 -21.0 13.5 -21.0 22.5
PMPosition_SC_12 = -12.0 4.5 -12.0 13.5 -12.0 22.5 -3.0 4.5 -3.0 13.5 -3.0 22.5 6.0 4.5 6.0 13.5
PMPosition_SC_13 = 6.0 22.5 15.0 4.5 15.0 13.5 15.0 22.5 24.0 4.5 24.0 13.5 24.0 22.5 33.0 4.5
PMPosition_SC_14 = 33.0 13.5 33.0 22.5 42.0 4.5 42.0 13.5 42.0 22.5 51.0 4.5 51.0 13.5 51.0 22.5
PMPosition_SC_15 = 60.0 4.5 60.0 13.5 60.0 22.5 69.0 4.5 69.0 13.5 69.0 22.5 78.0 4.5 78.0 13.5
PMPosition_SC_16 = 78.0 22.5 87.0 4.5 87.0 13.5 87.0 22.5 96.0 4.5 96.0 13.5 96.0 22.5 105.0 4.5
PMPosition_SC_17 = 105.0 13.5 105.0 22.5 114.0 4.5 114.0 13.5 114.0 22.5 123.0 4.5 123.0 13.5 123.0 22.5
PMPosition_SC_18 = 132.0 4.5 132.0 13.5 132.0 22.5 141.0 4.5 141.0 13.5 141.0 22.5 150.0 4.5 150.0 13.5
PMPosition_SC_19 = 150.0 22.5 159.0 4.5 159.0 13.5 159.0 22.5 168.0 4.5 168.0 13.5 168.0 22.5 177.0 4.5
PMPosition_SC_20 = 177.0 13.5 177.0 22.5 186.0 4.5 186.0 13.5 186.0 22.5 195.0 4.5 195.0 13.5 195.0 22.5
PMPosition_SC_21 = 204.0 4.5 204.0 13.5 204.0 22.5 213.0 4.5 213.0 13.5 213.0 22.5 222.0 4.5 222.0 13.5
PMPosition_SC_22 = 222.0 22.5 231.0 4.5 231.0 13.5 231.0 22.5 240.0 4.5 240.0 13.5 240.0 22.5 249.0 4.5
PMPosition_SC_23 = 249.0 13.5 249.0 22.5 258.0 4.5 258.0 13.5 258.0 22.5 267.0 4.5 267.0 13.5 267.0 22.5
PMPosition_SC_24 = 276.0 4.5 276.0 13.5 276.0 22.5 285.0 4.5 285.0 13.5 285.0 22.5 294.0 4.5 294.0 13.5
PMPosition_SC_25 = 294.0 22.5 303.0 4.5 303.0 13.5 303.0 22.5 303.0 31.5 303.0 40.5 303.0 49.5 294.0 31.5
PMPosition_SC_26 = 294.0 40.5 294.0 49.5 285.0 31.5 285.0 40.5 285.0 49.5 276.0 31.5 276.0 40.5 276.0 49.5
PMPosition_SC_27 = 267.0 31.5 267.0 40.5 267.0 49.5 258.0 31.5 258.0 40.5 258.0 49.5 249.0 31.5 249.0 40.5
PMPosition_SC_28 = 249.0 49.5 240.0 31.5 240.0 40.5 240.0 49.5 231.0 31.5 231.0 40.5 231.0 49.5 222.0 31.5
PMPosition_SC_29 = 222.0 40.5 222.0 49.5 213.0 31.5 213.0 40.5 213.0 49.5 204.0 31.5 204.0 40.5 204.0 49.5
PMPosition_SC_30 = 195.0 31.5 195.0 40.5 195.0 49.5 186.0 31.5 186.0 40.5 186.0 49.5 177.0 31.5 177.0 40.5
PMPosition_SC_31 = 177.0 49.5 168.0 31.5 168.0 40.5 168.0 49.5 159.0 31.5 159.0 40.5 159.0 49.5 150.0 31.5
PMPosition_SC_32 = 150.0 40.5 150.0 49.5 141.0 31.5 141.0 40.5 141.0 49.5 132.0 31.5 132.0 40.5 132.0 49.5
PMPosition_SC_33 = 123.0 31.5 123.0 40.5 123.0 49.5 114.0 31.5 114.0 40.5 114.0 49.5 105.0 31.5 105.0 40.5
PMPosition_SC_34 = 105.0 49.5 96.0 31.5 96.0 40.5 96.0 49.5 87.0 31.5 87.0 40.5 87.0 49.5 78.0 31.5
PMPosition_SC_35 = 78.0 40.5 78.0 49.5 69.0 31.5 69.0 40.5 69.0 49.5 60.0 31.5 60.0 40.5 60.0 49.5
PMPosition_SC_36 = 51.0 31.5 51.0 40.5 51.0 49.5 42.0 31.5 42.0 40.5 42.0 49.5 33.0 31.5 33.0 40.5
PMPosition_SC_37 = 33.0 49.5 24.0 31.5 24.0 40.5 24.0 49.5 15.0 31.5 15.0 40.5 15.0 49.5 6.0 31.5
PMPosition_SC_38 = 6.0 40.5 6.0 49.5 -3.0 31.5 -3.0 40.5 -3.0 49.5 -12.0 31.5 -12.0 40.5 -12.0 49.5
PMPosition_SC_39 = -21.0 31.5 -21.0 40.5 -21.0 49.5 -30.0 31.5 -30.0 40.5 -30.0 49.5 -39.0 31.5 -39.0 40.5
PMPosition_SC_40 = -39.0 49.5 -48.0 31.5 -48.0 40.5 -48.0 49.5 -57.0 31.5 -57.0 40.5 -57.0 49.5 -66.0 31.5
PMPosition_SC_41 = -66.0 40.5 -66.0 49.5 -75.0 31.5 -75.0 40.5 -75.0 49.5 -84.0 31.5 -84.0 40.5 -84.0 49.5
PMPosition_SC_42 = -93.0 31.5 -93.0 40.5 -93.0 49.5 -102.0 31.5 -102.0 40.5 -102.0 49.5 -111.0 31.5 -111.0 40.5
PMPosition_SC_43 = -111.0 49.5 -120.0 31.5 -120.0 40.5 -120.0 49.5 -129.0 31.5 -129.0 40.5 -129.0 49.5 -138.0 31.5
PMPosition_SC_44 = -138.0 40.5 -138.0 49.5 -147.0 31.5 -147.0 40.5 -147.0 49.5 -156.0 31.5 -156.0 40.5 -156.0 49.5
PMPosition_SC_45 = -165.0 31.5 -165.0 40.5 -165.0 49.5 -174.0 31.5 -174.0 40.5 -174.0 49.5 -183.0 31.5 -183.0 40.5
PMPosition_SC_46 = -183.0 49.5 -192.0 31.5 -192.0 40.5 -192.0 49.5 -201.0 31.5 -201.0 40.5 -201.0 49.5 -210.0 31.5
PMPosition_SC_47 = -210.0 40.5 -210.0 49.5 -219.0 31.5 -219.0 40.5 -219.0 49.5 -228.0 31.5 -228.0 40.5 -228.0 49.5
PMPosition_SC_48 = -237.0 31.5 -237.0 40.5 -237.0 49.5 -246.0 31.5 -246.0 40.5 -246.0 49.5 -255.0 31.5 -255.0 40.5
PMPosition_SC_49 = -255.0 49.5 -264.0 31.5 -264.0 40.5 -264.0 49.5 -273.0 31.5 -273.0 40.5 -273.0 49.5 -282.0 31.5
PMPosition_SC_50 = -282.0 40.5 -282.0 49.5 -291.0 31.5 -291.0 40.5 -291.0 49.5 -300.0 31.5 -300.0 40.5 -300.0 49.5
PMPosition_SC_51 = -300.0 58.5 -300.0 67.5 -300.0 76.5 -291.0 58.5 -291.0 67.5 -291.0 76.5 -282.0 58.5 -282.0 67.5
PMPosition_SC_52 = -282.0 76.5 -273.0 58.5 -273.0 67.5 -273.0 76.5 -264.0 58.5 -264.0 67.5 -264.0 76.5 -255.0 58.5
PMPosition_SC_53 = -255.0 67.5 -255.0 76.5 -246.0 58.5 -246.0 67.5 -246.0 76.5 -237.0 58.5 -237.0 67.5 -237.0 76.5
PMPosition_SC_54 = -228.0 58.5 -228.0 67.5 -228.0 76.5 -219.0 58.5 -219.0 67.5 -219.0 76.5 -210.0 58.5 -210.0 67.5
PMPosition_SC_55 = -210.0 76.5 -201.0 58.5 -201.0 67.5 -201.0 76.5 -192.0 58.5 -192.0 67.5 -192.0 76.5 -183.0 58.5
PMPosition_SC_56 = -183.0 67.5 -183.0 76.5 -174.0 58.5 -174.0 67.5 -174.0 76.5 -165.0 58.5 -165.0 67.5 -165.0 76.5
PMPosition_SC_57 = -156.0 58.5 -156.0 67.5 -156.0 76.5 -147.0 58.5 -147.0 67.5 -147.0 76.5 -138.0 58.5 -138.0 67.5
PMPosition_SC_58 = -138.0 76.5 -129.0 58.5 -129.0 67.5 -129.0 76.5 -120.0 58.5 -120.0 67.5 -120.0 76.5 -111.0 58.5
PMPosition_SC_59 = -111.0 67.5 -111.0 76.5 -102.0 58.5 -102.0 67.5 -102.0 76.5 -93.0 58.5 -93.0 67.5 -93.0 76.5
PMPosition_SC_60 = -84.0 58.5 -84.0 67.5 -84.0 76.5 -75.0 58.5 -75.0 67.5 -75.0 76.5 -66.0 58.5 -66.0 67.5
PMPosition_SC_61 = -66.0 76.5 -57.0 58.5 -57.0 67.5 -57.0 76.5 -48.0 58.5 -48.0 67.5 -48.0 76.5 -39.0 58.5
PMPosition_SC_62 = -39.0 67.5 -39.0 76.5 -30.0 58.5 -30.0 67.5 -30.0 76.5 -21.0 58.5 -21.0 67.5 -21.0 76.5
PMPosition_SC_63 = -12.0 58.5 -12.0 67.5 -12.0 76.5 -3.0 58.5 -3.0 67.5 -3.0 76.5 6.0 58.5 6.0 67.5
PMPosition_SC_64 = 6.0 76.5 15.0 58.5 15.0 67.5 15.0 76.5 24.0 58.5 24.0 67.5 24.0 76.5 33.0 58.5
PMPosition_SC_65 = 33.0 67.5 33.0 76.5 42.0 58.5 42.0 67.5 42.0 76.5 51.0 58.5 51.0 67.5 51.0 76.5
PMPosition_SC_66 = 60.0 58.5 60.0 67.5 60.0 76.5 69.0 58.5 69.0 67.5 69.0 76.5 78.0 58.5 78.0 67.5
PMPosition_SC_67 = 78.0 76.5 87.0 58.5 87.0 67.5 87.0 76.5 96.0 58.5 96.0 67.5 96.0 76.5 105.0 58.5
PMPosition_SC_68 = 105.0 67.5 105.0 76.5 114.0 58.5 114.0 67.5 114.0 76.5 123.0 58.5 123.0 67.5 123.0 76.5
PMPosition_SC_69 = 132.0 58.5 132.0 67.5 132.0 76.5 141.0 58.5 141.0 67.5 141.0 76.5 150.0 58.5 150.0 67.5
PMPosition_SC_70 = 150.0 76.5 159.0 58.5 159.0 67.5 159.0 76.5 168.0 58.5 168.0 67.5 168.0 76.5 177.0 58.5
PMPosition_SC_71 = 177.0 67.5 177.0 76.5 186.0 58.5 186.0 67.5 186.0 76.5 195.0 58.5 195.0 67.5 195.0 76.5
PMPosition_SC_72 = 204.0 58.5 204.0 67.5 204.0 76.5 213.0 58.5 213.0 67.5 213.0 76.5 222.0 58.5 222.0 67.5
PMPosition_SC_73 = 222.0 76.5 231.0 58.5 231.0 67.5 231.0 76.5 240.0 58.5 240.0 67.5 240.0 76.5 249.0 58.5
PMPosition_SC_74 = 249.0 67.5 249.0 76.5 258.0 58.5 258.0 67.5 258.0 76.5 267.0 58.5 267.0 67.5 267.0 76.5
PMPosition_SC_75 = 276.0 58.5 276.0 67.5 276.0 76.5 285.0 58.5 285.0 67.5 285.0 76.5 294.0 58.5 294.0 67.5
PMPosition_SC_76 = 294.0 76.5 294.0 85.5 294.0 94.5 294.0 103.5 285.0 85.5 285.0 94.5 285.0 103.5 276.0 85.5
PMPosition_SC_77 = 276.0 94.5 276.0 103.5 267.0 85.5 267.0 94.5 267.0 103.5 258.0 85.5 258.0 94.5 258.0 103.5
PMPosition_SC_78 = 249.0 85.5 249.0 94.5 249.0 103.5 240.0 85.5 240.0 94.5 240.0 103.5 231.0 85.5 231.0 94.5
PMPosition_SC_79 = 231.0 103.5 222.0 85.5 222.0 94.5 222.0 103.5 213.0 85.5 213.0 94.5 213.0 103.5 204.0 85.5
PMPosition_SC_80 = 204.0 94.5 204.0 103.5 195.0 85.5 195.0 94.5 195.0 103.5 186.0 85.5 186.0 94.5 186.0 103.5
PMPosition_SC_81 = 177.0 85.5 177.0 94.5 177.0 103.5 168.0 85.5 168.0 94.5 168.0 103.5 159.0 85.5 159.0 94.5
PMPosition_SC_82 = 159.0 103.5 150.0 85.5 150.0 94.5 150.0 103.5 141.0 85.5 141.0 94.5 141.0 103.5 132.0 85.5
PMPosition_SC_83 = 132.0 94.5 132.0 103.5 123.0 85.5 123.0 94.5 123.0 103.5 114.0 85.5 114.0 94.5 114.0 103.5
PMPosition_SC_84 = 105.0 85.5 105.0 94.5 105.0 103.5 96.0 85.5 96.0 94.5 96.0 103.5 87.0 85.5 87.0 94.5
PMPosition_SC_85 = 87.0 103.5 78.0 85.5 78.0 94.5 78.0 103.5 69.0 85.5 69.0 94.5 69.0 103.5 60.0 85.5
PMPosition_SC_86 = 60.0 94.5 60.0 103.5 51.0 85.5 51.0 94.5 51.0 103.5 42.0 85.5 42.0 94.5 42.0 103.5
PMPosition_SC_87 = 33.0 85.5 33.0 94.5 33.0 103.5 24.0 85.5 24.0 94.5 24.0 103.5 15.0 85.5 15.0 94.5
PMPosition_SC_88 = 15.0 103.5 6.0 85.5 6.0 94.5 6.0 103.5 -3.0 85.5 -3.0 94.5 -3.0 103.5 -12.0 85.5
PMPosition_SC_89 = -12.0 94.5 -12.0 103.5 -21.0 85.5 -21.0 94.5 -21.0 103.5 -30.0 85.5 -30.0 94.5 -30.0 103.5
PMPosition_SC_90 = -39.0 85.5 -39.0 94.5 -39.0 103.5 -48.0 85.5 -48.0 94.5 -48.0 103.5 -57.0 85.5 -57.0 94.5
PMPosition_SC_91 = -57.0 103.5 -66.0 85.5 -66.0 94.5 -66.0 103.5 -75.0 85.5 -75.0 94.5 -75.0 103.5 -84.0 85.5
PMPosition_SC_92 = -84.0 94.5 -84.0 103.5 -93.0 85.5 -93.0 94.5 -93.0 103.5 -102.0 85.5 -102.0 94.5 -102.0 103.5
PMPosition_SC_93 = -111.0 85.5 -111.0 94.5 -111.0 103.5 -120.0 85.5 -120.0 94.5 -120.0 103.5 -129.0 85.5 -129.0 94.5
PMPosition_SC_94 = -129.0 103.5 -138.0 85.5 -138.0 94.5 -138.0 103.5 -147.0 85.5 -147.0 94.5 -147.0 103.5 -156.0 85.5
PMPosition_SC_95 = -156.0 94.5 -156.0 103.5 -165.0 85.5 -165.0 94.5 -165.0 103.5 -174.0 85.5 -174.0 94.5 -174.0 103.5
PMPosition_SC_96 = -183.0 85.5 -183.0 94.5 -183.0 103.5 -192.0 85.5 -192.0 94.5 -192.0 103.5 -201.0 85.5 -201.0 94.5
PMPosition_SC_97 = -201.0 103.5 -210.0 85.5 -210.0 94.5 -210.0 103.5 -219.0 85.5 -219.0 94.5 -219.0 103.5 -228.0 85.5
PMPosition_SC_98 = -228.0 94.5 -228.0 103.5 -237.0 85.5 -237.0 94.5 -237.0 103.5 -246.0 85.5 -246.0 94.5 -246.0 103.5
PMPosition_SC_99 = -255.0 85.5 -255.0 94.5 -255.0 103.5 -264.0 85.5 -264.0 94.5 -264.0 103.5 -273.0 85.5 -273.0 94.5
PMPosition_SC_100 = -273.0 103.5 -282.0 85.5 -282.0 94.5 -282.0 103.5 -291.0 85.5 -291.0 94.5 -291.0 103.5 -282.0 112.5
PMPosition_SC_101 = -282.0 121.5 -282.0 130.5 -273.0 112.5 -273.0 121.5 -273.0 130.5 -264.0 112.5 -264.0 121.5 -264.0 130.5
PMPosition_SC_102 = -255.0 112.5 -255.0 121.5 -255.0 130.5 -246.0 112.5 -246.0 121.5 -246.0 130.5 -237.0 112.5 -237.0 121.5
PMPosition_SC_103 = -237.0 130.5 -228.0 112.5 -228.0 121.5 -228.0 130.5 -219.0 112.5 -219.0 121.5 -219.0 130.5 -210.0 112.5
PMPosition_SC_104 = -210.0 121.5 -210.0 130.5 -201.0 112.5 -201.0 121.5 -201.0 130.5 -192.0 112.5 -192.0 121.5 -192.0 130.5
PMPosition_SC_105 = -183.0 112.5 -183.0 121.5 -183.0 130.5 -174.0 112.5 -174.0 121.5 -174.0 130.5 -165.0 112.5 -165.0 121.5
PMPosition_SC_106 = -165.0 130.5 -156.0 112.5 -156.0 121.5 -156.0 130.5 -147.0 112.5 -147.0 121.5 -147.0 130.5 -138.0 112.5
PMPosition_SC_107 = -138.0 121.5 -138.0 130.5 -129.0 112.5 -129.0 121.5 -129.0 130.5 -120.0 112.5 -120.0 121.5 -120.0 130.5
PMPosition_SC_108 = -111.0 112.5 -111.0 121.5 -111.0 130.5 -102.0 112.5 -102.0 121.5 -102.0 130.5 -93.0 112.5 -93.0 121.5
PMPosition_SC_109 = -93.0 130.5 -84.0 112.5 -84.0 121.5 -84.0 130.5 -75.0 112.5 -75.0 121.5 -75.0 130.5 -66.0 112.5
PMPosition_SC_110 = -66.0 121.5 -66.0 130.5 -57.0 112.5 -57.0 121.5 -57.0 130.5 -48.0 112.5 -48.0 121.5 -48.0 130.5
PMPosition_SC_111 = -39.0 112.5 -39.0 121.5 -39.0 130.5 -30.0 112.5 -30.0 121.5 -30.0 130.5 -21.0 112.5 -21.0 121.5
PMPosition_SC_112 = -21.0 130.5 -12.0 112.5 -12.0 121.5 -12.0 130.5 -3.0 112.5 -3.0 121.5 -3.0 130.5 6.0 112.5
PMPosition_SC_113 = 6.0 121.5 6.0 130.5 15.0 112.5 15.0 121.5 15.0 130.5 24.0 112.5 24.0 121.5 24.0 130.5
PMPosition_SC_114 = 33.0 112.5 33.0 121.5 33.0 130.5 42.0 112.5 42.0 121.5 42.0 130.5 51.0 112.5 51.0 121.5
PMPosition_SC_115 = 51.0 130.5 60.0 112.5 60.0 121.5 60.0 130.5 69.0 112.5 69.0 121.5 69.0 130.5 78.0 112.5
PMPosition_SC_116 = 78.0 121.5 78.0 130.5 87.0 112.5 87.0 121.5 87.0 130.5 96.0 112.5 96.0 121.5 96.0 130.5
PMPosition_SC_117 = 105.0 112.5 105.0 121.5 105.0 130.5 114.0 112.5 114.0 121.5 114.0 130.5 123.0 112.5 123.0 121.5
PMPosition_SC_118 = 123.0 130.5 132.0 112.5 132.0 121.5 132.0 130.5 141.0 112.5 141.0 121.5 141.0 130.5 150.0 112.5
PMPosition_SC_119 = 150.0 121.5 150.0 130.5 159.0 112.5 159.0 121.5 159.0 130.5 168.0 112.5 168.0 121.5 168.0 130.5
PMPosition_SC_120 = 177.0 112.5 177.0 121.5 177.0 130.5 186.0 112.5 186.0 121.5 186.0 130.5 195.0 112.5 195.0 121.5
PMPosition_SC_121 = 195.0 130.5 204.0 112.5 204.0 121.5 204.0 130.5 213.0 112.5 213.0 121.5 213.0 130.5 222.0 112.5
PMPosition_SC_122 = 222.0 121.5 222.0 130.5 231.0 112.5 231.0 121.5 231.0 130.5 240.0 112.5 240.0 121.5 240.0 130.5
PMPosition_SC_123 = 249.0 112.5 249.0 121.5 249.0 130.5 258.0 112.5 258.0 121.5 258.0 130.5 267.0 112.5 267.0 121.5
PMPosition_SC_124 = 267.0 130.5 276.0 112.5 276.0 121.5 276.0 130.5 285.0 112.5 285.0 121.5 285.0 130.5 267.0 139.5
PMPosition_SC_125 = 267.0 148.5 267.0 157.5 258.0 139.5 258.0 148.5 258.0 157.5 249.0 139.5 249.0 148.5 249.0 157.5
PMPosition_SC_126 = 240.0 139.5 240.0 148.5 240.0 157.5 231.0 139.5 231.0 148.5 231.0 157.5 222.0 139.5 222.0 148.5
PMPosition_SC_127 = 222.0 157.5 213.0 139.5 213.0 148.5 213.0 157.5 204.0 139.5 204.0 148.5 204.0 157.5 195.0 139.5
PMPosition_SC_128 = 195.0 148.5 195.0 157.5 186.0 139.5 186.0 148.5 186.0 157.5 177.0 139.5 177.0 148.5 177.0 157.5
PMPosition_SC_129 = 168.0 139.5 168.0 148.5 168.0 157.5 159.0 139.5 159.0 148.5 159.0 157.5 150.0 139.5 150.0 148.5
PMPosition_SC_130 = 150.0 157.5 141.0 139.5 141.0 148.5 141.0 157.5 132.0 139.5 132.0 148.5 132.0 157.5 123.0 139.5
PMPosition_SC_131 = 123.0 148.5 123.0 157.5 114.0 139.5 114.0 148.5 114.0 157.5 105.0 139.5 105.0 148.5 105.0 157.5
PMPosition_SC_132 = 96.0 139.5 96.0 148.5 96.0 157.5 87.0 139.5 87.0 148.5 87.0 157.5 78.0 139.5 78.0 148.5
PMPosition_SC_133 = 78.0 157.5 69.0 139.5 69.0 148.5 69.0 157.5 60.0 139.5 60.0 148.5 60.0 157.5 51.0 139.5
PMPosition_SC_134 = 51.0 148.5 51.0 157.5 42.0 139.5 42.0 148.5 42.0 157.5 33.0 139.5 33.0 148.5 33.0 157.5
PMPosition_SC_135 = 24.0 139.5 24.0 148.5 24.0 157.5 15.0 139.5 15.0 148.5 15.0 157.5 6.0 139.5 6.0 148.5
PMPosition_SC_136 = 6.0 157.5 -3.0 139.5 -3.0 148.5 -3.0 157.5 -12.0 139.5 -12.0 148.5 -12.0 157.5 -21.0 139.5
PMPosition_SC_137 = -21.0 148.5 -21.0 157.5 -30.0 139.5 -30.0 148.5 -30.0 157.5 -39.0 139.5 -39.0 148.5 -39.0 157.5
PMPosition_SC_138 = -48.0 139.5 -48.0 148.5 -48.0 157.5 -57.0 139.5 -57.0 148.5 -57.0 157.5 -66.0 139.5 -66.0 148.5
PMPosition_SC_139 = -66.0 157.5 -75.0 139.5 -75.0 148.5 -75.0 157.5 -84.0 139.5 -84.0 148.5 -84.0 157.5 -93.0 139.5
PMPosition_SC_140 = -93.0 148.5 -93.0 157.5 -102.0 139.5 -102.0 148.5 -102.0 157.5 -111.0 139.5 -111.0 148.5 -111.0 157.5
PMPosition_SC_141 = -120.0 139.5 -120.0 148.5 -120.0 157.5 -129.0 139.5 -129.0 148.5 -129.0 157.5 -138.0 139.5 -138.0 148.5
PMPosition_SC_142 = -138.0 157.5 -147.0 139.5 -147.0 148.5 -147.0 157.5 -156.0 139.5 -156.0 148.5 -156.0 157.5 -165.0 139.5
PMPosition_SC_143 = -165.0 148.5 -165.0 157.5 -174.0 139.5 -174.0 148.5 -174.0 157.5 -183.0 139.5 -183.0 148.5 -183.0 157.5
PMPosition_SC_144 = -192.0 139.5 -192.0 148.5 -192.0 157.5 -201.0 139.5 -201.0 148.5 -201.0 157.5 -210.0 139.5 -210.0 148.5
PMPosition_SC_145 = -210.0 157.5 -219.0 139.5 -219.0 148.5 -219.0 157.5 -228.0 139.5 -228.0 148.5 -228.0 157.5 -237.0 139.5
PMPosition_SC_146 = -237.0 148.5 -237.0 157.5 -246.0 139.5 -246.0 148.5 -246.0 157.5 -255.0 139.5 -255.0 148.5 -255.0 157.5
PMPosition_SC_147 = -264.0 139.5 -264.0 148.5 -264.0 157.5 -273.0 139.5 -273.0 148.5 -273.0 157.5 -255.0 166.5 -255.0 175.5
PMPosition_SC_148 = -255.0 184.5 -246.0 166.5 -246.0 175.5 -246.0 184.5 -237.0 166.5 -237.0 175.5 -237.0 184.5 -228.0 166.5
PMPosition_SC_149 = -228.0 175.5 -228.0 184.5 -219.0 166.5 -219.0 175.5 -219.0 184.5 -210.0 166.5 -210.0 175.5 -210.0 184.5
PMPosition_SC_150 = -201.0 166.5 -201.0 175.5 -201.0 184.5 -192.0 166.5 -192.0 175.5 -192.0 184.5 -183.0 166.5 -183.0 175.5
PMPosition_SC_151 = -183.0 184.5 -174.0 166.5 -174.0 175.5 -174.0 184.5 -165.0 166.5 -165.0 175.5 -165.0 184.5 -156.0 166.5
PMPosition_SC_152 = -156.0 175.5 -156.0 184.5 -147.0 166.5 -147.0 175.5 -147.0 184.5 -138.0 166.5 -138.0 175.5 -138.0 184.5
PMPosition_SC_153 = -129.0 166.5 -129.0 175.5 -129.0 184.5 -120.0 166.5 -120.0 175.5 -120.0 184.5 -111.0 166.5 -111.0 175.5
PMPosition_SC_154 = -111.0 184.5 -102.0 166.5 -102.0 175.5 -102.0 184.5 -93.0 166.5 -93.0 175.5 -93.0 184.5 -84.0 166.5
PMPosition_SC_155 = -84.0 175.5 -84.0 184.5 -75.0 166.5 -75.0 175.5 -75.0 184.5 -66.0 166.5 -66.0 175.5 -66.0 184.5
PMPosition_SC_156 = -57.0 166.5 -57.0 175.5 -57.0 184.5 -48.0 166.5 -48.0 175.5 -48.0 184.5 -39.0 166.5 -39.0 175.5
PMPosition_SC_157 = -39.0 184.5 -30.0 166.5 -30.0 175.5 -30.0 184.5 -21.0 166.5 -21.0 175.5 -21.0 184.5 -12.0 166.5
PMPosition_SC_158 = -12.0 175.5 -12.0 184.5 -3.0 166.5 -3.0 175.5 -3.0 184.5 6.0 166.5 6.0 175.5 6.0 184.5
PMPosition_SC_159 = 15.0 166.5 15.0 175.5 15.0 184.5 24.0 166.5 24.0 175.5 24.0 184.5 33.0 166.5 33.0 175.5
PMPosition_SC_160 = 33.0 184.5 42.0 166.5 42.0 175.5 42.0 184.5 51.0 166.5 51.0 175.5 51.0 184.5 60.0 166.5
PMPosition_SC_161 = 60.0 175.5 60.0 184.5 69.0 166.5 69.0 175.5 69.0 184.5 78.0 166.5 78.0 175.5 78.0 184.5
PMPosition_SC_162 = 87.0 166.5 87.0 175.5 87.0 184.5 96.0 166.5 96.0 175.5 96.0 184.5 105.0 166.5 105.0 175.5
PMPosition_SC_163 = 105.0 184.5 114.0 166.5 114.0 175.5 114.0 184.5 123.0 166.5 123.0 175.5 123.0 184.5 132.0 166.5
PMPosition_SC_164 = 132.0 175.5 132.0 184.5 141.0 166.5 141.0 175.5 141.0 184.5 150.0 166.5 150.0 175.5 150.0 184.5
PMPosition_SC_165 = 159.0 166.5 159.0 175.5 159.0 184.5 168.0 166.5 168.0 175.5 168.0 184.5 177.0 166.5 177.0 175.5
PMPosition_SC_166 = 177.0 184.5 186.0 166.5 186.0 175.5 186.0 184.5 195.0 166.5 195.0 175.5 195.0 184.5 204.0 166.5
PMPosition_SC_167 = 204.0 175.5 204.0 184.5 213.0 166.5 213.0 175.5 213.0 184.5 222.0 166.5 222.0 175.5 222.0 184.5
PMPosition_SC_168 = 231.0 166.5 231.0 175.5 231.0 184.5 240.0 166.5 240.0 175.5 240.0 184.5 249.0 166.5 249.0 175.5
PMPosition_SC_169 = 249.0 184.5 258.0 166.5 258.0 175.5 258.0 184.5 231.0 193.5 231.0 202.5 231.0 211.5 222.0 193.5
PMPosition_SC_170 = 222.0 202.5 222.0 211.5 213.0 193.5 213.0 202.5 213.0 211.5 204.0 193.5 204.0 202.5 204.0 211.5
PMPosition_SC_171 = 195.0 193.5 195.0 202.5 195.0 211.5 186.0 193.5 186.0 202.5 186.0 211.5 177.0 193.5 177.0 202.5
PMPosition_SC_172 = 177.0 211.5 168.0 193.5 168.0 202.5 168.0 211.5 159.0 193.5 159.0 202.5 159.0 211.5 150.0 193.5
PMPosition_SC_173 = 150.0 202.5 150.0 211.5 141.0 193.5 141.0 202.5 141.0 211.5 132.0 193.5 132.0 202.5 132.0 211.5
PMPosition_SC_174 = 123.0 193.5 123.0 202.5 123.0 211.5 114.0 193.5 114.0 202.5 114.0 211.5 105.0 193.5 105.0 202.5
PMPosition_SC_175 = 105.0 211.5 96.0 193.5 96.0 202.5 96.0 211.5 87.0 193.5 87.0 202.5 87.0 211.5 78.0 193.5
PMPosition_SC_176 = 78.0 202.5 78.0 211.5 69.0 193.5 69.0 202.5 69.0 211.5 60.0 193.5 60.0 202.5 60.0 211.5
PMPosition_SC_177 = 51.0 193.5 51.0 202.5 51.0 211.5 42.0 193.5 42.0 202.5 42.0 211.5 33.0 193.5 33.0 202.5
PMPosition_SC_178 = 33.0 211.5 24.0 193.5 24.0 202.5 24.0 211.5 15.0 193.5 15.0 202.5 15.0 211.5 6.0 193.5
PMPosition_SC_179 = 6.0 202.5 6.0 211.5 -3.0 193.5 -3.0 202.5 -3.0 211.5 -12.0 193.5 -12.0 202.5 -12.0 211.5
PMPosition_SC_180 = -21.0 193.5 -21.0 202.5 -21.0 211.5 -30.0 193.5 -30.0 202.5 -30.0 211.5 -39.0 193.5 -39.0 202.5
PMPosition_SC_181 = -39.0 211.5 -48.0 193.5 -48.0 202.5 -48.0 211.5 -57.0 193.5 -57.0 202.5 -57.0 211.5 -66.0 193.5
PMPosition_SC_182 = -66.0 202.5 -66.0 211.5 -75.0 193.5 -75.0 202.5 -75.0 211.5 -84.0 193.5 -84.0 202.5 -84.0 211.5
PMPosition_SC_183 = -93.0 193.5 -93.0 202.5 -93.0 211.5 -102.0 193.5 -102.0 202.5 -102.0 211.5 -111.0 193.5 -111.0 202.5
PMPosition_SC_184 = -111.0 211.5 -120.0 193.5 -120.0 202.5 -120.0 211.5 -129.0 193.5 -129.0 202.5 -129.0 211.5 -138.0 193.5
PMPosition_SC_185 = -138.0 202.5 -138.0 211.5 -147.0 193.5 -147.0 202.5 -147.0 211.5 -156.0 193.5 -156.0 202.5 -156.0 211.5
PMPosition_SC_186 = -165.0 193.5 -165.0 202.5 -165.0 211.5 -174.0 193.5 -174.0 202.5 -174.0 211.5 -183.0 193.5 -183.0 202.5
PMPosition_SC_187 = -183.0 211.5 -192.0 193.5 -192.0 202.5 -192.0 211.5 -201.0 193.5 -201.0 202.5 -201.0 211.5 -210.0 193.5
PMPosition_SC_188 = -210.0 202.5 -210.0 211.5 -219.0 193.5 -219.0 202.5 -219.0 211.5 -228.0 193.5 -228.0 202.5 -228.0 211.5
PMPosition_SC_189 = -237.0 193.5 -237.0 202.5 -237.0 211.5 -210.0 220.5 -210.0 229.5 -210.0 238.5 -201.0 220.5 -201.0 229.5
PMPosition_SC_190 = -201.0 238.5 -192.0 220.5 -192.0 229.5 -192.0 238.5 -183.0 220.5 -183.0 229.5 -183.0 238.5 -174.0 220.5
PMPosition_SC_191 = -174.0 229.5 -174.0 238.5 -165.0 220.5 -165.0 229.5 -165.0 238.5 -156.0 220.5 -156.0 229.5 -156.0 238.5
PMPosition_SC_192 = -147.0 220.5 -147.0 229.5 -147.0 238.5 -138.0 220.5 -138.0 229.5 -138.0 238.5 -129.0 220.5 -129.0 229.5
PMPosition_SC_193 = -129.0 238.5 -120.0 220.5 -120.0 229.5 -120.0 238.5 -111.0 220.5 -111.0 229.5 -111.0 238.5 -102.0 220.5
PMPosition_SC_194 = -102.0 229.5 -102.0 238.5 -93.0 220.5 -93.0 229.5 -93.0 238.5 -84.0 220.5 -84.0 229.5 -84.0 238.5
PMPosition_SC_195 = -75.0 220.5 -75.0 229.5 -75.0 238.5 -66.0 220.5 -66.0 229.5 -66.0 238.5 -57.0 220.5 -57.0 229.5
PMPosition_SC_196 = -57.0 238.5 -48.0 220.5 -48.0 229.5 -48.0 238.5 -39.0 220.5 -39.0 229.5 -39.0 238.5 -30.0 220.5
PMPosition_SC_197 = -30.0 229.5 -30.0 238.5 -21.0 220.5 -21.0 229.5 -21.0 238.5 -12.0 220.5 -12.0 229.5 -12.0 238.5
PMPosition_SC_198 = -3.0 220.5 -3.0 229.5 -3.0 238.5 6.0 220.5 6.0 229.5 6.0 238.5 15.0 220.5 15.0 229.5
PMPosition_SC_199 = 15.0 238.5 24.0 220.5 24.0 229.5 24.0 238.5 33.0 220.5 33.0 229.5 33.0 238.5 42.0 220.5
PMPosition_SC_200 = 42.0 229.5 42.0 238.5 51.0 220.5 51.0 229.5 51.0 238.5 60.0 220.5 60.0 229.5 60.0 238.5
PMPosition_SC_201 = 69.0 220.5 69.0 229.5 69.0 238.5 78.0 220.5 78.0 229.5 78.0 238.5 87.0 220.5 87.0 229.5
PMPosition_SC_202 = 87.0 238.5 96.0 220.5 96.0 229.5 96.0 238.5 105.0 220.5 105.0 229.5 105.0 238.5 114.0 220.5
PMPosition_SC_203 = 114.0 229.5 114.0 238.5 123.0 220.5 123.0 229.5 123.0 238.5 132.0 220.5 132.0 229.5 132.0 238.5
PMPosition_SC_204 = 141.0 220.5 141.0 229.5 141.0 238.5 150.0 220.5 150.0 229.5 150.0 238.5 159.0 220.5 159.0 229.5
PMPosition_SC_205 = 159.0 238.5 168.0 220.5 168.0 229.5 168.0 238.5 177.0 220.5 177.0 229.5 177.0 238.5 186.0 220.5
PMPosition_SC_206 = 186.0 229.5 186.0 238.5 195.0 220.5 195.0 229.5 195.0 238.5 204.0 220.5 204.0 229.5 204.0 238.5
PMPosition_SC_207 = 213.0 220.5 213.0 229.5 213.0 238.5 177.0 247.5 177.0 256.5 177.0 265.5 168.0 247.5 168.0 256.5
PMPosition_SC_208 = 168.0 265.5 159.0 247.5 159.0 256.5 159.0 265.5 150.0 247.5 150.0 256.5 150.0 265.5 141.0 247.5
PMPosition_SC_209 = 141.0 256.5 141.0 265.5 132.0 247.5 132.0 256.5 132.0 265.5 123.0 247.5 123.0 256.5 123.0 265.5
PMPosition_SC_210 = 114.0 247.5 114.0 256.5 114.0 265.5 105.0 247.5 105.0 256.5 105.0 265.5 96.0 247.5 96.0 256.5
PMPosition_SC_211 = 96.0 265.5 87.0 247.5 87.0 256.5 87.0 265.5 78.0 247.5 78.0 256.5 78.0 265.5 69.0 247.5
PMPosition_SC_212 = 69.0 256.5 69.0 265.5 60.0 247.5 60.0 256.5 60.0 265.5 51.0 247.5 51.0 256.5 51.0 265.5
PMPosition_SC_213 = 42.0 247.5 42.0 256.5 42.0 265.5 33.0 247.5 33.0 256.5 33.0 265.5 24.0 247.5 24.0 256.5
PMPosition_SC_214 = 24.0 265.5 15.0 247.5 15.0 256.5 15.0 265.5 6.0 247.5 6.0 256.5 6.0 265.5 -3.0 247.5
PMPosition_SC_215 = -3.0 256.5 -3.0 265.5 -12.0 247.5 -12.0 256.5 -12.0 265.5 -21.0 247.5 -21.0 256.5 -21.0 265.5
PMPosition_SC_216 = -30.0 247.5 -30.0 256.5 -30.0 265.5 -39.0 247.5 -39.0 256.5 -39.0 265.5 -48.0 247.5 -48.0 256.5
PMPosition_SC_217 = -48.0 265.5 -57.0 247.5 -57.0 256.5 -57.0 265.5 -66.0 247.5 -66.0 256.5 -66.0 265.5 -75.0 247.5
PMPosition_SC_218 = -75.0 256.5 -75.0 265.5 -84.0 247.5 -84.0 256.5 -84.0 265.5 -93.0 247.5 -93.0 256.5 -93.0 265.5
PMPosition_SC_219 = -102.0 247.5 -102.0 256.5 -102.0 265.5 -111.0 247.5 -111.0 256.5 -111.0 265.5 -120.0 247.5 -120.0 256.5
PMPosition_SC_220 = -120.0 265.5 -129.0 247.5 -129.0 256.5 -129.0 265.5 -138.0 247.5 -138.0 256.5 -138.0 265.5 -147.0 247.5
PMPosition_SC_221 = -147.0 256.5 -147.0 265.5 -156.0 247.5 -156.0 256.5 -156.0 265.5 -165.0 247.5 -165.0 256.5 -165.0 265.5
PMPosition_SC_222 = -174.0 247.5 -174.0 256.5 -174.0 265.5 -183.0 247.5 -183.0 256.5 -183.0 265.5 -138.0 274.5 -138.0 283.5
PMPosition_SC_223 = -138.0 292.5 -129.0 274.5 -129.0 283.5 -129.0 292.5 -120.0 274.5 -120.0 283.5 -120.0 292.5 -111.0 274.5
PMPosition_SC_224 = -111.0 283.5 -111.0 292.5 -102.0 274.5 -102.0 283.5 -102.0 292.5 -93.0 274.5 -93.0 283.5 -93.0 292.5
PMPosition_SC_225 = -84.0 274.5 -84.0 283.5 -84.0 292.5 -75.0 274.5 -75.0 283.5 -75.0 292.5 -66.0 274.5 -66.0 283.5
PMPosition_SC_226 = -66.0 292.5 -57.0 274.5 -57.0 283.5 -57.0 292.5 -48.0 274.5 -48.0 283.5 -48.0 292.5 -39.0 274.5
PMPosition_SC_227 = -39.0 283.5 -39.0 292.5 -30.0 274.5 -30.0 283.5 -30.0 292.5 -21.0 274.5 -21.0 283.5 -21.0 292.5
PMPosition_SC_228 = -12.0 274.5 -12.0 283.5 -12.0 292.5 -3.0 274.5 -3.0 283.5 -3.0 292.5 6.0 274.5 6.0 283.5
PMPosition_SC_229 = 6.0 292.5 15.0 274.5 15.0 283.5 15.0 292.5 24.0 274.5 24.0 283.5 24.0 292.5 33.0 274.5
PMPosition_SC_230 = 33.0 283.5 33.0 292.5 42.0 274.5 42.0 283.5 42.0 292.5 51.0 274.5 51.0 283.5 51.0 292.5
PMPosition_SC_231 = 60.0 274.5 60.0 283.5 60.0 292.5 69.0 274.5 69.0 283.5 69.0 292.5 78.0 274.5 78.0 283.5
PMPosition_SC_232 = 78.0 292.5 87.0 274.5 87.0 283.5 87.0 292.5 96.0 274.5 96.0 283.5 96.0 292.5 105.0 274.5
PMPosition_SC_233 = 105.0 283.5 105.0 292.5 114.0 274.5 114.0 283.5 114.0 292.5 123.0 274.5 123.0 283.5 123.0 292.5
PMPosition_SC_234 = 132.0 274.5 132.0 283.5 132.0 292.5 42.0 301.5 42.0 310.5 42.0 319.5 33.0 301.5 33.0 310.5
PMPosition_SC_235 = 33.0 319.5 24.0 301.5 24.0 310.5 24.0 319.5 15.0 301.5 15.0 310.5 15.0 319.5 6.0 301.5
PMPosition_SC_236 = 6.0 310.5 6.0 319.5 -3.0 301.5 -3.0 310.5 -3.0 319.5 -12.0 301.5 -12.0 310.5 -12.0 319.5
PMPosition_SC_237 = -21.0 301.5 -21.0 310.5 -21.0 319.5 -30.0 301.5 -30.0 310.5 -30.0 319.5 -39.0 301.5 -39.0 310.5
PMPosition_SC_238 = -39.0 319.5 -48.0 301.5 -48.0 310.5 -48.0 319.5 -999.0 -999.0 -999.0 -999.0 -999.0 -999.0 -999.0 -999.0
PMPosition_SC_239 = -300.0 -4.5 -300.0 -13.5 -300.0 -22.5 -291.0 -4.5 -291.0 -13.5 -291.0 -22.5 -282.0 -4.5 -282.0 -13.5
PMPosition_SC_240 = -282.0 -22.5 -273.0 -4.5 -273.0 -13.5 -273.0 -22.5 -264.0 -4.5 -264.0 -13.5 -264.0 -22.5 -255.0 -4.5
PMPosition_SC_241 = -255.0 -13.5 -255.0 -22.5 -246.0 -4.5 -246.0 -13.5 -246.0 -22.5 -237.0 -4.5 -237.0 -13.5 -237.0 -22.5
PMPosition_SC_242 = -228.0 -4.5 -228.0 -13.5 -228.0 -22.5 -219.0 -4.5 -219.0 -13.5 -219.0 -22.5 -210.0 -4.5 -210.0 -13.5
PMPosition_SC_243 = -210.0 -22.5 -201.0 -4.5 -201.0 -13.5 -201.0 -22.5 -192.0 -4.5 -192.0 -13.5 -192.0 -22.5 -183.0 -4.5
PMPosition_SC_244 = -183.0 -13.5 -183.0 -22.5 -174.0 -4.5 -174.0 -13.5 -174.0 -22.5 -165.0 -4.5 -165.0 -13.5 -165.0 -22.5
PMPosition_SC_245 = -156.0 -4.5 -156.0 -13.5 -156.0 -22.5 -147.0 -4.5 -147.0 -13.5 -147.0 -22.5 -138.0 -4.5 -138.0 -13.5
PMPosition_SC_246 = -138.0 -22.5 -129.0 -4.5 -129.0 -13.5 -129.0 -22.5 -120.0 -4.5 -120.0 -13.5 -120.0 -22.5 -111.0 -4.5
PMPosition_SC_247 = -111.0 -13.5 -111.0 -22.5 -102.0 -4.5 -102.0 -13.5 -102.0 -22.5 -93.0 -4.5 -93.0 -13.5 -93.0 -22.5
PMPosition_SC_248 = -84.0 -4.5 -84.0 -13.5 -84.0 -22.5 -75.0 -4.5 -75.0 -13.5 -75.0 -22.5 -66.0 -4.5 -66.0 -13.5
PMPosition_SC_249 = -66.0 -22.5 -57.0 -4.5 -57.0 -13.5 -57.0 -22.5 -48.0 -4.5 -48.0 -13.5 -48.0 -22.5 -39.0 -4.5
PMPosition_SC_250 = -39.0 -13.5 -39.0 -22.5 -30.0 -4.5 -30.0 -13.5 -30.0 -22.5 -21.0 -4.5 -21.0 -13.5 -21.0 -22.5
PMPosition_SC_251 = -12.0 -4.5 -12.0 -13.5 -12.0 -22.5 -3.0 -4.5 -3.0 -13.5 -3.0 -22.5 6.0 -4.5 6.0 -13.5
PMPosition_SC_252 = 6.0 -22.5 15.0 -4.5 15.0 -13.5 15.0 -22.5 24.0 -4.5 24.0 -13.5 24.0 -22.5 33.0 -4.5
PMPosition_SC_253 = 33.0 -13.5 33.0 -22.5 42.0 -4.5 42.0 -13.5 42.0 -22.5 51.0 -4.5 51.0 -13.5 51.0 -22.5
PMPosition_SC_254 = 60.0 -4.5 60.0 -13.5 60.0 -22.5 69.0 -4.5 69.0 -13.5 69.0 -22.5 78.0 -4.5 78.0 -13.5
PMPosition_SC_255 = 78.0 -22.5 87.0 -4.5 87.0 -13.5 87.0 -22.5 96.0 -4.5 96.0 -13.5 96.0 -22.5 105.0 -4.5
PMPosition_SC_256 = 105.0 -13.5 105.0 -22.5 114.0 -4.5 114.0 -13.5 114.0 -22.5 123.0 -4.5 123.0 -13.5 123.0 -22.5
PMPosition_SC_257 = 132.0 -4.5 132.0 -13.5 132.0 -22.5 141.0 -4.5 141.0 -13.5 141.0 -22.5 150.0 -4.5 150.0 -13.5
PMPosition_SC_258 = 150.0 -22.5 159.0 -4.5 159.0 -13.5 159.0 -22.5 168.0 -4.5 168.0 -13.5 168.0 -22.5 177.0 -4.5
PMPosition_SC_259 = 177.0 -13.5 177.0 -22.5 186.0 -4.5 186.0 -13.5 186.0 -22.5 195.0 -4.5 195.0 -13.5 195.0 -22.5
PMPosition_SC_260 = 204.0 -4.5 204.0 -13.5 204.0 -22.5 213.0 -4.5 213.0 -13.5 213.0 -22.5 222.0 -4.5 222.0 -13.5
PMPosition_SC_261 = 222.0 -22.5 231.0 -4.5 231.0 -13.5 231.0 -22.5 240.0 -4.5 240.0 -13.5 240.0 -22.5 249.0 -4.5
PMPosition_SC_262 = 249.0 -13.5 249.0 -22.5 258.0 -4.5 258.0 -13.5 258.0 -22.5 267.0 -4.5 267.0 -13.5 267.0 -22.5
PMPosition_SC_263 = 276.0 -4.5 276.0 -13.5 276.0 -22.5 285.0 -4.5 285.0 -13.5 285.0 -22.5 294.0 -4.5 294.0 -13.5
PMPosition_SC_264 = 294.0 -22.5 303.0 -4.5 303.0 -13.5 303.0 -22.5 303.0 -31.5 303.0 -40.5 303.0 -49.5 294.0 -31.5
PMPosition_SC_265 = 294.0 -40.5 294.0 -49.5 285.0 -31.5 285.0 -40.5 285.0 -49.5 276.0 -31.5 276.0 -40.5 276.0 -49.5
PMPosition_SC_266 = 267.0 -31.5 267.0 -40.5 267.0 -49.5 258.0 -31.5 258.0 -40.5 258.0 -49.5 249.0 -31.5 249.0 -40.5
PMPosition_SC_267 = 249.0 -49.5 240.0 -31.5 240.0 -40.5 240.0 -49.5 231.0 -31.5 231.0 -40.5 231.0 -49.5 222.0 -31.5
PMPosition_SC_268 = 222.0 -40.5 222.0 -49.5 213.0 -31.5 213.0 -40.5 213.0 -49.5 204.0 -31.5 204.0 -40.5 204.0 -49.5
PMPosition_SC_269 = 195.0 -31.5 195.0 -40.5 195.0 -49.5 186.0 -31.5 186.0 -40.5 186.0 -49.5 177.0 -31.5 177.0 -40.5
PMPosition_SC_270 = 177.0 -49.5 168.0 -31.5 168.0 -40.5 168.0 -49.5 159.0 -31.5 159.0 -40.5 159.0 -49.5 150.0 -31.5
PMPosition_SC_271 = 150.0 -40.5 150.0 -49.5 141.0 -31.5 141.0 -40.5 141.0 -49.5 132.0 -31.5 132.0 -40.5 132.0 -49.5
PMPosition_SC_272 = 123.0 -31.5 123.0 -40.5 123.0 -49.5 114.0 -31.5 114.0 -40.5 114.0 -49.5 105.0 -31.5 105.0 -40.5
PMPosition_SC_273 = 105.0 -49.5 96.0 -31.5 96.0 -40.5 96.0 -49.5 87.0 -31.5 87.0 -40.5 87.0 -49.5 78.0 -31.5
PMPosition_SC_274 = 78.0 -40.5 78.0 -49.5 69.0 -31.5 69.0 -40.5 69.0 -49.5 60.0 -31.5 60.0 -40.5 60.0 -49.5
PMPosition_SC_275 = 51.0 -31.5 51.0 -40.5 51.0 -49.5 42.0 -31.5 42.0 -40.5 42.0 -49.5 33.0 -31.5 33.0 -40.5
PMPosition_SC_276 = 33.0 -49.5 24.0 -31.5 24.0 -40.5 24.0 -49.5 15.0 -31.5 15.0 -40.5 15.0 -49.5 6.0 -31.5
PMPosition_SC_277 = 6.0 -40.5 6.0 -49.5 -3.0 -31.5 -3.0 -40.5 -3.0 -49.5 -12.0 -31.5 -12.0 -40.5 -12.0 -49.5
PMPosition_SC_278 = -21.0 -31.5 -21.0 -40.5 -21.0 -49.5 -30.0 -31.5 -30.0 -40.5 -30.0 -49.5 -39.0 -31.5 -39.0 -40.5
PMPosition_SC_279 = -39.0 -49.5 -48.0 -31.5 -48.0 -40.5 -48.0 -49.5 -57.0 -31.5 -57.0 -40.5 -57.0 -49.5 -66.0 -31.5
PMPosition_SC_280 = -66.0 -40.5 -66.0 -49.5 -75.0 -31.5 -75.0 -40.5 -75.0 -49.5 -84.0 -31.5 -84.0 -40.5 -84.0 -49.5
PMPosition_SC_281 = -93.0 -31.5 -93.0 -40.5 -93.0 -49.5 -102.0 -31.5 -102.0 -40.5 -102.0 -49.5 -111.0 -31.5 -111.0 -40.5
PMPosition_SC_282 = -111.0 -49.5 -120.0 -31.5 -120.0 -40.5 -120.0 -49.5 -129.0 -31.5 -129.0 -40.5 -129.0 -49.5 -138.0 -31.5
PMPosition_SC_283 = -138.0 -40.5 -138.0 -49.5 -147.0 -31.5 -147.0 -40.5 -147.0 -49.5 -156.0 -31.5 -156.0 -40.5 -156.0 -49.5
PMPosition_SC_284 = -165.0 -31.5 -165.0 -40.5 -165.0 -49.5 -174.0 -31.5 -174.0 -40.5 -174.0 -49.5 -183.0 -31.5 -183.0 -40.5
PMPosition_SC_285 = -183.0 -49.5 -192.0 -31.5 -192.0 -40.5 -192.0 -49.5 -201.0 -31.5 -201.0 -40.5 -201.0 -49.5 -210.0 -31.5
PMPosition_SC_286 = -210.0 -40.5 -210.0 -49.5 -219.0 -31.5 -219.0 -40.5 -219.0 -49.5 -228.0 -31.5 -228.0 -40.5 -228.0 -49.5
PMPosition_SC_287 = -237.0 -31.5 -237.0 -40.5 -237.0 -49.5 -246.0 -31.5 -246.0 -40.5 -246.0 -49.5 -255.0 -31.5 -255.0 -40.5
PMPosition_SC_288 = -255.0 -49.5 -264.0 -31.5 -264.0 -40.5 -264.0 -49.5 -273.0 -31.5 -273.0 -40.5 -273.0 -49.5 -282.0 -31.5
PMPosition_SC_289 = -282.0 -40.5 -282.0 -49.5 -291.0 -31.5 -291.0 -40.5 -291.0 -49.5 -300.0 -31.5 -300.0 -40.5 -300.0 -49.5
PMPosition_SC_290 = -300.0 -58.5 -300.0 -67.5 -300.0 -76.5 -291.0 -58.5 -291.0 -67.5 -291.0 -76.5 -282.0 -58.5 -282.0 -67.5
PMPosition_SC_291 = -282.0 -76.5 -273.0 -58.5 -273.0 -67.5 -273.0 -76.5 -264.0 -58.5 -264.0 -67.5 -264.0 -76.5 -255.0 -58.5
PMPosition_SC_292 = -255.0 -67.5 -255.0 -76.5 -246.0 -58.5 -246.0 -67.5 -246.0 -76.5 -237.0 -58.5 -237.0 -67.5 -237.0 -76.5
PMPosition_SC_293 = -228.0 -58.5 -228.0 -67.5 -228.0 -76.5 -219.0 -58.5 -219.0 -67.5 -219.0 -76.5 -210.0 -58.5 -210.0 -67.5
PMPosition_SC_294 = -210.0 -76.5 -201.0 -58.5 -201.0 -67.5 -201.0 -76.5 -192.0 -58.5 -192.0 -67.5 -192.0 -76.5 -183.0 -58.5
PMPosition_SC_295 = -183.0 -67.5 -183.0 -76.5 -174.0 -58.5 -174.0 -67.5 -174.0 -76.5 -165.0 -58.5 -165.0 -67.5 -165.0 -76.5
PMPosition_SC_296 = -156.0 -58.5 -156.0 -67.5 -156.0 -76.5 -147.0 -58.5 -147.0 -67.5 -147.0 -76.5 -138.0 -58.5 -138.0 -67.5
PMPosition_SC_297 = -138.0 -76.5 -129.0 -58.5 -129.0 -67.5 -129.0 -76.5 -120.0 -58.5 -120.0 -67.5 -120.0 -76.5 -111.0 -58.5
PMPosition_SC_298 = -111.0 -67.5 -111.0 -76.5 -102.0 -58.5 -102.0 -67.5 -102.0 -76.5 -93.0 -58.5 -93.0 -67.5 -93.0 -76.5
PMPosition_SC_299 = -84.0 -58.5 -84.0 -67.5 -84.0 -76.5 -75.0 -58.5 -75.0 -67.5 -75.0 -76.5 -66.0 -58.5 -66.0 -67.5
PMPosition_SC_300 = -66.0 -76.5 -57.0 -58.5 -57.0 -67.5 -57.0 -76.5 -48.0 -58.5 -48.0 -67.5 -48.0 -76.5 -39.0 -58.5
PMPosition_SC_301 = -39.0 -67.5 -39.0 -76.5 -30.0 -58.5 -30.0 -67.5 -30.0 -76.5 -21.0 -58.5 -21.0 -67.5 -21.0 -76.5
PMPosition_SC_302 = -12.0 -58.5 -12.0 -67.5 -12.0 -76.5 -3.0 -58.5 -3.0 -67.5 -3.0 -76.5 6.0 -58.5 6.0 -67.5
PMPosition_SC_303 = 6.0 -76.5 15.0 -58.5 15.0 -67.5 15.0 -76.5 24.0 -58.5 24.0 -67.5 24.0 -76.5 33.0 -58.5
PMPosition_SC_304 = 33.0 -67.5 33.0 -76.5 42.0 -58.5 42.0 -67.5 42.0 -76.5 51.0 -58.5 51.0 -67.5 51.0 -76.5
PMPosition_SC_305 = 60.0 -58.5 60.0 -67.5 60.0 -76.5 69.0 -58.5 69.0 -67.5 69.0 -76.5 78.0 -58.5 78.0 -67.5
PMPosition_SC_306 = 78.0 -76.5 87.0 -58.5 87.0 -67.5 87.0 -76.5 96.0 -58.5 96.0 -67.5 96.0 -76.5 105.0 -58.5
PMPosition_SC_307 = 105.0 -67.5 105.0 -76.5 114.0 -58.5 114.0 -67.5 114.0 -76.5 123.0 -58.5 123.0 -67.5 123.0 -76.5
PMPosition_SC_308 = 132.0 -58.5 132.0 -67.5 132.0 -76.5 141.0 -58.5 141.0 -67.5 141.0 -76.5 150.0 -58.5 150.0 -67.5
PMPosition_SC_309 = 150.0 -76.5 159.0 -58.5 159.0 -67.5 159.0 -76.5 168.0 -58.5 168.0 -67.5 168.0 -76.5 177.0 -58.5
PMPosition_SC_310 = 177.0 -67.5 177.0 -76.5 186.0 -58.5 186.0 -67.5 186.0 -76.5 195.0 -58.5 195.0 -67.5 195.0 -76.5
PMPosition_SC_311 = 204.0 -58.5 204.0 -67.5 204.0 -76.5 213.0 -58.5 213.0 -67.5 213.0 -76.5 222.0 -58.5 222.0 -67.5
PMPosition_SC_312 = 222.0 -76.5 231.0 -58.5 231.0 -67.5 231.0 -76.5 240.0 -58.5 240.0 -67.5 240.0 -76.5 249.0 -58.5
PMPosition_SC_313 = 249.0 -67.5 249.0 -76.5 258.0 -58.5 258.0 -67.5 258.0 -76.5 267.0 -58.5 267.0 -67.5 267.0 -76.5
PMPosition_SC_314 = 276.0 -58.5 276.0 -67.5 276.0 -76.5 285.0 -58.5 285.0 -67.5 285.0 -76.5 294.0 -58.5 294.0 -67.5
PMPosition_SC_315 = 294.0 -76.5 294.0 -85.5 294.0 -94.5 294.0 -103.5 285.0 -85.5 285.0 -94.5 285.0 -103.5 276.0 -85.5
PMPosition_SC_316 = 276.0 -94.5 276.0 -103.5 267.0 -85.5 267.0 -94.5 267.0 -103.5 258.0 -85.5 258.0 -94.5 258.0 -103.5
PMPosition_SC_317 = 249.0 -85.5 249.0 -94.5 249.0 -103.5 240.0 -85.5 240.0 -94.5 240.0 -103.5 231.0 -85.5 231.0 -94.5
PMPosition_SC_318 = 231.0 -103.5 222.0 -85.5 222.0 -94.5 222.0 -103.5 213.0 -85.5 213.0 -94.5 213.0 -103.5 204.0 -85.5
PMPosition_SC_319 = 204.0 -94.5 204.0 -103.5 195.0 -85.5 195.0 -94.5 195.0 -103.5 186.0 -85.5 186.0 -94.5 186.0 -103.5
PMPosition_SC_320 = 177.0 -85.5 177.0 -94.5 177.0 -103.5 168.0 -85.5 168.0 -94.5 168.0 -103.5 159.0 -85.5 159.0 -94.5
PMPosition_SC_321 = 159.0 -103.5 150.0 -85.5 150.0 -94.5 150.0 -103.5 141.0 -85.5 141.0 -94.5 141.0 -103.5 132.0 -85.5
PMPosition_SC_322 = 132.0 -94.5 132.0 -103.5 123.0 -85.5 123.0 -94.5 123.0 -103.5 114.0 -85.5 114.0 -94.5 114.0 -103.5
PMPosition_SC_323 = 105.0 -85.5 105.0 -94.5 105.0 -103.5 96.0 -85.5 96.0 -94.5 96.0 -103.5 87.0 -85.5 87.0 -94.5
PMPosition_SC_324 = 87.0 -103.5 78.0 -85.5 78.0 -94.5 78.0 -103.5 69.0 -85.5 69.0 -94.5 69.0 -103.5 60.0 -85.5
PMPosition_SC_325 = 60.0 -94.5 60.0 -103.5 51.0 -85.5 51.0 -94.5 51.0 -103.5 42.0 -85.5 42.0 -94.5 42.0 -103.5
PMPosition_SC_326 = 33.0 -85.5 33.0 -94.5 33.0 -103.5 24.0 -85.5 24.0 -94.5 24.0 -103.5 15.0 -85.5 15.0 -94.5
PMPosition_SC_327 = 15.0 -103.5 6.0 -85.5 6.0 -94.5 6.0 -103.5 -3.0 -85.5 -3.0 -94.5 -3.0 -103.5 -12.0 -85.5
PMPosition_SC_328 = -12.0 -94.5 -12.0 -103.5 -21.0 -85.5 -21.0 -94.5 -21.0 -103.5 -30.0 -85.5 -30.0 -94.5 -30.0 -103.5
PMPosition_SC_329 = -39.0 -85.5 -39.0 -94.5 -39.0 -103.5 -48.0 -85.5 -48.0 -94.5 -48.0 -103.5 -57.0 -85.5 -57.0 -94.5
PMPosition_SC_330 = -57.0 -103.5 -66.0 -85.5 -66.0 -94.5 -66.0 -103.5 -75.0 -85.5 -75.0 -94.5 -75.0 -103.5 -84.0 -85.5
PMPosition_SC_331 = -84.0 -94.5 -84.0 -103.5 -93.0 -85.5 -93.0 -94.5 -93.0 -103.5 -102.0 -85.5 -102.0 -94.5 -102.0 -103.5
PMPosition_SC_332 = -111.0 -85.5 -111.0 -94.5 -111.0 -103.5 -120.0 -85.5 -120.0 -94.5 -120.0 -103.5 -129.0 -85.5 -129.0 -94.5
PMPosition_SC_333 = -129.0 -103.5 -138.0 -85.5 -138.0 -94.5 -138.0 -103.5 -147.0 -85.5 -147.0 -94.5 -147.0 -103.5 -156.0 -85.5
PMPosition_SC_334 = -156.0 -94.5 -156.0 -103.5 -165.0 -85.5 -165.0 -94.5 -165.0 -103.5 -174.0 -85.5 -174.0 -94.5 -174.0 -103.5
PMPosition_SC_335 = -183.0 -85.5 -183.0 -94.5 -183.0 -103.5 -192.0 -85.5 -192.0 -94.5 -192.0 -103.5 -201.0 -85.5 -201.0 -94.5
PMPosition_SC_336 = -201.0 -103.5 -210.0 -85.5 -210.0 -94.5 -210.0 -103.5 -219.0 -85.5 -219.0 -94.5 -219.0 -103.5 -228.0 -85.5
PMPosition_SC_337 = -228.0 -94.5 -228.0 -103.5 -237.0 -85.5 -237.0 -94.5 -237.0 -103.5 -246.0 -85.5 -246.0 -94.5 -246.0 -103.5
PMPosition_SC_338 = -255.0 -85.5 -255.0 -94.5 -255.0 -103.5 -264.0 -85.5 -264.0 -94.5 -264.0 -103.5 -273.0 -85.5 -273.0 -94.5
PMPosition_SC_339 = -273.0 -103.5 -282.0 -85.5 -282.0 -94.5 -282.0 -103.5 -291.0 -85.5 -291.0 -94.5 -291.0 -103.5 -282.0 -112.5
PMPosition_SC_340 = -282.0 -121.5 -282.0 -130.5 -273.0 -112.5 -273.0 -121.5 -273.0 -130.5 -264.0 -112.5 -264.0 -121.5 -264.0 -130.5
PMPosition_SC_341 = -255.0 -112.5 -255.0 -121.5 -255.0 -130.5 -246.0 -112.5 -246.0 -121.5 -246.0 -130.5 -237.0 -112.5 -237.0 -121.5
PMPosition_SC_342 = -237.0 -130.5 -228.0 -112.5 -228.0 -121.5 -228.0 -130.5 -219.0 -112.5 -219.0 -121.5 -219.0 -130.5 -210.0 -112.5
PMPosition_SC_343 = -210.0 -121.5 -210.0 -130.5 -201.0 -112.5 -201.0 -121.5 -201.0 -130.5 -192.0 -112.5 -192.0 -121.5 -192.0 -130.5
PMPosition_SC_344 = -183.0 -112.5 -183.0 -121.5 -183.0 -130.5 -174.0 -112.5 -174.0 -121.5 -174.0 -130.5 -165.0 -112.5 -165.0 -121.5
PMPosition_SC_345 = -165.0 -130.5 -156.0 -112.5 -156.0 -121.5 -156.0 -130.5 -147.0 -112.5 -147.0 -121.5 -147.0 -130.5 -138.0 -112.5
PMPosition_SC_346 = -138.0 -121.5 -138.0 -130.5 -129.0 -112.5 -129.0 -121.5 -129.0 -130.5 -120.0 -112.5 -120.0 -121.5 -120.0 -130.5
PMPosition_SC_347 = -111.0 -112.5 -111.0 -121.5 -111.0 -130.5 -102.0 -112.5 -102.0 -121.5 -102.0 -130.5 -93.0 -112.5 -93.0 -121.5
PMPosition_SC_348 = -93.0 -130.5 -84.0 -112.5 -84.0 -121.5 -84.0 -130.5 -75.0 -112.5 -75.0 -121.5 -75.0 -130.5 -66.0 -112.5
PMPosition_SC_349 = -66.0 -121.5 -66.0 -130.5 -57.0 -112.5 -57.0 -121.5 -57.0 -130.5 -48.0 -112.5 -48.0 -121.5 -48.0 -130.5
PMPosition_SC_350 = -39.0 -112.5 -39.0 -121.5 -39.0 -130.5 -30.0 -112.5 -30.0 -121.5 -30.0 -130.5 -21.0 -112.5 -21.0 -121.5
PMPosition_SC_351 = -21.0 -130.5 -12.0 -112.5 -12.0 -121.5 -12.0 -130.5 -3.0 -112.5 -3.0 -121.5 -3.0 -130.5 6.0 -112.5
PMPosition_SC_352 = 6.0 -121.5 6.0 -130.5 15.0 -112.5 15.0 -121.5 15.0 -130.5 24.0 -112.5 24.0 -121.5 24.0 -130.5
PMPosition_SC_353 = 33.0 -112.5 33.0 -121.5 33.0 -130.5 42.0 -112.5 42.0 -121.5 42.0 -130.5 51.0 -112.5 51.0 -121.5
PMPosition_SC_354 = 51.0 -130.5 60.0 -112.5 60.0 -121.5 60.0 -130.5 69.0 -112.5 69.0 -121.5 69.0 -130.5 78.0 -112.5
PMPosition_SC_355 = 78.0 -121.5 78.0 -130.5 87.0 -112.5 87.0 -121.5 87.0 -130.5 96.0 -112.5 96.0 -121.5 96.0 -130.5
PMPosition_SC_356 = 105.0 -112.5 105.0 -121.5 105.0 -130.5 114.0 -112.5 114.0 -121.5 114.0 -130.5 123.0 -112.5 123.0 -121.5
PMPosition_SC_357 = 123.0 -130.5 132.0 -112.5 132.0 -121.5 132.0 -130.5 141.0 -112.5 141.0 -121.5 141.0 -130.5 150.0 -112.5
PMPosition_SC_358 = 150.0 -121.5 150.0 -130.5 159.0 -112.5 159.0 -121.5 159.0 -130.5 168.0 -112.5 168.0 -121.5 168.0 -130.5
PMPosition_SC_359 = 177.0 -112.5 177.0 -121.5 177.0 -130.5 186.0 -112.5 186.0 -121.5 186.0 -130.5 195.0 -112.5 195.0 -121.5
PMPosition_SC_360 = 195.0 -130.5 204.0 -112.5 204.0 -121.5 204.0 -130.5 213.0 -112.5 213.0 -121.5 213.0 -130.5 222.0 -112.5
PMPosition_SC_361 = 222.0 -121.5 222.0 -130.5 231.0 -112.5 231.0 -121.5 231.0 -130.5 240.0 -112.5 240.0 -121.5 240.0 -130.5
PMPosition_SC_362 = 249.0 -112.5 249.0 -121.5 249.0 -130.5 258.0 -112.5 258.0 -121.5 258.0 -130.5 267.0 -112.5 267.0 -121.5
PMPosition_SC_363 = 267.0 -130.5 276.0 -112.5 276.0 -121.5 276.0 -130.5 285.0 -112.5 285.0 -121.5 285.0 -130.5 267.0 -139.5
PMPosition_SC_364 = 267.0 -148.5 267.0 -157.5 258.0 -139.5 258.0 -148.5 258.0 -157.5 249.0 -139.5 249.0 -148.5 249.0 -157.5
PMPosition_SC_365 = 240.0 -139.5 240.0 -148.5 240.0 -157.5 231.0 -139.5 231.0 -148.5 231.0 -157.5 222.0 -139.5 222.0 -148.5
PMPosition_SC_366 = 222.0 -157.5 213.0 -139.5 213.0 -148.5 213.0 -157.5 204.0 -139.5 204.0 -148.5 204.0 -157.5 195.0 -139.5
PMPosition_SC_367 = 195.0 -148.5 195.0 -157.5 186.0 -139.5 186.0 -148.5 186.0 -157.5 177.0 -139.5 177.0 -148.5 177.0 -157.5
PMPosition_SC_368 = 168.0 -139.5 168.0 -148.5 168.0 -157.5 159.0 -139.5 159.0 -148.5 159.0 -157.5 150.0 -139.5 150.0 -148.5
PMPosition_SC_369 = 150.0 -157.5 141.0 -139.5 141.0 -148.5 141.0 -157.5 132.0 -139.5 132.0 -148.5 132.0 -157.5 123.0 -139.5
PMPosition_SC_370 = 123.0 -148.5 123.0 -157.5 114.0 -139.5 114.0 -148.5 114.0 -157.5 105.0 -139.5 105.0 -148.5 105.0 -157.5
PMPosition_SC_371 = 96.0 -139.5 96.0 -148.5 96.0 -157.5 87.0 -139.5 87.0 -148.5 87.0 -157.5 78.0 -139.5 78.0 -148.5
PMPosition_SC_372 = 78.0 -157.5 69.0 -139.5 69.0 -148.5 69.0 -157.5 60.0 -139.5 60.0 -148.5 60.0 -157.5 51.0 -139.5
PMPosition_SC_373 = 51.0 -148.5 51.0 -157.5 42.0 -139.5 42.0 -148.5 42.0 -157.5 33.0 -139.5 33.0 -148.5 33.0 -157.5
PMPosition_SC_374 = 24.0 -139.5 24.0 -148.5 24.0 -157.5 15.0 -139.5 15.0 -148.5 15.0 -157.5 6.0 -139.5 6.0 -148.5
PMPosition_SC_375 = 6.0 -157.5 -3.0 -139.5 -3.0 -148.5 -3.0 -157.5 -12.0 -139.5 -12.0 -148.5 -12.0 -157.5 -21.0 -139.5
PMPosition_SC_376 = -21.0 -148.5 -21.0 -157.5 -30.0 -139.5 -30.0 -148.5 -30.0 -157.5 -39.0 -139.5 -39.0 -148.5 -39.0 -157.5
PMPosition_SC_377 = -48.0 -139.5 -48.0 -148.5 -48.0 -157.5 -57.0 -139.5 -57.0 -148.5 -57.0 -157.5 -66.0 -139.5 -66.0 -148.5
PMPosition_SC_378 = -66.0 -157.5 -75.0 -139.5 -75.0 -148.5 -75.0 -157.5 -84.0 -139.5 -84.0 -148.5 -84.0 -157.5 -93.0 -139.5
PMPosition_SC_379 = -93.0 -148.5 -93.0 -157.5 -102.0 -139.5 -102.0 -148.5 -102.0 -157.5 -111.0 -139.5 -111.0 -148.5 -111.0 -157.5
PMPosition_SC_380 = -120.0 -139.5 -120.0 -148.5 -120.0 -157.5 -129.0 -139.5 -129.0 -148.5 -129.0 -157.5 -138.0 -139.5 -138.0 -148.5
PMPosition_SC_381 = -138.0 -157.5 -147.0 -139.5 -147.0 -148.5 -147.0 -157.5 -156.0 -139.5 -156.0 -148.5 -156.0 -157.5 -165.0 -139.5
PMPosition_SC_382 = -165.0 -148.5 -165.0 -157.5 -174.0 -139.5 -174.0 -148.5 -174.0 -157.5 -183.0 -139.5 -183.0 -148.5 -183.0 -157.5
PMPosition_SC_383 = -192.0 -139.5 -192.0 -148.5 -192.0 -157.5 -201.0 -139.5 -201.0 -148.5 -201.0 -157.5 -210.0 -139.5 -210.0 -148.5
PMPosition_SC_384 = -210.0 -157.5 -219.0 -139.5 -219.0 -148.5 -219.0 -157.5 -228.0 -139.5 -228.0 -148.5 -228.0 -157.5 -237.0 -139.5
PMPosition_SC_385 = -237.0 -148.5 -237.0 -157.5 -246.0 -139.5 -246.0 -148.5 -246.0 -157.5 -255.0 -139.5 -255.0 -148.5 -255.0 -157.5
PMPosition_SC_386 = -264.0 -139.5 -264.0 -148.5 -264.0 -157.5 -273.0 -139.5 -273.0 -148.5 -273.0 -157.5 -255.0 -166.5 -255.0 -175.5
PMPosition_SC_387 = -255.0 -184.5 -246.0 -166.5 -246.0 -175.5 -246.0 -184.5 -237.0 -166.5 -237.0 -175.5 -237.0 -184.5 -228.0 -166.5
PMPosition_SC_388 = -228.0 -175.5 -228.0 -184.5 -219.0 -166.5 -219.0 -175.5 -219.0 -184.5 -210.0 -166.5 -210.0 -175.5 -210.0 -184.5
PMPosition_SC_389 = -201.0 -166.5 -201.0 -175.5 -201.0 -184.5 -192.0 -166.5 -192.0 -175.5 -192.0 -184.5 -183.0 -166.5 -183.0 -175.5
PMPosition_SC_390 = -183.0 -184.5 -174.0 -166.5 -174.0 -175.5 -174.0 -184.5 -165.0 -166.5 -165.0 -175.5 -165.0 -184.5 -156.0 -166.5
PMPosition_SC_391 = -156.0 -175.5 -156.0 -184.5 -147.0 -166.5 -147.0 -175.5 -147.0 -184.5 -138.0 -166.5 -138.0 -175.5 -138.0 -184.5
PMPosition_SC_392 = -129.0 -166.5 -129.0 -175.5 -129.0 -184.5 -120.0 -166.5 -120.0 -175.5 -120.0 -184.5 -111.0 -166.5 -111.0 -175.5
PMPosition_SC_393 = -111.0 -184.5 -102.0 -166.5 -102.0 -175.5 -102.0 -184.5 -93.0 -166.5 -93.0 -175.5 -93.0 -184.5 -84.0 -166.5
PMPosition_SC_394 = -84.0 -175.5 -84.0 -184.5 -75.0 -166.5 -75.0 -175.5 -75.0 -184.5 -66.0 -166.5 -66.0 -175.5 -66.0 -184.5
PMPosition_SC_395 = -57.0 -166.5 -57.0 -175.5 -57.0 -184.5 -48.0 -166.5 -48.0 -175.5 -48.0 -184.5 -39.0 -166.5 -39.0 -175.5
PMPosition_SC_396 = -39.0 -184.5 -30.0 -166.5 -30.0 -175.5 -30.0 -184.5 -21.0 -166.5 -21.0 -175.5 -21.0 -184.5 -12.0 -166.5
PMPosition_SC_397 = -12.0 -175.5 -12.0 -184.5 -3.0 -166.5 -3.0 -175.5 -3.0 -184.5 6.0 -166.5 6.0 -175.5 6.0 -184.5
PMPosition_SC_398 = 15.0 -166.5 15.0 -175.5 15.0 -184.5 24.0 -166.5 24.0 -175.5 24.0 -184.5 33.0 -166.5 33.0 -175.5
PMPosition_SC_399 = 33.0 -184.5 42.0 -166.5 42.0 -175.5 42.0 -184.5 51.0 -166.5 51.0 -175.5 51.0 -184.5 60.0 -166.5
PMPosition_SC_400 = 60.0 -175.5 60.0 -184.5 69.0 -166.5 69.0 -175.5 69.0 -184.5 78.0 -166.5 78.0 -175.5 78.0 -184.5
PMPosition_SC_401 = 87.0 -166.5 87.0 -175.5 87.0 -184.5 96.0 -166.5 96.0 -175.5 96.0 -184.5 105.0 -166.5 105.0 -175.5
PMPosition_SC_402 = 105.0 -184.5 114.0 -166.5 114.0 -175.5 114.0 -184.5 123.0 -166.5 123.0 -175.5 123.0 -184.5 132.0 -166.5
PMPosition_SC_403 = 132.0 -175.5 132.0 -184.5 141.0 -166.5 141.0 -175.5 141.0 -184.5 150.0 -166.5 150.0 -175.5 150.0 -184.5
PMPosition_SC_404 = 159.0 -166.5 159.0 -175.5 159.0 -184.5 168.0 -166.5 168.0 -175.5 168.0 -184.5 177.0 -166.5 177.0 -175.5
PMPosition_SC_405 = 177.0 -184.5 186.0 -166.5 186.0 -175.5 186.0 -184.5 195.0 -166.5 195.0 -175.5 195.0 -184.5 204.0 -166.5
PMPosition_SC_406 = 204.0 -175.5 204.0 -184.5 213.0 -166.5 213.0 -175.5 213.0 -184.5 222.0 -166.5 222.0 -175.5 222.0 -184.5
PMPosition_SC_407 = 231.0 -166.5 231.0 -175.5 231.0 -184.5 240.0 -166.5 240.0 -175.5 240.0 -184.5 249.0 -166.5 249.0 -175.5
PMPosition_SC_408 = 249.0 -184.5 258.0 -166.5 258.0 -175.5 258.0 -184.5 231.0 -193.5 231.0 -202.5 231.0 -211.5 222.0 -193.5
PMPosition_SC_409 = 222.0 -202.5 222.0 -211.5 213.0 -193.5 213.0 -202.5 213.0 -211.5 204.0 -193.5 204.0 -202.5 204.0 -211.5
PMPosition_SC_410 = 195.0 -193.5 195.0 -202.5 195.0 -211.5 186.0 -193.5 186.0 -202.5 186.0 -211.5 177.0 -193.5 177.0 -202.5
PMPosition_SC_411 = 177.0 -211.5 168.0 -193.5 168.0 -202.5 168.0 -211.5 159.0 -193.5 159.0 -202.5 159.0 -211.5 150.0 -193.5
PMPosition_SC_412 = 150.0 -202.5 150.0 -211.5 141.0 -193.5 141.0 -202.5 141.0 -211.5 132.0 -193.5 132.0 -202.5 132.0 -211.5
PMPosition_SC_413 = 123.0 -193.5 123.0 -202.5 123.0 -211.5 114.0 -193.5 114.0 -202.5 114.0 -211.5 105.0 -193.5 105.0 -202.5
PMPosition_SC_414 = 105.0 -211.5 96.0 -193.5 96.0 -202.5 96.0 -211.5 87.0 -193.5 87.0 -202.5 87.0 -211.5 78.0 -193.5
PMPosition_SC_415 = 78.0 -202.5 78.0 -211.5 69.0 -193.5 69.0 -202.5 69.0 -211.5 60.0 -193.5 60.0 -202.5 60.0 -211.5
PMPosition_SC_416 = 51.0 -193.5 51.0 -202.5 51.0 -211.5 42.0 -193.5 42.0 -202.5 42.0 -211.5 33.0 -193.5 33.0 -202.5
PMPosition_SC_417 = 33.0 -211.5 24.0 -193.5 24.0 -202.5 24.0 -211.5 15.0 -193.5 15.0 -202.5 15.0 -211.5 6.0 -193.5
PMPosition_SC_418 = 6.0 -202.5 6.0 -211.5 -3.0 -193.5 -3.0 -202.5 -3.0 -211.5 -12.0 -193.5 -12.0 -202.5 -12.0 -211.5
PMPosition_SC_419 = -21.0 -193.5 -21.0 -202.5 -21.0 -211.5 -30.0 -193.5 -30.0 -202.5 -30.0 -211.5 -39.0 -193.5 -39.0 -202.5
PMPosition_SC_420 = -39.0 -211.5 -48.0 -193.5 -48.0 -202.5 -48.0 -211.5 -57.0 -193.5 -57.0 -202.5 -57.0 -211.5 -66.0 -193.5
PMPosition_SC_421 = -66.0 -202.5 -66.0 -211.5 -75.0 -193.5 -75.0 -202.5 -75.0 -211.5 -84.0 -193.5 -84.0 -202.5 -84.0 -211.5
PMPosition_SC_422 = -93.0 -193.5 -93.0 -202.5 -93.0 -211.5 -102.0 -193.5 -102.0 -202.5 -102.0 -211.5 -111.0 -193.5 -111.0 -202.5
PMPosition_SC_423 = -111.0 -211.5 -120.0 -193.5 -120.0 -202.5 -120.0 -211.5 -129.0 -193.5 -129.0 -202.5 -129.0 -211.5 -138.0 -193.5
PMPosition_SC_424 = -138.0 -202.5 -138.0 -211.5 -147.0 -193.5 -147.0 -202.5 -147.0 -211.5 -156.0 -193.5 -156.0 -202.5 -156.0 -211.5
PMPosition_SC_425 = -165.0 -193.5 -165.0 -202.5 -165.0 -211.5 -174.0 -193.5 -174.0 -202.5 -174.0 -211.5 -183.0 -193.5 -183.0 -202.5
PMPosition_SC_426 = -183.0 -211.5 -192.0 -193.5 -192.0 -202.5 -192.0 -211.5 -201.0 -193.5 -201.0 -202.5 -201.0 -211.5 -210.0 -193.5
PMPosition_SC_427 = -210.0 -202.5 -210.0 -211.5 -219.0 -193.5 -219.0 -202.5 -219.0 -211.5 -228.0 -193.5 -228.0 -202.5 -228.0 -211.5
PMPosition_SC_428 = -237.0 -193.5 -237.0 -202.5 -237.0 -211.5 -210.0 -220.5 -210.0 -229.5 -210.0 -238.5 -201.0 -220.5 -201.0 -229.5
PMPosition_SC_429 = -201.0 -238.5 -192.0 -220.5 -192.0 -229.5 -192.0 -238.5 -183.0 -220.5 -183.0 -229.5 -183.0 -238.5 -174.0 -220.5
PMPosition_SC_430 = -174.0 -229.5 -174.0 -238.5 -165.0 -220.5 -165.0 -229.5 -165.0 -238.5 -156.0 -220.5 -156.0 -229.5 -156.0 -238.5
PMPosition_SC_431 = -147.0 -220.5 -147.0 -229.5 -147.0 -238.5 -138.0 -220.5 -138.0 -229.5 -138.0 -238.5 -129.0 -220.5 -129.0 -229.5
PMPosition_SC_432 = -129.0 -238.5 -120.0 -220.5 -120.0 -229.5 -120.0 -238.5 -111.0 -220.5 -111.0 -229.5 -111.0 -238.5 -102.0 -220.5
PMPosition_SC_433 = -102.0 -229.5 -102.0 -238.5 -93.0 -220.5 -93.0 -229.5 -93.0 -238.5 -84.0 -220.5 -84.0 -229.5 -84.0 -238.5
PMPosition_SC_434 = -75.0 -220.5 -75.0 -229.5 -75.0 -238.5 -66.0 -220.5 -66.0 -229.5 -66.0 -238.5 -57.0 -220.5 -57.0 -229.5
PMPosition_SC_435 = -57.0 -238.5 -48.0 -220.5 -48.0 -229.5 -48.0 -238.5 -39.0 -220.5 -39.0 -229.5 -39.0 -238.5 -30.0 -220.5
PMPosition_SC_436 = -30.0 -229.5 -30.0 -238.5 -21.0 -220.5 -21.0 -229.5 -21.0 -238.5 -12.0 -220.5 -12.0 -229.5 -12.0 -238.5
PMPosition_SC_437 = -3.0 -220.5 -3.0 -229.5 -3.0 -238.5 6.0 -220.5 6.0 -229.5 6.0 -238.5 15.0 -220.5 15.0 -229.5
PMPosition_SC_438 = 15.0 -238.5 24.0 -220.5 24.0 -229.5 24.0 -238.5 33.0 -220.5 33.0 -229.5 33.0 -238.5 42.0 -220.5
PMPosition_SC_439 = 42.0 -229.5 42.0 -238.5 51.0 -220.5 51.0 -229.5 51.0 -238.5 60.0 -220.5 60.0 -229.5 60.0 -238.5
PMPosition_SC_440 = 69.0 -220.5 69.0 -229.5 69.0 -238.5 78.0 -220.5 78.0 -229.5 78.0 -238.5 87.0 -220.5 87.0 -229.5
PMPosition_SC_441 = 87.0 -238.5 96.0 -220.5 96.0 -229.5 96.0 -238.5 105.0 -220.5 105.0 -229.5 105.0 -238.5 114.0 -220.5
PMPosition_SC_442 = 114.0 -229.5 114.0 -238.5 123.0 -220.5 123.0 -229.5 123.0 -238.5 132.0 -220.5 132.0 -229.5 132.0 -238.5
PMPosition_SC_443 = 141.0 -220.5 141.0 -229.5 141.0 -238.5 150.0 -220.5 150.0 -229.5 150.0 -238.5 159.0 -220.5 159.0 -229.5
PMPosition_SC_444 = 159.0 -238.5 168.0 -220.5 168.0 -229.5 168.0 -238.5 177.0 -220.5 177.0 -229.5 177.0 -238.5 186.0 -220.5
PMPosition_SC_445 = 186.0 -229.5 186.0 -238.5 195.0 -220.5 195.0 -229.5 195.0 -238.5 204.0 -220.5 204.0 -229.5 204.0 -238.5
PMPosition_SC_446 = 213.0 -220.5 213.0 -229.5 213.0 -238.5 177.0 -247.5 177.0 -256.5 177.0 -265.5 168.0 -247.5 168.0 -256.5
PMPosition_SC_447 = 168.0 -265.5 159.0 -247.5 159.0 -256.5 159.0 -265.5 150.0 -247.5 150.0 -256.5 150.0 -265.5 141.0 -247.5
PMPosition_SC_448 = 141.0 -256.5 141.0 -265.5 132.0 -247.5 132.0 -256.5 132.0 -265.5 123.0 -247.5 123.0 -256.5 123.0 -265.5
PMPosition_SC_449 = 114.0 -247.5 114.0 -256.5 114.0 -265.5 105.0 -247.5 105.0 -256.5 105.0 -265.5 96.0 -247.5 96.0 -256.5
PMPosition_SC_450 = 96.0 -265.5 87.0 -247.5 87.0 -256.5 87.0 -265.5 78.0 -247.5 78.0 -256.5 78.0 -265.5 69.0 -247.5
PMPosition_SC_451 = 69.0 -256.5 69.0 -265.5 60.0 -247.5 60.0 -256.5 60.0 -265.5 51.0 -247.5 51.0 -256.5 51.0 -265.5
PMPosition_SC_452 = 42.0 -247.5 42.0 -256.5 42.0 -265.5 33.0 -247.5 33.0 -256.5 33.0 -265.5 24.0 -247.5 24.0 -256.5
PMPosition_SC_453 = 24.0 -265.5 15.0 -247.5 15.0 -256.5 15.0 -265.5 6.0 -247.5 6.0 -256.5 6.0 -265.5 -3.0 -247.5
PMPosition_SC_454 = -3.0 -256.5 -3.0 -265.5 -12.0 -247.5 -12.0 -256.5 -12.0 -265.5 -21.0 -247.5 -21.0 -256.5 -21.0 -265.5
PMPosition_SC_455 = -30.0 -247.5 -30.0 -256.5 -30.0 -265.5 -39.0 -247.5 -39.0 -256.5 -39.0 -265.5 -48.0 -247.5 -48.0 -256.5
PMPosition_SC_456 = -48.0 -265.5 -57.0 -247.5 -57.0 -256.5 -57.0 -265.5 -66.0 -247.5 -66.0 -256.5 -66.0 -265.5 -75.0 -247.5
PMPosition_SC_457 = -75.0 -256.5 -75.0 -265.5 -84.0 -247.5 -84.0 -256.5 -84.0 -265.5 -93.0 -247.5 -93.0 -256.5 -93.0 -265.5
PMPosition_SC_458 = -102.0 -247.5 -102.0 -256.5 -102.0 -265.5 -111.0 -247.5 -111.0 -256.5 -111.0 -265.5 -120.0 -247.5 -120.0 -256.5
PMPosition_SC_459 = -120.0 -265.5 -129.0 -247.5 -129.0 -256.5 -129.0 -265.5 -138.0 -247.5 -138.0 -256.5 -138.0 -265.5 -147.0 -247.5
PMPosition_SC_460 = -147.0 -256.5 -147.0 -265.5 -156.0 -247.5 -156.0 -256.5 -156.0 -265.5 -165.0 -247.5 -165.0 -256.5 -165.0 -265.5
PMPosition_SC_461 = -174.0 -247.5 -174.0 -256.5 -174.0 -265.5 -183.0 -247.5 -183.0 -256.5 -183.0 -265.5 -138.0 -274.5 -138.0 -283.5
PMPosition_SC_462 = -138.0 -292.5 -129.0 -274.5 -129.0 -283.5 -129.0 -292.5 -120.0 -274.5 -120.0 -283.5 -120.0 -292.5 -111.0 -274.5
PMPosition_SC_463 = -111.0 -283.5 -111.0 -292.5 -102.0 -274.5 -102.0 -283.5 -102.0 -292.5 -93.0 -274.5 -93.0 -283.5 -93.0 -292.5
PMPosition_SC_464 = -84.0 -274.5 -84.0 -283.5 -84.0 -292.5 -75.0 -274.5 -75.0 -283.5 -75.0 -292.5 -66.0 -274.5 -66.0 -283.5
PMPosition_SC_465 = -66.0 -292.5 -57.0 -274.5 -57.0 -283.5 -57.0 -292.5 -48.0 -274.5 -48.0 -283.5 -48.0 -292.5 -39.0 -274.5
PMPosition_SC_466 = -39.0 -283.5 -39.0 -292.5 -30.0 -274.5 -30.0 -283.5 -30.0 -292.5 -21.0 -274.5 -21.0 -283.5 -21.0 -292.5
PMPosition_SC_467 = -12.0 -274.5 -12.0 -283.5 -12.0 -292.5 -3.0 -274.5 -3.0 -283.5 -3.0 -292.5 6.0 -274.5 6.0 -283.5
PMPosition_SC_468 = 6.0 -292.5 15.0 -274.5 15.0 -283.5 15.0 -292.5 24.0 -274.5 24.0 -283.5 24.0 -292.5 33.0 -274.5
PMPosition_SC_469 = 33.0 -283.5 33.0 -292.5 42.0 -274.5 42.0 -283.5 42.0 -292.5 51.0 -274.5 51.0 -283.5 51.0 -292.5
PMPosition_SC_470 = 60.0 -274.5 60.0 -283.5 60.0 -292.5 69.0 -274.5 69.0 -283.5 69.0 -292.5 78.0 -274.5 78.0 -283.5
PMPosition_SC_471 = 78.0 -292.5 87.0 -274.5 87.0 -283.5 87.0 -292.5 96.0 -274.5 96.0 -283.5 96.0 -292.5 105.0 -274.5
PMPosition_SC_472 = 105.0 -283.5 105.0 -292.5 114.0 -274.5 114.0 -283.5 114.0 -292.5 123.0 -274.5 123.0 -283.5 123.0 -292.5
PMPosition_SC_473 = 132.0 -274.5 132.0 -283.5 132.0 -292.5 42.0 -301.5 42.0 -310.5 42.0 -319.5 33.0 -301.5 33.0 -310.5
PMPosition_SC_474 = 33.0 -319.5 24.0 -301.5 24.0 -310.5 24.0 -319.5 15.0 -301.5 15.0 -310.5 15.0 -319.5 6.0 -301.5
PMPosition_SC_475 = 6.0 -310.5 6.0 -319.5 -3.0 -301.5 -3.0 -310.5 -3.0 -319.5 -12.0 -301.5 -12.0 -310.5 -12.0 -319.5
PMPosition_SC_476 = -21.0 -301.5 -21.0 -310.5 -21.0 -319.5 -30.0 -301.5 -30.0 -310.5 -30.0 -319.5 -39.0 -301.5 -39.0 -310.5
PMPosition_SC_477 = -39.0 -319.5 -48.0 -301.5 -48.0 -310.5 -48.0 -319.5 -999.0 -999.0 -999.0 -999.0 -999.0 -999.0 -999.0 -999.0
