"K12 HIGH-INTENSITY K+ BEAM FOR NA62"                                                     
1                                                                        
15.0  1.0 "MM" 0.1 ;
17.0 ;                                                            
13.0 10.0   ;                                                                   
1.0  1.0 5.0 1.0 5.0 0.0 5.0 75.0 ;
3.0  0.3 ;
1.0  0.0 0.015  0.0 0.015  0.0  0.0  0.0  0.0 "AIR" ;
6.0  1.0 7.5  3.0 7.5 ;
3.0  0.95 ;
6.0  1.0 7.5  3.0 7.5 ;
3.0  0.435 ;
1.0  0.0 0.007  0.0 0.007  0.0  0.0  0.0  0.0 "AL" ;
6.0  1.0 14.0  3.0 14.0 ;
3.0  1.615 ;
6.0  1.0 14.0  3.0 14.0 ;
3.0  0.45 ;
16.0  100.0 27.5 27.5 ;                                                        
5.0  2.99  -4.29864 30.0 "QNRB" ;
3.0  0.44 ;
16.0  100.0 27.5 27.5 ;
5.0  1.56   9.50270 30.0 "QNRB" ;
5.0  1.43   9.50270 30.0 "QNRB" ;
3.0  1.21 ;
16.0  100.0 27.5 27.5 ;
5.0  1.96  -7.06133 30.0 "QNRB" ;
5.0  1.03  -7.06133 30.0 "QNRB" ;
3.0  0.59 ;
16.0  5.0  18.0 ;
20.0 90.0 ; 
2.0  0.0 ; 4.0  3.6  18.201 0.0 "MTRV" ; 2.0  1.501 ; 
20.0 -90.0 ; 
3.0  0.6 ;                                                                      
20.0 90.0 ; 
2.0 -1.501 ; 4.0  3.6 -18.201 0.0 "MTRV" ; 2.0  0.0 ;
20.0 -90.0 ;
3.0  0.249 ;
1.0  0.0 0.01  0.0 0.01  0.0  0.0  0.0  0.0 "AL" ;
3.0  0.061 ;
7.0  0.0 0.0 -2.5 0.0  0.0 0.0 ;
6.0  1.0  7.5  3.0  7.5 ;
3.0  0.33 "TAX1" ;
6.0  1.0  6.75 3.0  6.75 ;
3.0  0.075 ;
6.0  1.0  6.6  3.0  6.6 ;
3.0  0.33 "TAX1" ;
6.0  1.0  6.1  3.0  6.1 ;
3.0  0.075 ;
6.0  1.0  6.0  3.0  6.0 ;
3.0  0.33 "TAX1" ;
6.0  1.0  5.5  3.0  5.5 ;
3.0  0.075 ;
6.0  1.0  5.4  3.0  5.4 ;
3.0  0.20 "TAX1" ;
6.0  1.0  5.1  3.0  5.1 ;
3.0  0.13 "TAX1" ;
6.0  1.0  5.0  3.0  5.0 ;
3.0  0.065 ;
6.0  1.0  5.0  3.0  5.0 ;
7.0  0.0 0.0  2.5 0.0  0.0 0.0 ;
3.0  0.015 ;
1.0  0.0 0.2   0.0 0.2   0.0  0.0  0.0  0.0  "1X0W" ;
7.0  0.0 0.0   0.0 0.0   0.0 -0.01           "DE/E" ;
3.0  0.015 ;
7.0  0.0 0.0  2.5 0.0  0.0 0.0 ;
6.0  1.0  5.0  3.0  5.0 ;
3.0  0.065 ;
6.0  1.0  5.0  3.0  5.0 ;
3.0  0.13 "TAX2" ;
6.0  1.0  5.1  3.0  5.1 ;
3.0  0.20 "TAX2" ;
6.0  1.0  5.4  3.0  5.4 ; 
3.0  0.075 ;
6.0  1.0  5.5  3.0  5.5 ;
3.0  0.33 "TAX2" ;
6.0  1.0  6.0  3.0  6.0 ;
3.0  0.075 ;
6.0  1.0  6.1  3.0  6.1 ;
3.0  0.33 "TAX2" ;
6.0  1.0  6.6  3.0  6.6 ;
3.0  0.075 ;
6.0  1.0  6.75 3.0  6.75 ;
3.0  0.33 "TAX2" ;
6.0  1.0  7.5  3.0  7.5 ;
7.0  0.0 0.0 -2.5 0.0  0.0 0.0 ;
3.0  0.101 ;
1.0  0.0 0.01  0.0 0.01  0.0  0.0  0.0  0.0 "AL" ;
3.0  0.249 ;                                                                   
20.0 90.0 ; 
2.0  0.0   ; 4.0  3.6 -18.201 0.0 "MTRV" ; 2.0 -1.501 ; 
20.0 -90.0 ;                                                             
3.0  0.6  ;                                                                    
20.0 90.0 ; 
2.0  1.501   ; 4.0  3.6  18.201 0.0 "MTRV" ; 2.0  0.0 ;
20.0 -90.0 ;                                                            
3.0  0.59 ;
16.0  100.0  45.0  45.0 ;
16.0  101.0  37.5 ;
5.0  2.99  -8.53971 40.0 "QNL" ;
3.0  0.355 ;
6.0  3.0  20.0 ;
3.0  1.0 "XCSV" ;
6.0  3.0  20.0 ;
3.0  0.43 ; 
5.0  2.99   9.42763 40.0 "QNL" ;
3.0  0.355 ;
6.0  1.0  32.0 ;  
3.0  1.0 "XCSH" ;
6.0  1.0  32.0 ;
3.0  0.43 ;
5.0  2.99  -7.06665 40.0 "QNL" ;
3.0  0.355 ;
6.0  3.0  2.0 ;
3.0  0.4  "XCSV" ;
6.0  3.0  1.2 ;
3.0  0.2  "XCSV" ;
6.0  3.0  1.2 ;
3.0  0.4  "XCSV" ;
6.0  3.0  2.0 ;
3.0  1.38 ;
6.0  1.0 20.0  3.0 20.0 ;  
3.0  2.0 "MBPL" ;
3.0  0.9 ;
3.0  2.0 "MBPL" ;
3.0  0.9 ;
3.0  2.0 "MBPL" ;
6.0  1.0 20.0  3.0 20.0 ;
3.0  1.525 ;
5.0  2.99  -6.36513 40.0 "QNL" ; 
3.0  0.44 ;
5.0  2.99   4.35647 40.0 "QNL" ; 
3.0  0.355 ;
6.0  1.0  27.0 ;
6.0  3.0  15.0 ;
3.0  1.0 "XCHV" ;
6.0  1.0  27.0 ;
6.0  3.0  15.0 ;
3.0  2.222 ;
1.0  0.0 0.007  0.0 0.007  0.0 0.0 0.0 0.0 "AL" ;
3.0  2.385 ;
1.0  0.0 0.011  0.0 0.011  0.0 0.0 0.0 0.0 "XCED" ;
3.0  3.257;
1.0  0.0 0.010  0.0 0.010  0.0 0.0 0.0 0.0 "AL" ;
3.0  1.006 ;
16.0  100.0  47.5  47.5 ;
16.1  101.0  47.5 ;
5.0  0.8  -8.92613 50.0  "QFS" ;                                              
3.0  1.2 ;                                                                    
5.0  0.8   8.69143 50.0  "QFS" ;                                              
3.0  0.495 ;
1.0  0.0 0.015 0.0 0.015 0.0 0.0 0.0 0.0 "GTK1" ;
3.0  0.88 ;
16.0  5.0  36.0 ;
20.0 90.0 ;  
2.0  0.0 ; 4.0  2.5  16.678 0.0 "MCBV" ; 2.0  0.9549 ;
20.0 -90.0 ;
3.0  1.1   ;
20.0 90.0 ;
2.0 -0.9549 ; 4.0  2.5 -16.678 0.0 "MCBV" ; 2.0  0.0 ;
20.0 -90.0 ;
3.0  0.73 ;
7.0  0.0 0.0 -10.0 0.0  0.0 0.0 ;
6.0  1.0 76.0 3.0  27.5 ;
3.0  5.0  "XCMV" ;
6.0  1.0 76.0 3.0  27.5 ;
7.0  0.0 0.0  10.0 0.0  0.0 0.0 ;
3.0  0.49 ;
1.0  0.0 0.015 0.0 0.015 0.0 0.0 0.0 0.0 "GTK2" ;
3.0  0.88   ;
20.0 90.0 ; 
2.0  0.0 ; 4.0  2.5 -16.678 0.0 "MCBV" ; 2.0 -0.9549 ;
20.0 -90.0 ; 
3.0  1.1   ;
20.0 -90.0 ;
2.0 -0.9549 ; 4.0  2.5 -16.678 0.0 "MCBV" ; 2.0  0.0 ;
20.0 90.0 ;
3.0  0.475 ;    
6.0  1.0  33.0 ;
6.0  3.0  16.5 ;   
3.0  1.0 "XCHV" ;
6.0  1.0  33.0 ;  
6.0  3.0  16.5 ;
3.0  0.345 ;
16.0  5.0  47.5 ;
2.0  0.0 ; 4.0  0.4 -7.505 0.0 "MDXH" ; 2.0 -0.0688 ;
3.0  0.4 ;
7.0  0.048 1.2 0.0 0.0 0.0 0.0 ;
3.0 0.5 ;
50.0  1.0  -30.0 30.0 1.5 ;
50.0  3.0  -13.5 13.5 1.5 ;
50.0  2.0  0.8  1.6  0.02 ;
50.0  4.0 -0.4  0.4  0.02 ;
50.0 11.0  70.0 80.0  0.2 ;  
51.0  1.0  -36.0 36.0 0.9 ;
52.0  3.0  -36.0 36.0 1.5 ;
SENTINEL                                                                        
SENTINEL                                                                        
