
"K12 HIGH-INTENSITY K+ BEAM FOR NA62 - 2016"                                                  
100                                                                             
15.0  1.0 "MM" ;
13.0  41.0  ;                                                                   
1.0  1.0  2.7  1.0  1.5  0.0  2.0  75.0  ;
3.0    0.0  "T10" ;
3.0    3.75  ;
5.0A   2.99  -4.299    30.0  "QNRB" ;
3.0    0.44  ;
5.0B   2.99   9.503    30.0  "QNRB" ;
3.0    0.655 ;
3.0    0.0  "MDXV" ;  
3.0    0.555 ; 
5.0C   2.99  -7.061    30.0  "QNRB" ;   
3.0    0.59 ;
20.0 90.0 ; 2.0 0.0 ; 4.0 3.6  18.201 0.0 "MTRV" ; 2.0  1.501 ; 20.0 -90.0 ; 
3.0    0.6 ;
20.0 90.0 ; 2.0 -1.501 ; 4.0 3.6 -18.201 0.0 "MTRV" ; 2.0 0.0 ; 20.0 -90.0 ;
3.0    0.31 ; 
3.0    0.4  "TAX1" ;
3.0    0.005 ;
3.0    0.4  "TAX1" ;
3.0    0.005 ;
3.0    0.4  "TAX1" ;
3.0    0.005 ;
3.0    0.4  "TAX1" ;
3.0    0.01 ;
10.0  -1.0 2.0  0.0 0.0001 ;
10.0  -3.0 4.0  0.0 0.0001 ;
3.0    0.01 ;
3.0    0.4  "TAX2" ;
3.0    0.005 ;
3.0    0.4  "TAX2" ;
3.0    0.005 ;
3.0    0.4  "TAX2" ;
3.0    0.005 ;
3.0    0.4  "TAX2" ;
3.0    0.35 ;
20.0 90.0 ; 2.0 0.0 ; 4.0 3.6 -18.201 0.0 "MTRV" ; 2.0 -1.501 ; 20.0 -90.0 ;
3.0    0.6 ;
20.0 90.0 ; 2.0  1.501 ; 4.0 3.6  18.201 0.0 "MTRV" ; 2.0 0.0 ; 20.0 -90.0 ;
3.0    0.59 ;
5.0D   2.99  -8.540  40.0  "QNL" ;
3.0    0.355 ;
3.0    0.8  "XCSV" ;
3.0    0.2  "XCSV" ;
3.0    0.43 ;
5.0E   2.99   9.428  40.0  "QNL" ;
3.0    0.355 ;
3.0    0.8  "XCSH" ;
3.0    0.2  "XCSH" ;
3.0    0.43 ;
5.0F   2.99  -7.067  40.0  "QNL" ;
3.0    0.355 ;
3.0    0.4  "XCSV" ;
3.0    0.2  "XCSV" ;
10.0  -2.0 2.0  0.0 0.0001 ;
10.0  -3.0 4.0  0.0 0.0001 ;
3.0    0.4  "XCSV" ;
3.0    0.545 ;
3.0    0.0  "MDXH" ;
3.0    0.835 ;
3.0    2.0  "MBPL" ;
3.0    0.9 ;
3.0    2.0  "MBPL" ;
3.0    0.9 ;
3.0    2.0  "MBPL" ;
3.0    0.835 ;
3.0    0.0  "MDXH" ;
3.0    0.690 ;
5.0G   2.99 -6.365  40.0  "QNL" ;
3.0    0.44 ;
5.0H   2.99  4.356  40.0  "QNL" ;
3.0    0.355 ;
3.0    1.0  "XCHV" ;
10.0  -2.0 2.0  0.0  0.0001 ;
10.0  -4.0 4.0  0.0  0.0001 ;
10.0  -1.0 2.0 -10.0 0.0001 ;
10.0  -3.0 4.0  10.0 0.0001 ;
3.0    0.545 ;
3.0    0.0  "MDXV" ;
3.0    0.710 ;
3.0    0.0  "XFS" ;
3.0    0.967 ;
3.0    2.385 "XCED" ;
3.0    3.257 "XCED" ;
3.0    0.531 ;
3.0    0.0   "XFS" ;
3.0    0.475 ;
5.0I   0.8 -9.0   50.0  "QFS" ;
3.0    1.2 ;                                 
5.0J   0.8  9.0   50.0  "QFS" ;
3.0    0.495 ;
3.0    0.0  "GTK1" ;
10.0  -2.0 2.0  0.04  0.0001 ;
10.0  -4.0 4.0 -0.06  0.0001 ;
3.0    0.88 ;
20.0 90.0 ;   
2.0  0.0 ; 4.0 2.5  16.678 0.0 "MCBV" ; 2.0  0.9549 ;
20.0 -90.0 ;
3.0    1.1 ;
20.0 90.0 ;
2.0 -0.9549 ; 4.0 2.5 -16.678 0.0 "MCBV" ; 2.0  0.0 ;
20.0 -90.0 ;
3.0    0.73 ;
3.0    5.0 "XCMV" ;
3.0    0.49 ;
3.0    0.0  "GTK2" ;
3.0    0.56 ;
20.0 90.0 ;
2.0  0.0 ; 4.0 2.5 -16.678 0.0 "MCBV" ; 2.0 -0.9549 ;
20.0 -90.0 ;
3.0    1.1 ;
20.0 -90.0 ;
2.0 -0.9549 ; 4.0 2.5 -16.678 0.0 "MCBV" ; 2.0  0.0 ;
20.0 90.0 ;
3.0    0.795 ;
3.0    1.0  "XCHV" ;
3.0    0.345 ;
2.0  0.0 ; 4.0  0.4 -7.505 0.0 "MDXH" ; 2.0 -0.0688 ;
3.0  0.4 ;
3.0    0.0  "GTK3" ; 
3.0    81.108 ;
3.0    0.0   "STR1" ;
3.0    10.558 ;
3.0    0.0   "STR2" ;
3.0    2.279 ;
2.0  0.0688 ; 4.0  1.3  6.928  0.0 "MNP" ; 2.0  0.1376 ;
3.0    6.814 ;
3.0    0.0   "STR3" ;
3.0    14.426 ;
3.0    0.0   "STR4" ;
3.0    20.732 ;
3.0    0.283 "IRC" ;
3.0    1.193  ;
3.0    0.705 "LKR" ;
3.0    0.705 "LKR" ;
3.0    3.072 ;
3.0    0.0   "XFB" ;
3.0    2.625 ;   
2.0  -0.1376 ; 4.0  2.0  16.511 0.0 "MBPL" ; 2.0  0.8939 ;
3.0    10.8 ;
3.0    0.21  "SAC" ;
3.0    3.165 ;
3.0    0.0   "XWCM" ;
3.0    0.625 ;
3.0    2.8   "DUMP" ;                                                         
SENTINEL
SENTINEL                                                                        
