5.25 4.37918 4.35931 4.36396 4.94534
5.75 4.20999 4.27606 4.21348 4.79805
6.25 4.05564 4.05337 4.00662 4.59354
6.75 3.88532 3.93975 3.84391 4.4096
7.25 3.71477 3.78651 3.70708 4.21331
7.75 3.54317 3.64341 3.52835 4.02707
8.25 3.35944 3.51117 3.3859 3.84262
8.75 3.1939 3.40366 3.25123 3.68682
9.25 3.07467 3.27575 3.14394 3.55095
9.75 2.84794 3.16278 3.04214 3.4292
10.25 2.65233 2.93947 2.89836 3.32193
10.75 2.24952 2.76628 2.78508 3.17925
11.25 1.89546 2.43644 2.57245 3.07254
11.75 1.63117 2.1958 2.14831 2.49554
12.25 1.39192 1.99961 1.96914 1.99271
12.75 1.25884 1.77622 1.5789 1.62559
13.25 1.1939 1.66565 1.39301 1.5204
13.75 1.14091 1.50817 1.23043 1.37182
14.25 1.10733 1.41701 1.15341 1.32216
14.75 1.06957 1.30143 1.02323 1.27556
15.25 0.993191 1.22112 0.976368 1.1709
15.75 0.951674 1.15191 0.92681 1.13763
16.25 0.91659 1.04562 0.877475 1.09602
16.75 0.880259 0.990765 0.842183 1.05392
17.25 0.796352 0.934843 0.756829 0.979518
17.75 0.760183 0.872202 0.718325 0.935377
18.25 0.72183 0.799506 0.677348 0.888364
18.75 0.689834 0.750599 0.626023 0.840806
19.25 0.645671 0.695629 0.539098 0.759644
19.75 0.575052 0.638197 0.485729 0.71566
20.25 0.528317 0.566923 0.436309 0.671481
20.75 0.48266 0.524012 0.362162 0.597753
21.25 0.4107 0.480332 0.318316 0.534398
21.75 0.360674 0.383513 0.271388 0.478958
22.25 0.293968 0.330234 0.214995 0.420718
22.75 0.221217 0.272328 0.132611 0.33585
23.25 0.107645 0.15936 0.0700269 0.264493
23.75 0.0023009 0.0730261 -0.0235247 0.153161
24.25 -0.0678967 -0.0437565 -0.083294 0.0658853
24.75 -0.134906 -0.128975 -0.143452 -0.0330729
25.25 -0.193638 -0.234546 -0.234446 -0.112878
25.75 -0.271278 -0.303199 -0.291777 -0.184856
26.25 -0.271278 -0.4011 -0.360185 -0.295539
26.75 -0.271278 -0.474817 -0.360185 -0.362496
27.25 -0.271278 -0.474817 -0.360185 -0.489599
27.75 -0.271278 -0.474817 -0.360185 -0.489599
28.25 -0.271278 -0.474817 -0.360185 -0.489599
28.75 -0.271278 -0.474817 -0.360185 -0.489599
29.25 -0.271278 -0.474817 -0.360185 -0.489599
29.75 -0.271278 -0.474817 -0.360185 -0.489599
30.25 -0.271278 -0.474817 -0.360185 -0.489599
30.75 -0.0528692 -0.474817 -0.360185 -0.489599
31.25 -0.0991466 -0.474817 -0.360185 -0.489599
31.75 -0.157232 -0.153411 -0.153248 -0.489599
32.25 -0.246865 -0.239776 -0.206615 -0.489599
32.75 -0.310018 -0.306047 -0.311957 -0.489599
33.25 -0.359015 -0.369381 -0.372942 -0.489599
33.75 -0.438713 -0.460573 -0.483176 -0.061648
34.25 -0.512521 -0.528575 -0.558105 -0.133688
34.75 -0.57489 -0.596144 -0.688646 -0.25156
35.25 -0.674635 -0.690205 -0.775339 -0.323687
35.75 -0.732833 -0.747607 -0.842699 -0.392261
36.25 -0.782583 -0.820457 -0.96216 -0.488256
36.75 -0.836405 -0.87391 -1.08241 -0.550256
37.25 -0.929559 -0.976975 -1.1369 -0.604611
37.75 -0.929559 -1.01282 -1.19131 -0.692196
38.25 -1.00596 -1.12912 -1.35577 -0.749022
38.75 -1.03743 -1.17388 -1.37107 -0.810775
39.25 -1.03743 -1.20277 -1.29719 -0.865731
39.75 -1.03743 -1.23177 -1.42164 -0.865731
40.25 -1.03743 -1.28147 -1.46438 -1.16933
40.75 -1.03743 -1.34411 -1.50739 -1.20334
41.25 -1.03743 -1.39161 -1.57512 -1.18999
41.75 -1.03743 -1.43583 -1.63166 -1.22888
42.25 -1.03743 -1.56375 -1.82809 -1.31117
42.75 -1.03743 -1.56375 -1.82809 -1.49785
43.25 -1.03743 -1.56375 -1.82809 -1.62827
43.75 -1.03743 -1.56375 -1.82809 -1.62827
44.25 -1.03743 -1.56375 -1.82809 -1.62827
44.75 -1.03743 -1.56375 -1.82809 -1.62827
45.25 -1.03743 -1.56375 -1.82809 -1.62827
45.75 -1.03743 -1.56375 -1.82809 -1.62827
46.25 -1.03743 -1.56375 -1.82809 -1.62827
46.75 -1.03743 -1.56375 -1.82809 -1.62827
47.25 -1.13845 -1.56375 -1.82809 -1.62827
47.75 -1.16254 -1.56375 -1.82809 -1.62827
48.25 -1.19331 -1.56375 -1.82809 -1.62827
48.75 -1.21596 -1.56375 -1.82809 -1.62827
49.25 -1.24287 -1.56375 -1.82809 -1.62827
49.75 -1.30774 -1.56375 -1.82809 -1.62827
50.25 -1.30774 -1.56375 -1.82809 -1.62827
50.75 -1.30774 -1.56375 -1.82809 -1.62827
51.25 -1.30774 -1.56375 -1.82809 -1.62827
51.75 -1.30774 -1.56375 -1.82809 -1.62827
52.25 -1.30774 -1.56375 -1.82809 -1.62827
52.75 -1.30774 -1.56375 -1.82809 -1.62827
53.25 -1.30774 -1.56375 -1.82809 -1.62827
53.75 -1.30774 -1.56375 -1.82809 -1.62827
54.25 -1.30774 -1.56375 -1.82809 -1.62827
54.75 -1.30774 -1.56375 -1.82809 -1.62827
55.25 -1.30774 -1.56375 -1.82809 -1.62827
55.75 -1.30774 -1.56375 -1.82809 -1.62827
56.25 -1.30774 -1.56375 -1.82809 -1.62827
56.75 -1.30774 -1.56375 -1.82809 -1.62827
57.25 -1.30774 -1.56375 -1.82809 -1.62827
57.75 -1.30774 -1.56375 -1.82809 -1.62827
58.25 -1.30774 -1.56375 -1.82809 -1.62827
58.75 -1.30774 -1.56375 -1.82809 -1.62827
59.25 -1.30774 -1.56375 -1.82809 -1.62827
59.75 -1.30774 -1.56375 -1.82809 -1.62827
60.25 -1.30774 -1.56375 -1.82809 -1.62827
60.75 -1.30774 -1.56375 -1.82809 -1.62827
61.25 -1.30774 -1.56375 -1.82809 -1.62827
61.75 -1.30774 -1.56375 -1.82809 -1.62827
62.25 -1.30774 -1.56375 -1.82809 -1.62827
62.75 -1.30774 -1.56375 -1.82809 -1.62827
63.25 -1.30774 -1.56375 -1.82809 -1.62827
63.75 -1.30774 -1.56375 -1.82809 -1.62827
64.25 -1.30774 -1.56375 -1.82809 -1.62827
64.75 -1.30774 -1.56375 -1.82809 -1.62827
65.25 -1.30774 -1.56375 -1.82809 -1.62827
65.75 -1.30774 -1.56375 -1.82809 -1.62827
66.25 -1.30774 -1.56375 -1.82809 -1.62827
66.75 -1.30774 -1.56375 -1.82809 -1.62827
67.25 -1.30774 -1.56375 -1.82809 -1.62827
67.75 -1.30774 -1.56375 -1.82809 -1.62827
68.25 -1.30774 -1.56375 -1.82809 -1.62827
68.75 -1.30774 -1.56375 -1.82809 -1.62827
69.25 -1.30774 -1.56375 -1.82809 -1.62827
69.75 -1.30774 -1.56375 -1.82809 -1.62827
70.25 -1.30774 -1.56375 -1.82809 -1.62827
70.75 -1.30774 -1.56375 -1.82809 -1.62827
71.25 -1.30774 -1.56375 -1.82809 -1.62827
71.75 -1.30774 -1.56375 -1.82809 -1.62827
72.25 -1.30774 -1.56375 -1.82809 -1.62827
72.75 -1.30774 -1.56375 -1.82809 -1.62827
73.25 -1.30774 -1.56375 -1.82809 -1.62827
73.75 -1.30774 -1.56375 -1.82809 -1.62827
74.25 -1.30774 -1.56375 -1.82809 -1.62827
74.75 -1.30774 -1.56375 -1.82809 -1.62827
75.25 -1.30774 -1.56375 -1.82809 -1.62827
75.75 -1.30774 -1.56375 -1.82809 -1.62827
76.25 -1.30774 -1.56375 -1.82809 -1.62827
76.75 -1.30774 -1.56375 -1.82809 -1.62827
77.25 -1.30774 -1.56375 -1.82809 -1.62827
77.75 -1.30774 -1.56375 -1.82809 -1.62827
78.25 -1.30774 -1.56375 -1.82809 -1.62827
78.75 -1.30774 -1.56375 -1.82809 -1.62827
79.25 -1.30774 -1.56375 -1.82809 -1.62827
79.75 -1.30774 -1.56375 -1.82809 -1.62827
80.25 -1.30774 -1.56375 -1.82809 -1.62827
80.75 -1.30774 -1.56375 -1.82809 -1.62827
81.25 -1.38287 -1.56375 -1.82809 -1.62827
81.75 -1.38287 -1.56375 -1.82809 -1.62827
82.25 -1.40761 -1.56375 -1.82809 -1.62827
82.75 -1.40761 -1.56375 -1.82809 -1.62827
83.25 -1.61495 -1.56375 -1.82809 -1.62827
83.75 -1.67953 -1.56375 -1.82809 -1.62827
84.25 -1.67953 -1.56375 -1.82809 -1.62827
84.75 -1.67953 -1.56375 -1.82809 -1.62827
85.25 -1.67953 -1.56375 -1.82809 -1.62827
85.75 -1.67953 -1.56375 -1.82809 -1.62827
86.25 -1.67953 -1.56375 -1.82809 -1.62827
86.75 -1.67953 -1.56375 -1.82809 -1.62827
87.25 -1.67953 -1.56375 -1.82809 -1.62827
87.75 -1.67953 -1.56375 -1.82809 -1.62827
88.25 -1.67953 -1.56375 -1.82809 -1.62827
88.75 -1.67953 -1.56375 -1.82809 -1.62827
89.25 -1.67953 -1.56375 -1.82809 -1.62827
89.75 -1.67953 -1.56375 -1.82809 -1.62827
90.25 -1.67953 -1.56375 -1.82809 -1.62827
90.75 -1.67953 -1.56375 -1.82809 -1.62827
91.25 -1.67953 -1.56375 -1.82809 -1.62827
91.75 -1.67953 -1.56375 -1.82809 -1.62827
92.25 -1.67953 -1.56375 -1.82809 -1.62827
92.75 -1.67953 -1.56375 -1.82809 -1.62827
93.25 -1.67953 -1.56375 -1.82809 -1.62827
93.75 -1.67953 -1.56375 -1.82809 -1.62827
94.25 -1.67953 -1.56375 -1.82809 -1.62827
94.75 -1.67953 -1.56375 -1.82809 -1.62827
95.25 -1.67953 -1.56375 -1.82809 -1.62827
95.75 -1.67953 -1.56375 -1.82809 -1.62827
96.25 -1.67953 -1.56375 -1.82809 -1.62827
96.75 -1.67953 -1.56375 -1.82809 -1.62827
97.25 -1.67953 -1.56375 -1.82809 -1.62827
97.75 -1.67953 -1.56375 -1.82809 -1.62827
98.25 -1.67953 -1.56375 -1.82809 -1.62827
98.75 -1.67953 -1.56375 -1.82809 -1.62827
99.25 -1.67953 -1.56375 -1.82809 -1.62827
99.75 -1.67953 -1.56375 -1.82809 -1.62827
100.25 -1.67953 -1.56375 -1.82809 -1.62827
100.75 -1.67953 -1.56375 -1.82809 -1.62827
101.25 -1.67953 -1.56375 -1.82809 -1.62827
101.75 -1.67953 -1.56375 -1.82809 -1.62827
102.25 -1.67953 -1.56375 -1.82809 -1.62827
102.75 -1.67953 -1.56375 -1.82809 -1.62827
103.25 -1.67953 -1.56375 -1.82809 -1.62827
103.75 -1.67953 -1.56375 -1.82809 -1.62827
104.25 -1.67953 -1.56375 -1.82809 -1.62827
104.75 -1.67953 -1.56375 -1.82809 -1.62827
105.25 -1.67953 -1.56375 -1.82809 -1.62827
105.75 -1.67953 -1.56375 -1.82809 -1.62827
106.25 -1.67953 -1.56375 -1.82809 -1.62827
106.75 -1.67953 -1.56375 -1.82809 -1.62827
107.25 -1.67953 -1.56375 -1.82809 -1.62827
107.75 -1.67953 -1.56375 -1.82809 -1.62827
108.25 -1.67953 -1.56375 -1.82809 -1.62827
108.75 -1.67953 -1.56375 -1.82809 -1.62827
109.25 -1.67953 -1.56375 -1.82809 -1.62827
109.75 -1.67953 -1.56375 -1.82809 -1.62827
110.25 -1.67953 -1.56375 -1.82809 -1.62827
110.75 -1.67953 -1.56375 -1.82809 -1.62827
111.25 -1.67953 -1.56375 -1.82809 -1.62827
111.75 -1.67953 -1.56375 -1.82809 -1.62827
112.25 -1.67953 -1.56375 -1.82809 -1.62827
112.75 -1.67953 -1.56375 -1.82809 -1.62827
113.25 -1.67953 -1.56375 -1.82809 -1.62827
113.75 -1.67953 -1.56375 -1.82809 -1.62827
114.25 -1.67953 -1.56375 -1.82809 -1.62827
114.75 -1.67953 -1.56375 -1.82809 -1.62827
115.25 -1.67953 -1.56375 -1.82809 -1.62827
115.75 -1.67953 -1.56375 -1.82809 -1.62827
116.25 -1.67953 -1.56375 -1.82809 -1.62827
116.75 -1.67953 -1.56375 -1.82809 -1.62827
117.25 -1.67953 -1.56375 -1.82809 -1.62827
117.75 -1.67953 -1.56375 -1.82809 -1.62827
118.25 -1.67953 -1.56375 -1.82809 -1.62827
118.75 -1.67953 -1.56375 -1.82809 -1.62827
119.25 -1.67953 -1.56375 -1.82809 -1.62827
119.75 -1.67953 -1.56375 -1.82809 -1.62827
120.25 -1.67953 -1.56375 -1.82809 -1.62827
120.75 -1.67953 -1.56375 -1.82809 -1.62827
121.25 -1.67953 -1.56375 -1.82809 -1.62827
121.75 -1.67953 -1.56375 -1.82809 -1.62827
122.25 -1.67953 -1.56375 -1.82809 -1.62827
122.75 -1.67953 -1.56375 -1.82809 -1.62827
123.25 -1.67953 -1.56375 -1.82809 -1.62827
123.75 -1.67953 -1.56375 -1.82809 -1.62827
124.25 -1.67953 -1.56375 -1.82809 -1.62827
124.75 -1.67953 -1.56375 -1.82809 -1.62827
125.25 -1.67953 -1.56375 -1.82809 -1.62827
125.75 -1.67953 -1.56375 -1.82809 -1.62827
126.25 -1.67953 -1.56375 -1.82809 -1.62827
126.75 -1.67953 -1.56375 -1.82809 -1.62827
127.25 -1.67953 -1.56375 -1.82809 -1.62827
127.75 -1.67953 -1.56375 -1.82809 -1.62827
128.25 -1.67953 -1.56375 -1.82809 -1.62827
128.75 -1.67953 -1.56375 -1.82809 -1.62827
129.25 -1.67953 -1.56375 -1.82809 -1.62827
129.75 -1.67953 -1.56375 -1.82809 -1.62827
130.25 -1.67953 -1.56375 -1.82809 -1.62827
130.75 -1.67953 -1.56375 -1.82809 -1.62827
131.25 -1.67953 -1.56375 -1.82809 -1.62827
131.75 -1.67953 -1.56375 -1.82809 -1.62827
132.25 -1.67953 -1.56375 -1.82809 -1.62827
132.75 -1.67953 -1.56375 -1.82809 -1.62827
133.25 -1.67953 -1.56375 -1.82809 -1.62827
133.75 -1.67953 -1.56375 -1.82809 -1.62827
134.25 -1.67953 -1.56375 -1.82809 -1.62827
134.75 -1.67953 -1.56375 -1.82809 -1.62827
135.25 -1.67953 -1.56375 -1.82809 -1.62827
135.75 -1.67953 -1.56375 -1.82809 -1.62827
136.25 -1.67953 -1.56375 -1.82809 -1.62827
136.75 -1.67953 -1.56375 -1.82809 -1.62827
137.25 -1.67953 -1.56375 -1.82809 -1.62827
137.75 -1.67953 -1.56375 -1.82809 -1.62827
138.25 -1.67953 -1.56375 -1.82809 -1.62827
138.75 -1.67953 -1.56375 -1.82809 -1.62827
139.25 -1.67953 -1.56375 -1.82809 -1.62827
139.75 -1.67953 -1.56375 -1.82809 -1.62827
140.25 -1.67953 -1.56375 -1.82809 -1.62827
140.75 -1.67953 -1.56375 -1.82809 -1.62827
141.25 -1.67953 -1.56375 -1.82809 -1.62827
141.75 -1.67953 -1.56375 -1.82809 -1.62827
142.25 -1.67953 -1.56375 -1.82809 -1.62827
142.75 -1.67953 -1.56375 -1.82809 -1.62827
143.25 -1.67953 -1.56375 -1.82809 -1.62827
143.75 -1.67953 -1.56375 -1.82809 -1.62827
144.25 -1.67953 -1.56375 -1.82809 -1.62827
144.75 -1.67953 -1.56375 -1.82809 -1.62827
145.25 -1.67953 -1.56375 -1.82809 -1.62827
145.75 -1.67953 -1.56375 -1.82809 -1.62827
146.25 -1.67953 -1.56375 -1.82809 -1.62827
146.75 -1.67953 -1.56375 -1.82809 -1.62827
147.25 -1.67953 -1.56375 -1.82809 -1.62827
147.75 -1.67953 -1.56375 -1.82809 -1.62827
148.25 -1.67953 -1.56375 -1.82809 -1.62827
148.75 -1.67953 -1.56375 -1.82809 -1.62827
149.25 -1.67953 -1.56375 -1.82809 -1.62827
149.75 -1.67953 -1.56375 -1.82809 -1.62827
150.25 -1.67953 -1.56375 -1.82809 -1.62827
150.75 -1.67953 -1.56375 -1.82809 -1.62827
151.25 -1.67953 -1.56375 -1.82809 -1.62827
151.75 -1.67953 -1.56375 -1.82809 -1.62827
152.25 -1.67953 -1.56375 -1.82809 -1.62827
152.75 -1.67953 -1.56375 -1.82809 -1.62827
153.25 -1.67953 -1.56375 -1.82809 -1.62827
153.75 -1.67953 -1.56375 -1.82809 -1.62827
154.25 -1.67953 -1.56375 -1.82809 -1.62827
154.75 -1.67953 -1.56375 -1.82809 -1.62827
155.25 -1.67953 -1.56375 -1.82809 -1.62827
155.75 -1.67953 -1.56375 -1.82809 -1.62827
156.25 -1.67953 -1.56375 -1.82809 -1.62827
156.75 -1.67953 -1.56375 -1.82809 -1.62827
157.25 -1.67953 -1.56375 -1.82809 -1.62827
157.75 -1.67953 -1.56375 -1.82809 -1.62827
158.25 -1.67953 -1.56375 -1.82809 -1.62827
158.75 -1.67953 -1.56375 -1.82809 -1.62827
159.25 -1.67953 -1.56375 -1.82809 -1.62827
159.75 -1.67953 -1.56375 -1.82809 -1.62827
160.25 -1.67953 -1.56375 -1.82809 -1.62827
160.75 -1.67953 -1.56375 -1.82809 -1.62827
161.25 -1.67953 -1.56375 -1.82809 -1.62827
161.75 -1.67953 -1.56375 -1.82809 -1.62827
162.25 -1.67953 -1.56375 -1.82809 -1.62827
162.75 -1.67953 -1.56375 -1.82809 -1.62827
163.25 -1.67953 -1.56375 -1.82809 -1.62827
163.75 -1.67953 -1.56375 -1.82809 -1.62827
164.25 -1.67953 -1.56375 -1.82809 -1.62827
164.75 -1.67953 -1.56375 -1.82809 -1.62827
165.25 -1.67953 -1.56375 -1.82809 -1.62827
165.75 -1.67953 -1.56375 -1.82809 -1.62827
166.25 -1.67953 -1.56375 -1.82809 -1.62827
166.75 -1.67953 -1.56375 -1.82809 -1.62827
167.25 -1.67953 -1.56375 -1.82809 -1.62827
167.75 -1.67953 -1.56375 -1.82809 -1.62827
168.25 -1.67953 -1.56375 -1.82809 -1.62827
168.75 -1.67953 -1.56375 -1.82809 -1.62827
169.25 -1.67953 -1.56375 -1.82809 -1.62827
169.75 -1.67953 -1.56375 -1.82809 -1.62827
170.25 -1.67953 -1.56375 -1.82809 -1.62827
170.75 -1.67953 -1.56375 -1.82809 -1.62827
171.25 -1.67953 -1.56375 -1.82809 -1.62827
171.75 -1.67953 -1.56375 -1.82809 -1.62827
172.25 -1.67953 -1.56375 -1.82809 -1.62827
172.75 -1.67953 -1.56375 -1.82809 -1.62827
173.25 -1.67953 -1.56375 -1.82809 -1.62827
173.75 -1.67953 -1.56375 -1.82809 -1.62827
174.25 -1.67953 -1.56375 -1.82809 -1.62827
174.75 -1.67953 -1.56375 -1.82809 -1.62827
175.25 -1.67953 -1.56375 -1.82809 -1.62827
175.75 -1.67953 -1.56375 -1.82809 -1.62827
176.25 -1.67953 -1.56375 -1.82809 -1.62827
176.75 -1.67953 -1.56375 -1.82809 -1.62827
177.25 -1.67953 -1.56375 -1.82809 -1.62827
177.75 -1.67953 -1.56375 -1.82809 -1.62827
178.25 -1.67953 -1.56375 -1.82809 -1.62827
178.75 -1.67953 -1.56375 -1.82809 -1.62827
179.25 -1.67953 -1.56375 -1.82809 -1.62827
179.75 -1.67953 -1.56375 -1.82809 -1.62827
180.25 -1.67953 -1.56375 -1.82809 -1.62827
180.75 -1.67953 -1.56375 -1.82809 -1.62827
181.25 -1.67953 -1.56375 -1.82809 -1.62827
181.75 -1.67953 -1.56375 -1.82809 -1.62827
182.25 -1.67953 -1.56375 -1.82809 -1.62827
182.75 -1.67953 -1.56375 -1.82809 -1.62827
183.25 -1.67953 -1.56375 -1.82809 -1.62827
183.75 -1.67953 -1.56375 -1.82809 -1.62827
184.25 -1.67953 -1.56375 -1.82809 -1.62827
184.75 -1.67953 -1.56375 -1.82809 -1.62827
185.25 -1.67953 -1.56375 -1.82809 -1.62827
185.75 -1.67953 -1.56375 -1.82809 -1.62827
186.25 -1.67953 -1.56375 -1.82809 -1.62827
186.75 -1.67953 -1.56375 -1.82809 -1.62827
187.25 -1.67953 -1.56375 -1.82809 -1.62827
187.75 -1.67953 -1.56375 -1.82809 -1.62827
188.25 -1.67953 -1.56375 -1.82809 -1.62827
188.75 -1.67953 -1.56375 -1.82809 -1.62827
189.25 -1.67953 -1.56375 -1.82809 -1.62827
189.75 -1.67953 -1.56375 -1.82809 -1.62827
190.25 -1.67953 -1.56375 -1.82809 -1.62827
190.75 -1.67953 -1.56375 -1.82809 -1.62827
191.25 -1.67953 -1.56375 -1.82809 -1.62827
191.75 -1.67953 -1.56375 -1.82809 -1.62827
192.25 -1.67953 -1.56375 -1.82809 -1.62827
192.75 -1.67953 -1.56375 -1.82809 -1.62827
193.25 -1.67953 -1.56375 -1.82809 -1.62827
193.75 -1.67953 -1.56375 -1.82809 -1.62827
194.25 -1.67953 -1.56375 -1.82809 -1.62827
194.75 -1.67953 -1.56375 -1.82809 -1.62827
195.25 -1.67953 -1.56375 -1.82809 -1.62827
195.75 -1.67953 -1.56375 -1.82809 -1.62827
196.25 -1.67953 -1.56375 -1.82809 -1.62827
196.75 -1.67953 -1.56375 -1.82809 -1.62827
197.25 -1.67953 -1.56375 -1.82809 -1.62827
197.75 -1.67953 -1.56375 -1.82809 -1.62827
198.25 -1.67953 -1.56375 -1.82809 -1.62827
198.75 -1.67953 -1.56375 -1.82809 -1.62827
199.25 -1.67953 -1.56375 -1.82809 -1.62827
199.75 -1.67953 -1.56375 -1.82809 -1.62827
200.25 -1.67953 -1.56375 -1.82809 -1.62827
200.75 -1.67953 -1.56375 -1.82809 -1.62827
201.25 -1.67953 -1.56375 -1.82809 -1.62827
201.75 -1.67953 -1.56375 -1.82809 -1.62827
202.25 -1.67953 -1.56375 -1.82809 -1.62827
202.75 -1.67953 -1.56375 -1.82809 -1.62827
203.25 -1.67953 -1.56375 -1.82809 -1.62827
203.75 -1.67953 -1.56375 -1.82809 -1.62827
204.25 -1.67953 -1.56375 -1.82809 -1.62827
204.75 -1.67953 -1.56375 -1.82809 -1.62827
205.25 -1.67953 -1.56375 -1.82809 -1.62827
205.75 -1.67953 -1.56375 -1.82809 -1.62827
206.25 -1.67953 -1.56375 -1.82809 -1.62827
206.75 -1.67953 -1.56375 -1.82809 -1.62827
207.25 -1.67953 -1.56375 -1.82809 -1.62827
207.75 -1.67953 -1.56375 -1.82809 -1.62827
208.25 -1.67953 -1.56375 -1.82809 -1.62827
208.75 -1.67953 -1.56375 -1.82809 -1.62827
209.25 -1.67953 -1.56375 -1.82809 -1.62827
209.75 -1.67953 -1.56375 -1.82809 -1.62827
210.25 -1.67953 -1.56375 -1.82809 -1.62827
210.75 -1.67953 -1.56375 -1.82809 -1.62827
211.25 -1.67953 -1.56375 -1.82809 -1.62827
211.75 -1.67953 -1.56375 -1.82809 -1.62827
212.25 -1.67953 -1.56375 -1.82809 -1.62827
212.75 -1.67953 -1.56375 -1.82809 -1.62827
213.25 -1.67953 -1.56375 -1.82809 -1.62827
213.75 -1.67953 -1.56375 -1.82809 -1.62827
214.25 -1.67953 -1.56375 -1.82809 -1.62827
214.75 -1.67953 -1.56375 -1.82809 -1.62827
215.25 -1.67953 -1.56375 -1.82809 -1.62827
215.75 -1.67953 -1.56375 -1.82809 -1.62827
216.25 -1.67953 -1.56375 -1.82809 -1.62827
216.75 -1.67953 -1.56375 -1.82809 -1.62827
217.25 -1.67953 -1.56375 -1.82809 -1.62827
217.75 -1.67953 -1.56375 -1.82809 -1.62827
218.25 -1.67953 -1.56375 -1.82809 -1.62827
218.75 -1.67953 -1.56375 -1.82809 -1.62827
219.25 -1.67953 -1.56375 -1.82809 -1.62827
219.75 -1.67953 -1.56375 -1.82809 -1.62827
220.25 -1.67953 -1.56375 -1.82809 -1.62827
220.75 -1.67953 -1.56375 -1.82809 -1.62827
221.25 -1.67953 -1.56375 -1.82809 -1.62827
221.75 -1.67953 -1.56375 -1.82809 -1.62827
222.25 -1.67953 -1.56375 -1.82809 -1.62827
222.75 -1.67953 -1.56375 -1.82809 -1.62827
223.25 -1.67953 -1.56375 -1.82809 -1.62827
223.75 -1.67953 -1.56375 -1.82809 -1.62827
224.25 -1.67953 -1.56375 -1.82809 -1.62827
224.75 -1.67953 -1.56375 -1.82809 -1.62827
225.25 -1.67953 -1.56375 -1.82809 -1.62827
225.75 -1.67953 -1.56375 -1.82809 -1.62827
226.25 -1.67953 -1.56375 -1.82809 -1.62827
226.75 -1.67953 -1.56375 -1.82809 -1.62827
227.25 -1.67953 -1.56375 -1.82809 -1.62827
227.75 -1.67953 -1.56375 -1.82809 -1.62827
228.25 -1.67953 -1.56375 -1.82809 -1.62827
228.75 -1.67953 -1.56375 -1.82809 -1.62827
229.25 -1.67953 -1.56375 -1.82809 -1.62827
229.75 -1.67953 -1.56375 -1.82809 -1.62827
230.25 -1.67953 -1.56375 -1.82809 -1.62827
230.75 -1.67953 -1.56375 -1.82809 -1.62827
231.25 -1.67953 -1.56375 -1.82809 -1.62827
231.75 -1.67953 -1.56375 -1.82809 -1.62827
232.25 -1.67953 -1.56375 -1.82809 -1.62827
232.75 -1.67953 -1.56375 -1.82809 -1.62827
233.25 -1.67953 -1.56375 -1.82809 -1.62827
233.75 -1.67953 -1.56375 -1.82809 -1.62827
234.25 -1.67953 -1.56375 -1.82809 -1.62827
234.75 -1.67953 -1.56375 -1.82809 -1.62827
235.25 -1.67953 -1.56375 -1.82809 -1.62827
235.75 -1.67953 -1.56375 -1.82809 -1.62827
236.25 -1.67953 -1.56375 -1.82809 -1.62827
236.75 -1.67953 -1.56375 -1.82809 -1.62827
237.25 -1.67953 -1.56375 -1.82809 -1.62827
237.75 -1.67953 -1.56375 -1.82809 -1.62827
238.25 -1.67953 -1.56375 -1.82809 -1.62827
238.75 -1.67953 -1.56375 -1.82809 -1.62827
239.25 -1.67953 -1.56375 -1.82809 -1.62827
239.75 -1.67953 -1.56375 -1.82809 -1.62827
240.25 -1.67953 -1.56375 -1.82809 -1.62827
240.75 -1.67953 -1.56375 -1.82809 -1.62827
241.25 -1.67953 -1.56375 -1.82809 -1.62827
241.75 -1.67953 -1.56375 -1.82809 -1.62827
242.25 -1.67953 -1.56375 -1.82809 -1.62827
242.75 -1.67953 -1.56375 -1.82809 -1.62827
243.25 -1.67953 -1.56375 -1.82809 -1.62827
243.75 -1.67953 -1.56375 -1.82809 -1.62827
244.25 -1.67953 -1.56375 -1.82809 -1.62827
244.75 -1.67953 -1.56375 -1.82809 -1.62827
245.25 -1.67953 -1.56375 -1.82809 -1.62827
245.75 -1.67953 -1.56375 -1.82809 -1.62827
246.25 -1.67953 -1.56375 -1.82809 -1.62827
246.75 -1.67953 -1.56375 -1.82809 -1.62827
247.25 -1.67953 -1.56375 -1.82809 -1.62827
247.75 -1.67953 -1.56375 -1.82809 -1.62827
248.25 -1.67953 -1.56375 -1.82809 -1.62827
248.75 -1.67953 -1.56375 -1.82809 -1.62827
249.25 -1.67953 -1.56375 -1.82809 -1.62827
249.75 -1.67953 -1.56375 -1.82809 -1.62827
