  108265.703  74438.5781  76478.4062  78270.4922  79724.5859  80867.7031
  81543.8359  81954.8594  81945.2109  81443.0469  80623.0781  79284.9141
  77713.4062  75762.9375  73683.4766  71489.8672  69078.3516  66217.2188
  63342.2812  60229.5469  62976.5312  95390.0859  76557.2266  53667.2734
  55373.7109  56762.1953  58035.6406  58800.5391  59387.9062  59860.6797
  59754.5469  59372.6172  58662.3438  57615.7109  56475.8594  54917.1172
  53159.1719  51415.4766  49318.5  47148.6406  44850.6797  42523.625
  45267.6406  63110.8672  70095.1484  50925.1875  52376.3125  53791.8125
  54795.3984  55538.3281  56098.5312  56426.2812  56354.1406  55998.0391
  55366.8828  54380.0703  53405.7266  52085.375  50548.1562  48860.5703
  47021.1328  45049.5859  43015.9922  40976.6094  42549.4531  60322.6172
  74128.0469  53678.5547  55489.9375  56901.2812  57966.9141  58853.8281
  59421.1562  59700.3672  59658.2109  59269.3047  58499.5078  57560.4922
  56461.0156  55003.6562  53350.9531  51526.8047  49482.5234  47344.7266
  45223.8516  43020.  44882.7422  63260.3438  78275.5391  56515.7891
  58341.7188  59874.1875  61106.5156  62034.25  62666.5938  63007.4062
  62912.4062  62394.5078  61610.1641  60636.8594  59364.3047  57813.875
  56094.9688  54037.1797  51894.1875  49619.3828  47321.7188  45009.3594
  47141.8125  66185.4531  82146.9375  59268.4141  61050.7031  62708.6016
  64136.125  65191.5156  65834.8438  66168.5312  66010.4453  65606.1016
  64630.4219  63562.8594  62181.7969  60610.4375  58632.0625  56490.2578
  54221.3906  51737.7344  49393.7578  46979.8672  49302.1719  68818.5859
  85927.9375  61772.2578  63784.3281  65413.1328  66884.8906  68076.8438
  68696.8672  69080.875  68865.1953  68283.6172  67368.5  66369.8125  64810.625
  63222.3438  61129.2266  58836.7578  56486.8438  53907.2969  51341.4062
  48745.2344  51261.25  71365.9219  89161.2031  64199.8047  66291.8828
  67960.1719  69491.6016  70565.8438  71407.0391  71682.0938  71511.3906
  70863.9062  70048.2422  68900.9688  67340.5938  65687.  63456.1328
  61060.0547  58604.8984  55894.875  53219.2891  50381.1641  53133.7891
  73785.3047  92414.9531  66242.3047  68470.9453  70400.6328  71897.4766
  73124.9062  73857.1484  74197.3672  73949.1797  73470.4688  72464.3594
  71271.6641  69745.875  67839.0469  65643.3594  63229.0234  60546.6094
  57776.4688  54896.6328  51896.7109  54715.6875  75704.4531  95048.6797
  68241.7578  70523.8359  72435.4141  74203.8984  75394.0703  76180.4922
  76445.6016  76238.6797  75731.0234  74768.5547  73476.4062  71828.4531
  69734.2969  67469.1406  64943.9219  62265.2188  59487.0625  56418.8594
  53243.6328  56240.1406  77376.1562  97352.5781  69834.6406  72296.625
  74301.2734  76058.625  77309.2109  78186.9219  78455.  78362.5234  77737.6016
  76732.2344  75320.  73601.6875  71456.1719  69075.6797  66369.9609
  63601.6016  60772.8281  57599.0859  54384.8203  57529.1719  79041.1797
  99380.9766  71223.4219  73612.0781  75757.2969  77432.1172  78748.3125
  79683.7656  79912.3594  79855.6562  79409.6016  78199.3906  76813.875
  74826.7422  72637.5859  70260.9531  67595.4609  64760.3047  61748.2109
  58553.6875  55269.9531  58483.1797  80370.4375  100663.328  72117.4609
  74479.5469  76640.6484  78380.1875  79756.3516  80698.0391  80918.1719
  81003.8203  80366.4297  79353.0469  77821.9141  75866.5469  73574.0781
  71015.4609  68322.2109  65488.6875  62427.4609  59176.9766  55872.3125
  59293.0547  81276.5  101375.086  72752.0312  75099.125  77233.2109
  78803.8281  80108.8906  81118.8594  81537.3047  81605.1406  80967.4531
  79756.5  78245.5547  76305.9219  73976.3438  71526.8281  68756.9844
  65895.7031  62775.5469  59524.7656  56242.2188  59761.8203  82013.4922
  101572.359  72846.4375  75136.2344  77172.5  78753.9531  80296.2188
  81148.5469  81687.375  81604.8438  80933.1641  79839.9219  78275.2422
  76338.1328  74096.4297  71598.8203  68867.2734  65945.5781  62864.3125
  59640.9922  56377.4453  59906.5469  82191.4688  100984.398  72476.6797
  74671.3281  76673.3047  78433.4766  79711.375  80631.8359  81110.5469
  81168.2891  80543.8125  79359.4297  77968.4219  76059.2188  73750.125
  71175.4766  68448.2344  65577.4531  62487.1328  59251.7891  56090.2188
  59655.5391  81862.8281  99855.6797  71619.8984  73941.9062  75896.2344
  77460.6172  78676.1719  79611.3281  80072.0781  80134.7188  79534.7344
  78750.0938  77223.5625  75256.3203  73056.9219  70436.8516  67785.0156
  64822.2031  61858.2031  58735.0781  55570.0938  59082.7188  81071.9531
  98115.25  70543.7266  72811.5547  74698.7891  76134.1797  77362.2031
  78150.5547  78696.2109  78765.8281  78297.9531  77367.3984  76039.0312
  74187.2734  71916.7734  69400.1641  66694.  63863.2969  60867.5312
  57810.3125  54823.3047  58058.3516  79802.6641  95932.0312  69088.
  71342.1719  73243.5078  74688.3984  75754.625  76365.7422  76865.2344
  77045.8828  76533.1797  75698.8125  74390.4844  72551.9375  70326.7109
  67960.7656  65318.1328  62639.7266  59739.2578  56707.4219  53760.9375
  56934.6797  78324.8203  93177.7734  67167.8125  69499.3203  71351.375
  72781.8672  73785.0078  74462.7734  74895.7656  74852.5703  74484.2969
  73612.0781  72416.2656  70580.2422  68530.1719  66263.3828  63709.2188
  61060.9453  58372.8906  55436.7969  52539.4453  55467.375  76607.9922
  90387.7422  65102.6016  67421.1953  69069.8906  70424.5312  71436.5781
  72163.0312  72572.125  72516.9062  71969.0234  71173.25  69899.3594
  68292.8203  66276.2969  64152.6016  61890.4141  59258.0234  56525.1406
  53831.8906  50992.875  53854.0078  74507.3047  137720.688  90499.8125
  93467.9688  96008.0312  98272.1484  99779.5312  100863.57  101401.805
  101155.25  100486.539  99117.3516  97322.7422  95204.3906  92423.5625
  89278.4688  85832.0469  82108.7891  78168.8125  74133.5391  70204.8438
  76668.8516  108198.609
