4814 1463222536 1463227832
4833 1463300920 1463312504
4848 1463337812 1463348611
4910 1463618964 1463621524
4912 1463626663 1463646751
4913 1463646985 1463650727
4938 1463681830 1463690823
4940 1463692370 1463726275
5046 1464483292 1464511256
5053 1464554718 1464588964
5056 1464593327 1464598641
5059 1464619411 1464637462
5061 1464638373 1464707066
5082 1464784712 1464801435
5110 1464927005 1464947599
5126 1465077071 1465120033
5194 1465842425 1465886789
5224 1466077207 1466087079
5245 1466223077 1466259714
5250 1466292192 1466337796
5255 1466374733 1466408356
5279 1466541122 1466542493
5373 1467066558 1467100190
5442 1467478389 1467522076
5450 1467672488 1467728965
5482 1467828727 1467837489
5495 1467847395 1467885310
5503 1467916699 1467971781
5557 1468320509 1468327504
5627 1468600077 1468605905
5644 1468678158 1468696366
5696 1468879183 1468908078
5717 1469055682 1469074330
5739 1469192085 1469206679
5747 1469271098 1469283047
5812 1469830511 1469869832
5840 1470009976 1470056722
5842 1470076311 1470090418
5889 1470349628 1470387374
5899 1470431074 1470480072
5909 1470576841 1470595048
5913 1470659182 1470671287
5933 1470776390 1470809968
5951 1470863926 1470903742
5970 1471042729 1471114549
5977 1471197443 1471253908
6083 1471969400 1471972589
6085 1471978921 1472030058
6094 1472085060 1472107233
6131 1472234379 1472241151
6134 1472243226 1472284560
6143 1472324736 1472381110
6186 1472676829 1472719452
6192 1472763133 1472798741
6304 1474176486 1474189442
6320 1474273674 1474282634
6346 1474659756 1474690110
6371 1475029166 1475042533
6419 1475184727 1475195947
6420 1475215589 1475218972
6422 1475233411 1475237159
6467 1475440873 1475457045
6510 1475885131 1475886851
6525 1475994326 1476086435
6563 1476398784 1476404386
6567 1476417425 1476428420
6582 1476500360 1476513954
6583 1476518360 1476540524
6584 1476549149 1476553321
6586 1476562095 1476564445
6587 1476586139 1476600902
6724 1478150943 1478152405
6725 1478153571 1478155817
6871 1478936810 1478941172
