### Spectrometer Coarse T0 file
#
# Spectrometer Stations T0 corrections generated on Mon Apr 22 04:22:51 2024
StationsT0= -6464.029
#
# Spectrometer ROMezzanines T0 corrections generated on Mon Apr 22 04:22:56 2024
# Format: Starting from readout ID 0, grouped by 16
MezzaninesT0_00= -6.138 -8.331 -13.338 -14.223 -5.996 -8.657 -13.127 -14.573 -6.433 -10.573 -13.415 0.000 -6.434 -9.849 -13.979 0.000
MezzaninesT0_01= -16.184 -13.601 -13.754 -11.262 -15.778 -14.081 -13.779 -11.518 -14.867 -12.587 -11.755 -13.466 -15.210 -12.974 -12.593 -13.336
MezzaninesT0_02= -1.558 -1.449 -3.951 -2.598 -1.389 -1.164 -3.923 -2.907 -1.862 -2.868 -2.424 0.000 -1.694 -3.510 -2.741 0.000
MezzaninesT0_03= -3.921 -0.530 4.093 7.037 -3.342 -0.035 4.434 6.126 -1.093 1.414 5.832 7.535 -1.018 0.637 5.370 7.383
MezzaninesT0_04= 0.236 -2.508 -6.339 -6.511 0.049 -2.888 -5.911 -5.931 0.367 -4.820 -6.495 0.000 0.090 -5.457 -6.411 0.000
MezzaninesT0_05= -8.769 -7.026 -6.602 -6.774 -8.510 -6.917 -7.929 -6.480 -7.359 -7.681 -6.220 -6.168 -7.464 -8.091 -6.677 -6.165
MezzaninesT0_06= 6.315 6.498 3.975 4.734 6.305 6.588 3.839 4.263 6.013 4.978 2.934 0.000 5.905 5.354 2.974 0.000
MezzaninesT0_07= -20.759 -17.825 -14.938 -10.979 -20.133 -17.792 -14.328 -10.743 -20.667 -16.215 -12.809 -10.378 -20.254 -16.102 -13.001 -10.684
MezzaninesT0_08= -6.585 -10.499 -14.337 -17.147 -6.836 -11.025 -14.325 -16.999 -8.089 -13.442 -14.637 0.000 -8.081 -13.166 -14.511 0.000
MezzaninesT0_09= -16.326 -17.539 -14.823 -14.333 -16.519 -17.695 -14.874 -14.249 -15.992 -15.851 -12.545 -13.838 -16.099 -16.883 -12.527 -13.385
MezzaninesT0_10= -14.562 -18.081 -18.098 -16.341 -14.789 -16.452 -18.322 -16.389 -16.654 -16.782 -18.105 0.000 -16.243 -17.087 -16.032 0.000
MezzaninesT0_11= -3.956 -1.581 1.437 6.657 -4.003 -1.487 1.547 6.208 -3.834 0.000 3.264 6.971 -3.872 -0.146 5.408 7.464
MezzaninesT0_12= 8.099 5.950 2.953 0.444 8.704 5.790 2.786 -0.042 6.335 3.425 2.508 0.000 6.311 3.798 2.582 0.000
MezzaninesT0_13= 1.798 0.745 2.631 3.264 1.972 0.968 2.504 2.198 2.208 1.484 2.932 4.264 2.264 1.539 3.197 4.946
MezzaninesT0_14= 3.231 2.987 2.045 3.692 3.408 4.186 1.699 3.322 5.218 3.315 1.593 0.000 4.784 3.565 1.641 0.000
MezzaninesT0_15= -10.691 -10.933 -6.143 0.034 -10.937 -8.443 -6.376 -0.328 -10.697 -7.282 -3.956 0.278 -10.794 -7.569 -1.649 0.117
MezzaninesT0_16= 3.416 0.934 -0.775 -1.161 3.395 0.850 -0.946 -1.015 1.062 0.986 -0.441 0.000 1.106 1.495 -0.982 0.000
MezzaninesT0_17= -3.784 -3.143 -4.668 -3.603 -3.907 -3.208 -8.933 -8.505 -3.378 -1.139 -3.849 -3.294 -3.353 -6.843 -8.137 -8.755
MezzaninesT0_18= -18.254 -18.928 -18.850 -16.924 -18.434 -19.492 -18.681 -16.248 -21.196 -18.889 -16.772 0.000 -21.169 -18.961 -16.191 0.000
MezzaninesT0_19= -15.652 -11.554 -9.083 -7.351 -15.233 -11.742 -8.848 -7.597 -12.259 -11.625 -8.293 -5.653 -12.708 -11.987 -8.681 -5.932
MezzaninesT0_20= 0.624 -1.735 -3.282 -3.056 0.850 -1.757 -3.659 -2.941 -1.117 -3.562 -3.108 0.000 -1.477 -3.660 -3.222 0.000
MezzaninesT0_21= -4.787 -3.895 -5.251 -6.198 -5.049 -4.466 -5.072 -6.231 -4.280 -5.475 -4.444 -4.473 -4.934 -5.848 -4.823 -4.374
MezzaninesT0_22= -18.532 -18.219 -19.119 -17.631 -19.372 -18.735 -19.267 -17.781 -20.166 -18.415 -19.518 0.000 -20.839 -18.780 -19.729 0.000
MezzaninesT0_23= -16.836 -15.071 -14.041 -9.777 -16.332 -15.064 -14.178 -10.731 -17.205 -13.918 -14.079 -8.445 -17.636 -14.557 -13.143 -8.652
MezzaninesT0_24= -5.673 -9.313 -11.522 3.296 -6.500 -8.511 -11.562 -7.666 -8.240 -10.356 -9.156 0.000 -8.975 -10.733 -11.056 0.000
MezzaninesT0_25= -12.270 -14.009 -13.463 -11.533 -12.124 -13.591 -12.992 -10.531 -11.728 -13.520 -12.571 -11.310 -11.952 -13.035 -10.397 -8.639
MezzaninesT0_26= -3.026 -6.555 -4.116 -1.137 -3.060 -4.183 -4.113 -0.861 -5.858 -4.225 -3.249 0.000 -6.074 -3.917 -1.496 0.000
MezzaninesT0_27= -24.491 -21.905 -21.590 -18.346 -24.730 -22.087 -21.672 -17.794 -24.512 -21.920 -21.148 -16.276 -24.698 -21.918 -18.566 -16.211
MezzaninesT0_28= -12.509 -14.238 -16.526 -18.013 -12.316 -14.063 -16.383 -18.380 -13.647 -16.257 -16.201 0.000 -13.836 -16.207 -16.318 0.000
MezzaninesT0_29= -18.072 -20.171 -19.264 -20.395 -18.242 -20.336 -19.590 -20.277 -18.419 -19.636 -18.754 -18.862 -18.200 -19.578 -18.981 -19.042
MezzaninesT0_30= -12.052 -11.685 -9.890 -8.402 -12.106 -10.105 -10.235 -7.958 -10.843 -9.327 -9.753 0.000 -11.477 -9.765 -10.104 0.000
MezzaninesT0_31= -6.990 -7.163 -4.514 -0.562 -6.519 -5.195 -4.655 -1.168 -7.165 -4.417 -3.878 1.090 -7.415 -4.690 -1.794 0.981
