# Average slewing corrections obtained with run 12995.
# Channels 411 410 591 590 561 560 399 398 behave differently and have been fitted separately with CHANTITimeSlewing
#-----------------------------------------------------------------------------------
#SeqID 	p0       	p1			p2	     
#-----------------------------------------------------------------------------------
0     -0.04189    8.21      1.8425
1     -0.03482	   13.68      0.4442
2     -0.04189    8.21      1.8425
3     -0.03482	   13.68      0.4442
4     -0.04189    8.21      1.8425
5     -0.03482	   13.68      0.4442
6     -0.04189    8.21      1.8425
7     -0.03482	   13.68      0.4442
8     -0.04189    8.21      1.8425
9     -0.03482	   13.68      0.4442
10     -0.04189    8.21      1.8425
11     -0.03482	   13.68      0.4442
12     -0.04189    8.21      1.8425
13     -0.03482	   13.68      0.4442
14     -0.04189    8.21      1.8425
15     -0.03482	   13.68      0.4442
16     -0.04189    8.21      1.8425
17     -0.03482	   13.68      0.4442
18     -0.04189    8.21      1.8425
19     -0.03482	   13.68      0.4442
20     -0.04189    8.21      1.8425
21     -0.03482	   13.68      0.4442
22     -0.04189    8.21      1.8425
23     -0.03482	   13.68      0.4442
24     -0.04189    8.21      1.8425
25     -0.03482	   13.68      0.4442
26     -0.04189    8.21      1.8425
27     -0.03482	   13.68      0.4442
28     -0.04189    8.21      1.8425
29     -0.03482	   13.68      0.4442
30     -0.04189    8.21      1.8425
31     -0.03482	   13.68      0.4442
32     -0.04189    8.21      1.8425
33     -0.03482	   13.68      0.4442
34     -0.04189    8.21      1.8425
35     -0.03482	   13.68      0.4442
36     -0.04189    8.21      1.8425
37     -0.03482	   13.68      0.4442
38     -0.04189    8.21      1.8425
39     -0.03482	   13.68      0.4442
40     -0.04189    8.21      1.8425
41     -0.03482	   13.68      0.4442
42     -0.04189    8.21      1.8425
43     -0.03482	   13.68      0.4442
44     -0.04189    8.21      1.8425
45     -0.03482	   13.68      0.4442
46     -0.04189    8.21      1.8425
47     -0.03482	   13.68      0.4442
48     -0.04189    8.21      1.8425
49     -0.03482	   13.68      0.4442
50     -0.04189    8.21      1.8425
51     -0.03482	   13.68      0.4442
52     -0.04189    8.21      1.8425
53     -0.03482	   13.68      0.4442
54     -0.04189    8.21      1.8425
55     -0.03482	   13.68      0.4442
56     -0.04189    8.21      1.8425
57     -0.03482	   13.68      0.4442
58     -0.04189    8.21      1.8425
59     -0.03482	   13.68      0.4442
60     -0.04189    8.21      1.8425
61     -0.03482	   13.68      0.4442
62     -0.04189    8.21      1.8425
63     -0.03482	   13.68      0.4442
64     -0.04189    8.21      1.8425
65     -0.03482	   13.68      0.4442
66     -0.04189    8.21      1.8425
67     -0.03482	   13.68      0.4442
68     -0.04189    8.21      1.8425
69     -0.03482	   13.68      0.4442
70     -0.04189    8.21      1.8425
71     -0.03482	   13.68      0.4442
72     -0.04189    8.21      1.8425
73     -0.03482	   13.68      0.4442
74     -0.04189    8.21      1.8425
75     -0.03482	   13.68      0.4442
76     -0.04189    8.21      1.8425
77     -0.03482	   13.68      0.4442
78     -0.04189    8.21      1.8425
79     -0.03482	   13.68      0.4442
80     -0.04189    8.21      1.8425
81     -0.03482	   13.68      0.4442
82     -0.04189    8.21      1.8425
83     -0.03482	   13.68      0.4442
84     -0.04189    8.21      1.8425
85     -0.03482	   13.68      0.4442
86     -0.04189    8.21      1.8425
87     -0.03482	   13.68      0.4442
88     -0.04189    8.21      1.8425
89     -0.03482	   13.68      0.4442
90     -0.04189    8.21      1.8425
91     -0.03482	   13.68      0.4442
92     -0.04189    8.21      1.8425
93     -0.03482	   13.68      0.4442
94     -0.04189    8.21      1.8425
95     -0.03482	   13.68      0.4442
96     -0.04189    8.21      1.8425
97     -0.03482	   13.68      0.4442
98     -0.04189    8.21      1.8425
99     -0.03482	   13.68      0.4442
100    -0.04189    8.21      1.8425
101    -0.03482	   13.68      0.4442
102    -0.04189    8.21      1.8425
103    -0.03482	   13.68      0.4442
104    -0.04189    8.21      1.8425
105    -0.03482	   13.68      0.4442
106    -0.04189    8.21      1.8425
107    -0.03482	   13.68      0.4442
108    -0.04189    8.21      1.8425
109    -0.03482	   13.68      0.4442
110    -0.04189    8.21      1.8425
111    -0.03482	   13.68      0.4442
112    -0.04189    8.21      1.8425
113    -0.03482	   13.68      0.4442
114    -0.04189    8.21      1.8425
115    -0.03482	   13.68      0.4442
116    -0.04189    8.21      1.8425
117    -0.03482	   13.68      0.4442
118    -0.04189    8.21      1.8425
119    -0.03482	   13.68      0.4442
120    -0.04189    8.21      1.8425
121    -0.03482	   13.68      0.4442
122    -0.04189    8.21      1.8425
123    -0.03482	   13.68      0.4442
124    -0.04189    8.21      1.8425
125    -0.03482	   13.68      0.4442
126    -0.04189    8.21      1.8425
127    -0.03482	   13.68      0.4442
128    -0.04189    8.21      1.8425
129    -0.03482	   13.68      0.4442
130    -0.03482	   13.68      0.4442
131    -0.04189    8.21      1.8425
132    -0.04189    8.21      1.8425
133    -0.03482	   13.68      0.4442
134    -0.04189    8.21      1.8425
135    -0.03482	   13.68      0.4442
136    -0.04189    8.21      1.8425
137    -0.03482	   13.68      0.4442
138    -0.04189    8.21      1.8425
139    -0.03482	   13.68      0.4442
140    -0.04189    8.21      1.8425
141    -0.03482	   13.68      0.4442
142    -0.04189    8.21      1.8425
143    -0.03482	   13.68      0.4442
144    -0.04189    8.21      1.8425
145    -0.03482	   13.68      0.4442
146    -0.04189    8.21      1.8425
147    -0.03482	   13.68      0.4442
148    -0.04189    8.21      1.8425
149    -0.03482	   13.68      0.4442
150    -0.04189    8.21      1.8425
151    -0.03482	   13.68      0.4442
152    -0.04189    8.21      1.8425
153    -0.03482	   13.68      0.4442
154    -0.04189    8.21      1.8425
155    -0.03482	   13.68      0.4442
156    -0.04189    8.21      1.8425
157    -0.03482	   13.68      0.4442
158    -0.04189    8.21      1.8425
159    -0.03482	   13.68      0.4442
160    -0.04189    8.21      1.8425
161    -0.03482	   13.68      0.4442
162    -0.04189    8.21      1.8425
163    -0.03482	   13.68      0.4442
164    -0.04189    8.21      1.8425
165    -0.03482	   13.68      0.4442
166    -0.04189    8.21      1.8425
167    -0.03482	   13.68      0.4442
168    -0.04189    8.21      1.8425
169    -0.03482	   13.68      0.4442
170    -0.04189    8.21      1.8425
171    -0.03482	   13.68      0.4442
172    -0.04189    8.21      1.8425
173    -0.03482	   13.68      0.4442
174    -0.04189    8.21      1.8425
175    -0.03482	   13.68      0.4442
176    -0.04189    8.21      1.8425
177    -0.03482	   13.68      0.4442
178    -0.04189    8.21      1.8425
179    -0.03482	   13.68      0.4442
180    -0.04189    8.21      1.8425
181    -0.03482	   13.68      0.4442
182    -0.04189    8.21      1.8425
183    -0.03482	   13.68      0.4442
184    -0.04189    8.21      1.8425
185    -0.03482	   13.68      0.4442
186    -0.04189    8.21      1.8425
187    -0.03482	   13.68      0.4442
188    -0.04189    8.21      1.8425
189    -0.03482	   13.68      0.4442
190    -0.04189    8.21      1.8425
191    -0.03482	   13.68      0.4442
192    -0.04189    8.21      1.8425
193    -0.03482	   13.68      0.4442
194    -0.04189    8.21      1.8425
195    -0.03482	   13.68      0.4442
196    -0.04189    8.21      1.8425
197    -0.03482	   13.68      0.4442
198    -0.04189    8.21      1.8425
199    -0.03482	   13.68      0.4442
200    -0.04189    8.21      1.8425
201    -0.03482	   13.68      0.4442
202    -0.04189    8.21      1.8425
203    -0.03482	   13.68      0.4442
204    -0.04189    8.21      1.8425
205    -0.03482	   13.68      0.4442
206    -0.04189    8.21      1.8425
207    -0.03482	   13.68      0.4442
208    -0.04189    8.21      1.8425
209    -0.03482	   13.68      0.4442
210    -0.04189    8.21      1.8425
211    -0.03482	   13.68      0.4442
212    -0.04189    8.21      1.8425
213    -0.03482	   13.68      0.4442
214    -0.04189    8.21      1.8425
215    -0.03482	   13.68      0.4442
216    -0.04189    8.21      1.8425
217    -0.03482	   13.68      0.4442
218    -0.04189    8.21      1.8425
219    -0.03482	   13.68      0.4442
220    -0.04189    8.21      1.8425
221    -0.03482	   13.68      0.4442
222    -0.04189    8.21      1.8425
223    -0.03482	   13.68      0.4442
224    -0.04189    8.21      1.8425
225    -0.03482	   13.68      0.4442
226    -0.04189    8.21      1.8425
227    -0.03482	   13.68      0.4442
228    -0.04189    8.21      1.8425
229    -0.03482	   13.68      0.4442
230    -0.04189    8.21      1.8425
231    -0.03482	   13.68      0.4442
232    -0.04189    8.21      1.8425
233    -0.03482	   13.68      0.4442
234    -0.04189    8.21      1.8425
235    -0.03482	   13.68      0.4442
236    -0.04189    8.21      1.8425
237    -0.03482	   13.68      0.4442
238    -0.04189    8.21      1.8425
239    -0.03482	   13.68      0.4442
240    -0.04189    8.21      1.8425
241    -0.03482	   13.68      0.4442
242    -0.04189    8.21      1.8425
243    -0.03482	   13.68      0.4442
244    -0.04189    8.21      1.8425
245    -0.03482	   13.68      0.4442
246    -0.04189    8.21      1.8425
247    -0.03482	   13.68      0.4442
248    -0.04189    8.21      1.8425
249    -0.03482	   13.68      0.4442
250    -0.04189    8.21      1.8425
251    -0.03482	   13.68      0.4442
252    -0.04189    8.21      1.8425
253    -0.03482	   13.68      0.4442
254    -0.04189    8.21      1.8425
255    -0.03482	   13.68      0.4442
256    0    0      0
257    0    0      0
258    0    0      0
259    0    0      0
260    0    0      0
261    0    0      0
262    0    0      0
263    0    0      0
264    0    0      0
265    0    0      0
266    0    0      0
267    0    0      0
268    0    0      0
269    0    0      0
270    0    0      0
271    0    0      0
272    0    0      0
273    0    0      0
274    0    0      0
275    0    0      0
276    0    0      0
277    0    0      0
278    0    0      0
279    0    0      0
280    0    0      0
281    0    0      0
282    0    0      0
283    0    0      0
284    0    0      0
285    0    0      0
286    0    0      0
287    0    0      0
288    0    0      0
289    0    0      0
290    0    0      0
291    0    0      0
292    0    0      0
293    0    0      0
294    0    0      0
295    0    0      0
296    0    0      0
297    0    0      0
298    0    0      0
299    0    0      0
300    0    0      0
301    0    0      0
302    0    0      0
303    0    0      0
304    0    0      0
305    0    0      0
306    0    0      0
307    0    0      0
308    0    0      0
309    0    0      0
310    0    0      0
311    0    0      0
312    0    0      0
313    0    0      0
314    0    0      0
315    0    0      0
316    0    0      0
317    0    0      0
318    0    0      0
319    0    0      0
320    -0.04189    8.21      1.8425
321    -0.03482	   13.68      0.4442
322    -0.04189    8.21      1.8425
323    -0.03482	   13.68      0.4442
324    -0.04189    8.21      1.8425
325    -0.03482	   13.68      0.4442
326    -0.04189    8.21      1.8425
327    -0.03482	   13.68      0.4442
328    -0.04189    8.21      1.8425
329    -0.03482	   13.68      0.4442
330    -0.04189    8.21      1.8425
331    -0.03482	   13.68      0.4442
332    -0.04189    8.21      1.8425
333    -0.03482	   13.68      0.4442
334    -0.04189    8.21      1.8425
335    -0.03482	   13.68      0.4442
336    -0.04189    8.21      1.8425
337    -0.03482	   13.68      0.4442
338    -0.04189    8.21      1.8425
339    -0.03482	   13.68      0.4442
340    -0.04189    8.21      1.8425
341    -0.03482	   13.68      0.4442
342    -0.04189    8.21      1.8425
343    -0.03482	   13.68      0.4442
344    -0.04189    8.21      1.8425
345    -0.03482	   13.68      0.4442
346    -0.04189    8.21      1.8425
347    -0.03482	   13.68      0.4442
348    -0.04189    8.21      1.8425
349    -0.03482	   13.68      0.4442
350    -0.04189    8.21      1.8425
351    -0.03482	   13.68      0.4442
352    -0.04189    8.21      1.8425
353    -0.03482	   13.68      0.4442
354    -0.04189    8.21      1.8425
355    -0.03482	   13.68      0.4442
356    -0.04189    8.21      1.8425
357    -0.03482	   13.68      0.4442
358    -0.04189    8.21      1.8425
359    -0.03482	   13.68      0.4442
360    -0.04189    8.21      1.8425
361    -0.03482	   13.68      0.4442
362    -0.04189    8.21      1.8425
363    -0.03482	   13.68      0.4442
364    -0.04189    8.21      1.8425
365    -0.03482	   13.68      0.4442
366    -0.04189    8.21      1.8425
367    -0.03482	   13.68      0.4442
368    -0.04189    8.21      1.8425
369    -0.03482	   13.68      0.4442
370    -0.04189    8.21      1.8425
371    -0.03482	   13.68      0.4442
372    -0.04189    8.21      1.8425
373    -0.03482	   13.68      0.4442
374    -0.04189    8.21      1.8425
375    -0.03482	   13.68      0.4442
376    -0.04189    8.21      1.8425
377    -0.03482	   13.68      0.4442
378    -0.04189    8.21      1.8425
379    -0.03482	   13.68      0.4442
380    -0.04189    8.21      1.8425
381    -0.03482	   13.68      0.4442
382    -0.04189    8.21      1.8425
383    -0.03482	   13.68      0.4442
384    -0.04189    8.21      1.8425
385    -0.03482	   13.68      0.4442
386    -0.04189    8.21      1.8425
387    -0.03482	   13.68      0.4442
388    -0.04189    8.21      1.8425
389    -0.03482	   13.68      0.4442
390    -0.04189    8.21      1.8425
391    -0.03482	   13.68      0.4442
392    -0.04189    8.21      1.8425
393    -0.03482	   13.68      0.4442
394    -0.04189    8.21      1.8425
395    -0.03482	   13.68      0.4442
396    -0.04189    8.21      1.8425
397    -0.03482	   13.68      0.4442
398    -0.0354634    19.7977      1.53581
399    -0.0472618    108.874      0.591956
400    -0.04189    8.21      1.8425
401    -0.03482	   13.68      0.4442
402    -0.04189    8.21      1.8425
403    -0.03482	   13.68      0.4442
404    -0.04189    8.21      1.8425
405    -0.03482	   13.68      0.4442
406    -0.04189    8.21      1.8425
407    -0.03482	   13.68      0.4442
408    -0.04189    8.21      1.8425
409    -0.03482	   13.68      0.4442
410    -0.0343935    22.142      1.9306
411    -0.0449009    149.094      0.677065
412    -0.04189    8.21      1.8425
413    -0.03482	   13.68      0.4442
414    -0.04189    8.21      1.8425
415    -0.03482	   13.68      0.4442
416    -0.04189    8.21      1.8425
417    -0.03482	   13.68      0.4442
418    -0.04189    8.21      1.8425
419    -0.03482	   13.68      0.4442
420    -0.04189    8.21      1.8425
421    -0.03482	   13.68      0.4442
422    -0.04189    8.21      1.8425
423    -0.03482	   13.68      0.4442
424    -0.04189    8.21      1.8425
425    -0.03482	   13.68      0.4442
426    -0.04189    8.21      1.8425
427    -0.03482	   13.68      0.4442
428    -0.04189    8.21      1.8425
429    -0.03482	   13.68      0.4442
430    -0.04189    8.21      1.8425
431    -0.03482	   13.68      0.4442
432    -0.04189    8.21      1.8425
433    -0.03482	   13.68      0.4442
434    -0.04189    8.21      1.8425
435    -0.03482	   13.68      0.4442
436    -0.04189    8.21      1.8425
437    -0.03482	   13.68      0.4442
438    -0.04189    8.21      1.8425
439    -0.03482	   13.68      0.4442
440    -0.04189    8.21      1.8425
441    -0.03482	   13.68      0.4442
442    -0.04189    8.21      1.8425
443    -0.03482	   13.68      0.4442
444    -0.04189    8.21      1.8425
445    -0.03482	   13.68      0.4442
446    -0.04189    8.21      1.8425
447    -0.03482	   13.68      0.4442
448    -0.04189    8.21      1.8425
449    -0.03482	   13.68      0.4442
450    -0.04189    8.21      1.8425
451    -0.03482	   13.68      0.4442
452    -0.04189    8.21      1.8425
453    -0.03482	   13.68      0.4442
454    -0.04189    8.21      1.8425
455    -0.03482	   13.68      0.4442
456    -0.04189    8.21      1.8425
457    -0.03482	   13.68      0.4442
458    -0.04189    8.21      1.8425
459    -0.03482	   13.68      0.4442
460    -0.04189    8.21      1.8425
461    -0.03482	   13.68      0.4442
462    -0.04189    8.21      1.8425
463    -0.03482	   13.68      0.4442
464    -0.04189    8.21      1.8425
465    -0.03482	   13.68      0.4442
466    -0.04189    8.21      1.8425
467    -0.03482	   13.68      0.4442
468    -0.04189    8.21      1.8425
469    -0.03482	   13.68      0.4442
470    -0.04189    8.21      1.8425
471    -0.03482	   13.68      0.4442
472    -0.04189    8.21      1.8425
473    -0.03482	   13.68      0.4442
474    -0.04189    8.21      1.8425
475    -0.03482	   13.68      0.4442
476    -0.04189    8.21      1.8425
477    -0.03482	   13.68      0.4442
478    -0.04189    8.21      1.8425
479    -0.03482	   13.68      0.4442
480    -0.04189    8.21      1.8425
481    -0.03482	   13.68      0.4442
482    -0.04189    8.21      1.8425
483    -0.03482	   13.68      0.4442
484    -0.04189    8.21      1.8425
485    -0.03482	   13.68      0.4442
486    -0.04189    8.21      1.8425
487    -0.03482	   13.68      0.4442
488    -0.04189    8.21      1.8425
489    -0.03482	   13.68      0.4442
490    -0.04189    8.21      1.8425
491    -0.03482	   13.68      0.4442
492    -0.04189    8.21      1.8425
493    -0.03482	   13.68      0.4442
494    -0.04189    8.21      1.8425
495    -0.03482	   13.68      0.4442
496    -0.04189    8.21      1.8425
497    -0.03482	   13.68      0.4442
498    -0.04189    8.21      1.8425
499    -0.03482	   13.68      0.4442
500    -0.04189    8.21      1.8425
501    -0.03482	   13.68      0.4442
502    -0.04189    8.21      1.8425
503    -0.03482	   13.68      0.4442
504    -0.04189    8.21      1.8425
505    -0.03482	   13.68      0.4442
506    -0.04189    8.21      1.8425
507    -0.03482	   13.68      0.4442
508    -0.04189    8.21      1.8425
509    -0.03482	   13.68      0.4442
510    -0.04189    8.21      1.8425
511    -0.03482	   13.68      0.4442
512    -0.04189    8.21      1.8425
513    -0.03482	   13.68      0.4442
514    -0.04189    8.21      1.8425
515    -0.03482	   13.68      0.4442
516    -0.04189    8.21      1.8425
517    -0.03482	   13.68      0.4442
518    -0.04189    8.21      1.8425
519    -0.03482	   13.68      0.4442
520    -0.04189    8.21      1.8425
521    -0.03482	   13.68      0.4442
522    -0.04189    8.21      1.8425
523    -0.03482	   13.68      0.4442
524    -0.04189    8.21      1.8425
525    -0.03482	   13.68      0.4442
526    -0.04189    8.21      1.8425
527    -0.03482	   13.68      0.4442
528    -0.04189    8.21      1.8425
529    -0.03482	   13.68      0.4442
530    -0.04189    8.21      1.8425
531    -0.03482	   13.68      0.4442
532    -0.04189    8.21      1.8425
533    -0.03482	   13.68      0.4442
534    -0.04189    8.21      1.8425
535    -0.03482	   13.68      0.4442
536    -0.04189    8.21      1.8425
537    -0.03482	   13.68      0.4442
538    -0.04189    8.21      1.8425
539    -0.03482	   13.68      0.4442
540    -0.04189    8.21      1.8425
541    -0.03482	   13.68      0.4442
542    -0.04189    8.21      1.8425
543    -0.03482	   13.68      0.4442
544    -0.04189    8.21      1.8425
545    -0.03482	   13.68      0.4442
546    -0.04189    8.21      1.8425
547    -0.03482	   13.68      0.4442
548    -0.04189    8.21      1.8425
549    -0.03482	   13.68      0.4442
550    -0.04189    8.21      1.8425
551    -0.03482	   13.68      0.4442
552    -0.04189    8.21      1.8425
553    -0.03482	   13.68      0.4442
554    -0.04189    8.21      1.8425
555    -0.03482	   13.68      0.4442
556    -0.04189    8.21      1.8425
557    -0.03482	   13.68      0.4442
558    -0.04189    8.21      1.8425
559    -0.03482	   13.68      0.4442
560    -0.0356075    19.6805      1.51589
561    -0.0471524    101.246      0.574857
562    -0.04189    8.21      1.8425
563    -0.03482	   13.68      0.4442
564    -0.04189    8.21      1.8425
565    -0.03482	   13.68      0.4442
566    -0.04189    8.21      1.8425
567    -0.03482	   13.68      0.4442
568    -0.04189    8.21      1.8425
569    -0.03482	   13.68      0.4442
570    -0.04189    8.21      1.8425
571    -0.03482	   13.68      0.4442
572    -0.04189    8.21      1.8425
573    -0.03482	   13.68      0.4442
574    -0.04189    8.21      1.8425
575    -0.03482	   13.68      0.4442
576    -0.04189    8.21      1.8425
577    -0.03482	   13.68      0.4442
578    -0.04189    8.21      1.8425
579    -0.03482	   13.68      0.4442
580    -0.04189    8.21      1.8425
581    -0.03482	   13.68      0.4442
582    -0.04189    8.21      1.8425
583    -0.03482	   13.68      0.4442
584    -0.04189    8.21      1.8425
585    -0.03482	   13.68      0.4442
586    -0.04189    8.21      1.8425
587    -0.03482	   13.68      0.4442
588    -0.04189    8.21      1.8425
589    -0.03482	   13.68      0.4442
590    -0.0430951    7.91309      2.10678
591    -0.0479073    40.7651      0.640469
592    -0.04189    8.21      1.8425
593    -0.03482	   13.68      0.4442
594    -0.04189    8.21      1.8425
595    -0.03482	   13.68      0.4442
596    -0.04189    8.21      1.8425
597    -0.03482	   13.68      0.4442
598    -0.04189    8.21      1.8425
599    -0.03482	   13.68      0.4442
600    -0.04189    8.21      1.8425
601    -0.03482	   13.68      0.4442
602    -0.04189    8.21      1.8425
603    -0.03482	   13.68      0.4442
604    -0.04189    8.21      1.8425
605    -0.03482	   13.68      0.4442
606    -0.04189    8.21      1.8425
607    -0.03482	   13.68      0.4442
608    -0.04189    8.21      1.8425
609    -0.03482	   13.68      0.4442
610    -0.04189    8.21      1.8425
611    -0.03482	   13.68      0.4442
612    -0.04189    8.21      1.8425
613    -0.03482	   13.68      0.4442
614    -0.04189    8.21      1.8425
615    -0.03482	   13.68      0.4442
616    -0.04189    8.21      1.8425
617    -0.03482	   13.68      0.4442
618    -0.04189    8.21      1.8425
619    -0.03482	   13.68      0.4442
620    -0.04189    8.21      1.8425
621    -0.03482	   13.68      0.4442
622    -0.04189    8.21      1.8425
623    -0.03482	   13.68      0.4442
624    -0.04189    8.21      1.8425
625    -0.03482	   13.68      0.4442
626    -0.04189    8.21      1.8425
627    -0.03482	   13.68      0.4442
628    -0.04189    8.21      1.8425
629    -0.03482	   13.68      0.4442
630    -0.04189    8.21      1.8425
631    -0.03482	   13.68      0.4442
632    -0.04189    8.21      1.8425
633    -0.03482	   13.68      0.4442
634    -0.04189    8.21      1.8425
635    -0.03482	   13.68      0.4442
636    -0.04189    8.21      1.8425
637    -0.03482	   13.68      0.4442
638    -0.04189    8.21      1.8425
639    -0.03482	   13.68      0.4442
640    0    0      0
641    0    0      0
642    0    0      0
643    0    0      0
644    0    0      0
645    0    0      0
646    0    0      0
647    0    0      0
648    0    0      0
649    0    0      0
650    0    0      0
651    0    0      0
652    0    0      0
653    0    0      0
654    0    0      0
655    0    0      0
656    0    0      0
657    0    0      0
658    0    0      0
659    0    0      0
660    0    0      0
661    0    0      0
662    0    0      0
663    0    0      0
664    0    0      0
665    0    0      0
666    0    0      0
667    0    0      0
668    0    0      0
669    0    0      0
670    0    0      0
671    0    0      0
672    0    0      0
673    0    0      0
674    0    0      0
675    0    0      0
676    0    0      0
677    0    0      0
678    0    0      0
679    0    0      0
680    0    0      0
681    0    0      0
682    0    0      0
683    0    0      0
684    0    0      0
685    0    0      0
686    0    0      0
687    0    0      0
688    0    0      0
689    0    0      0
690    0    0      0
691    0    0      0
692    0    0      0
693    0    0      0
694    0    0      0
695    0    0      0
696    0    0      0
697    0    0      0
698    0    0      0
699    0    0      0
700    0    0      0
701    0    0      0
702    0    0      0
703    0    0      0
