 1
 41
 0.000000
 0.200000
 0.400000
 0.600000
 0.800000
 1.000000
 1.200000
 1.400000
 1.600000
 1.800000
 2.000000
 2.200000
 2.400000
 2.600000
 2.800000
 3.000000
 3.200000
 3.400000
 3.600000
 3.800000
 4.000000
 4.200000
 4.400000
 4.600000
 4.800000
 5.000000
 5.200000
 5.400000
 5.600000
 5.800000
 6.000000
 6.200000
 6.400000
 6.600000
 6.800000
 7.000000
 7.200000
 7.400000
 7.600000
 7.800000
 8.000000
 1.444832
 3.889011
 6.990557
 10.637750
 14.528940
 19.054987
 21.972737
 25.929961
 32.311565
 35.483369
 43.723658
 47.173520
 52.217659
 60.815677
 61.653678
 68.583516
 70.517630
 72.112919
 75.374372
 90.124481
 85.723464
 93.024164
 98.049793
 96.728543
 89.128631
 89.128631
 126.970954
 126.970954
 129.389449
 142.904564
 195.684647
 195.684647
 195.684647
 195.684647
 195.684647
 195.684647
 195.684647
 195.684647
 195.684647
 195.684647
