 CROCUS    6278  6726     1    2018_01_25
*-----   MUV & SAV Crocus Reference Table
*-----      From run 8736 taken 2018, 40 bursts 
*-----
*-----      Jurgen Engelfried, 5 June 2018
*-----                                                                
*-----     NCR  Unit    J  K    ix  iy   HITS-J   HITS-K     diff     
*-----     ___________________________________________________________
********                                                              

 >>Cream     3  3103    0 16     3   0   561578   607963   -46385.    1081.5     -42.9
             3  3103    1 17     3   0   599166   606827    -7661.    1098.2      -7.0
             3  3103    2 18     3   0   611517   661994   -50477.    1128.5     -44.7
             3  3103    3 19     3   0   673665   689103   -15438.    1167.4     -13.2
             3  3103    4 20     3   0   735251   776088   -40837.    1229.4     -33.2
             3  3103    5 21     3   0   699003   751119   -52116.    1204.2     -43.3
             3  3103    6 22     3   0   895707   899370    -3663.    1339.8      -2.7
             3  3103    7 23     3   0   808841   900955   -92114.    1307.6     -70.4
             3  3103    8 24     3   0   938258   911757    26501.    1360.2      19.5
             3  3103    9 25     3   0   951693   957872    -6179.    1381.9      -4.5
             3  3103   10 26     3   0   886877  1066395  -179518.    1397.6    -128.4
             3  3103   11 27     3   0   981009  1041640   -60631.    1422.2     -42.6
             3  3103   12 28     3   0  1140648  1184045   -43397.    1524.7     -28.5
             3  3103   13 29     3   0  1194386  1133112    61274.    1525.6      40.2
             3  3103   14 30     3   0  1369251  1371191    -1940.    1655.4      -1.2
             3  3103   15 31     3   0  1448215  1256688   191527.    1644.7     116.5
 
 >>Cream     4  3104    0 16     4   0  1383053  1457099   -74046.    1685.3     -43.9
             4  3104    1 17     4   0  1337895  1432649   -94754.    1664.5     -56.9
             4  3104    2 18     4   0  1564803  1581705   -16902.    1773.8      -9.5
             4  3104    3 19     4   0  1526191  1530300    -4109.    1748.3      -2.4
             4  3104    4 20     4   0  1654760  1710701   -55941.    1834.5     -30.5
             4  3104    5 21     4   0  1658831  1633318    25513.    1814.4      14.1
             4  3104    6 22     4   0  1793909  1789907     4002.    1893.1       2.1
             4  3104    7 23     4   0  1836856  1815616    21240.    1911.1      11.1
             4  3104    8 24     4   0  1943427  1979698   -36271.    1980.7     -18.3
             4  3104    9 25     4   0  1983129  1915365    67764.    1974.5      34.3
             4  3104   10 26     4   0  2162446  2065865    96581.    2056.3      47.0
             4  3104   11 27     4   0  2104000  2069685    34315.    2043.0      16.8
             4  3104   12 28     4   0  2265053  2148494   116559.    2100.8      55.5
             4  3104   13 29     4   0  2208584  2167250    41334.    2091.8      19.8
             4  3104   14 30     4   0  2405009  2255328   149681.    2158.8      69.3
             4  3104   15 31     4   0  2374941  2225266   149675.    2144.8      69.8
 
 >>Cream     5  3105    0 16     5   0  2440490  2334260   106230.    2185.1      48.6
             5  3105    1 17     5   0  2459835  2237270   222565.    2167.3     102.7
             5  3105    2 18     5   0  2493645  1861691   631954.    2086.9     302.8
             5  3105    3 19     5   0  2505102  1842743   662359.    2085.1     317.7
             5  3105    4 20     5   0  2486068  1796608   689460.    2069.5     333.2
             5  3105    5 21     5   0  2485441  1830513   654928.    2077.5     315.3
             5  3105    6 22     5   0  2433178  2310845   122333.    2178.1      56.2
             5  3105    7 23     5   0  2422908  2286034   136874.    2170.0      63.1
             5  3105    8 24     5   0  2367769  2223386   144383.    2142.7      67.4
             5  3105    9 25     5   0  2372169  2222324   149845.    2143.5      69.9
             5  3105   10 26     5   0  2274971  2099537   175434.    2091.5      83.9
             5  3105   11 27     5   0  2250749  2088855   161894.    2083.2      77.7
             5  3105   12 28     5   0  2130963  2040126    90837.    2042.3      44.5
             5  3105   13 29     5   0  2096861  1993807   103054.    2022.5      51.0
             5  3105   14 30     5   0  1934965  1843366    91599.    1943.8      47.1
             5  3105   15 31     5   0  1986077  1872023   114054.    1964.2      58.1
 
 >>Cream     6  3106    0 16     6   0  2114705  2034942    79763.    2037.1      39.2
             6  3106    1 17     6   0  2030817  2000695    30122.    2007.9      15.0
             6  3106    2 18     6   0  2244114  2166311    77803.    2100.1      37.0
             6  3106    3 19     6   0  2212097  2171870    40227.    2093.8      19.2
             6  3106    4 20     6   0  2145053  1947222   197831.    2022.9      97.8
             6  3106    5 21     6   0  2040524  1909865   130659.    1987.6      65.7
             6  3106    6 22     6   0  2071762  1805673   266089.    1969.1     135.1
             6  3106    7 23     6   0  1955117  1796714   158403.    1937.0      81.8
             6  3106    8 24     6   0  2092966  1784898   308068.    1969.2     156.4
             6  3106    9 25     6   0  1956784  1771203   185581.    1930.8      96.1
             6  3106   10 26     6   0  2175333  1845641   329692.    2005.2     164.4
             6  3106   11 27     6   0  2041181  1852012   189169.    1973.1      95.9
             6  3106   12 28     6   0  2271831  2078176   193655.    2085.7      92.9
             6  3106   13 29     6   0  2176852  2082366    94486.    2063.8      45.8
             6  3106   14 30     6   0  2106421  1949929   156492.    2014.0      77.7
             6  3106   15 31     6   0  2041649  1915239   126410.    1989.2      63.5
 
 >>Cream     7  3107    0 16     7   0  1804815  1536358   268457.    1827.9     146.9
             7  3107    1 17     7   0  1781303  1741574    39729.    1876.9      21.2
             7  3107    2 18     7   0  1558203  1526421    31782.    1756.3      18.1
             7  3107    3 19     7   0  1509491  1541028   -31537.    1746.6     -18.1
             7  3107    4 20     7   0  1476446  1438196    38250.    1707.2      22.4
             7  3107    5 21     7   0  1424900  1400635    24265.    1680.9      14.4
             7  3107    6 22     7   0  1368491  1241454   127037.    1615.5      78.6
             7  3107    7 23     7   0  1328371  1288309    40062.    1617.6      24.8
             7  3107    8 24     7   0  1225239  1122299   102940.    1532.2      67.2
             7  3107    9 25     7   0  1115171  1139744   -24573.    1501.6     -16.4
             7  3107   10 26     7   0  1031501  1055671   -24170.    1444.7     -16.7
             7  3107   11 27     7   0  1027401  1092022   -64621.    1455.8     -44.4
             7  3107   12 28     7   0   856291   891485   -35194.    1322.0     -26.6
             7  3107   13 29     7   0   794255   981885  -187630.    1332.7    -140.8
             7  3107   14 30     7   0   800771   886372   -85601.    1298.9     -65.9
             7  3107   15 31     7   0   800689   883222   -82533.    1297.7     -63.6
 
 >>Cream     8  3108    0 16     8   0        0   780989  -780989.     883.7    -883.7
             8  3108    1 17     8   0        0   826937  -826937.     909.4    -909.4
             8  3108    2 18     8   0        0   671582  -671582.     819.5    -819.5
             8  3108    3 19     8   0        0   690411  -690411.     830.9    -830.9
             8  3108    4 20     8   0        0   594382  -594382.     771.0    -771.0
             8  3108    5 21     8   0        0   593009  -593009.     770.1    -770.1
             8  3108    6 22     8   0        0   455009  -455009.     674.5    -674.5
             8  3108    7 23     8   0        0   541375  -541375.     735.8    -735.8
             8  3108    8 24     8   0        0   707021  -707021.     840.8    -840.8
             8  3108    9 25     8   0        0   678050  -678050.     823.4    -823.4
             8  3108   10 26     8   0        0   584338  -584338.     764.4    -764.4
             8  3108   11 27     8   0        0   586965  -586965.     766.1    -766.1
             8  3108   12 28     8   0        0   529505  -529505.     727.7    -727.7
             8  3108   13 29     8   0        0   500101  -500101.     707.2    -707.2
             8  3108   14 30     8   0        0   451726  -451726.     672.1    -672.1
             8  3108   15 31     8   0        0   423962  -423962.     651.1    -651.1
 
 >>Cream    13  3113    0 16    13   0        3        7       -4.       3.2      -1.3
            13  3113    1 17    13   0       38       61      -23.       9.9      -2.3
            13  3113    2 18    13   0   516795   491824    24971.    1004.3      24.9
            13  3113    3 19    13   0   484362   470661    13701.     977.3      14.0
            13  3113    4 20    13   0   410033   429608   -19575.     916.3     -21.4
            13  3113    5 21    13   0   417489   363332    54157.     883.6      61.3
            13  3113    6 22    13   0   456413   302094   154319.     870.9     177.2
            13  3113    7 23    13   0  1435147   263454  1171693.    1303.3     899.0
            13  3113    8 24    13   0   396330   372736    23594.     877.0      26.9
            13  3113    9 25    13   0   212560   250506   -37946.     680.5     -55.8
            13  3113   10 26    13   0   340822   338256     2566.     824.1       3.1
            13  3113   11 27    13   0   200820   201418     -598.     634.2      -0.9
            13  3113   12 28    13   0   206294   226586   -20292.     657.9     -30.8
            13  3113   13 29    13   0   179059   178458      601.     597.9       1.0
            13  3113   14 30    13   0   271124   212336    58788.     695.3      84.5
            13  3113   15 31    13   0   154536   170116   -15580.     569.8     -27.3
 
 >>Cream    14  3114    0 16    14   0   693000   720356   -27356.    1188.8     -23.0
            14  3114    1 17    14   0   682050   664714    17336.    1160.5      14.9
            14  3114    2 18    14   0   969768   957373    12395.    1388.2       8.9
            14  3114    3 19    14   0   891325   888157     3168.    1334.0       2.4
            14  3114    4 20    14   0  1286554  1562989  -276435.    1688.1    -163.8
            14  3114    5 21    14   0  3037303  1451631  1585672.    2118.7     748.4
            14  3114    6 22    14   0  1532320  1325149   207171.    1690.4     122.6
            14  3114    7 23    14   0  1202003  1217567   -15564.    1555.5     -10.0
            14  3114    8 24    14   0  1544195  1250361   293834.    1671.7     175.8
            14  3114    9 25    14   0  1198549  1171315    27234.    1539.4      17.7
            14  3114   10 26    14   0  1284982  1250530    34452.    1592.3      21.6
            14  3114   11 27    14   0  1218141  1199814    18327.    1555.0      11.8
            14  3114   12 28    14   0   936909   885685    51224.    1350.0      37.9
            14  3114   13 29    14   0   823637   828702    -5065.    1285.4      -3.9
            14  3114   14 30    14   0   729502   716157    13345.    1202.4      11.1
            14  3114   15 31    14   0   648233   611755    36478.    1122.5      32.5
 
 >>Cream    15  3115    0 16    15   0        6        3        3.       3.0       1.0
            15  3115    1 17    15   0        9        6        3.       3.9       0.8
            15  3115    2 18    15   0   163665   291974  -128309.     675.0    -190.1
            15  3115    3 19    15   0   197075   221124   -24049.     646.7     -37.2
            15  3115    4 20    15   0   182414   277319   -94905.     678.0    -140.0
            15  3115    5 21    15   0   170531   213515   -42984.     619.7     -69.4
            15  3115    6 22    15   0   224398   265460   -41062.     699.9     -58.7
            15  3115    7 23    15   0   307988   251748    56240.     748.2      75.2
            15  3115    8 24    15   0   272194   289369   -17175.     749.4     -22.9
            15  3115    9 25    15   0   226111   293823   -67712.     721.1     -93.9
            15  3115   10 26    15   0   405145   392445    12700.     893.1      14.2
            15  3115   11 27    15   0   309208   338626   -29418.     804.9     -36.5
            15  3115   12 28    15   0   440382   428369    12013.     932.1      12.9
            15  3115   13 29    15   0   376296   402423   -26127.     882.5     -29.6
            15  3115   14 30    15   0   580504   545440    35064.    1061.1      33.0
            15  3115   15 31    15   0   477725   511836   -34111.     994.8     -34.3
 
 >>Cream    16  3116    0 16    16   0   364929        0   364929.     604.1     604.1
            16  3116    1 17    16   0        0        0        0.       0.0       0.0
            16  3116    2 18    16   0   288966        0   288966.     537.6     537.6
            16  3116    3 19    16   0        0        0        0.       0.0       0.0
            16  3116    4 20    16   0   397159        0   397159.     630.2     630.2
            16  3116    5 21    16   0        0        0        0.       0.0       0.0
            16  3116    6 22    16   0   332803        0   332803.     576.9     576.9
            16  3116    7 23    16   0        0        0        0.       0.0       0.0
            16  3116    8 24    16   0  1359433        0  1359433.    1165.9    1165.9
            16  3116    9 25    16   0        0        0        0.       0.0       0.0
            16  3116   10 26    16   0  3397243        0  3397243.    1843.2    1843.2
            16  3116   11 27    16   0        0        0        0.       0.0       0.0
            16  3116   12 28    16   0   975154        0   975154.     987.5     987.5
            16  3116   13 29    16   0        0        0        0.       0.0       0.0
            16  3116   14 30    16   0   948310        0   948310.     973.8     973.8
            16  3116   15 31    16   0        0        0        0.       0.0       0.0
CROCEND
