 CROCUS    8874  9999     1    2018_01_25
*-----   MUV & SAV Crocus Reference Table
*-----      From run 8949 taken 2018, 42 bursts 
*-----
*-----      Jurgen Engelfried, 26 July 2018
*-----                                                                
*-----     NCR  Unit    J  K    ix  iy   HITS-J   HITS-K     diff     
*-----     ___________________________________________________________
********                                                              
 
 >>Cream     3  3103    0 16     3   0   490908   499878    -8970.     995.4      -9.0
             3  3103    1 17     3   0   525451   496234    29217.    1010.8      28.9
             3  3103    2 18     3   0   532673   542879   -10206.    1037.1      -9.8
             3  3103    3 19     3   0   590911   567072    23839.    1076.1      22.2
             3  3103    4 20     3   0   646400   647791    -1391.    1137.6      -1.2
             3  3103    5 21     3   0   610560   621788   -11228.    1110.1     -10.1
             3  3103    6 22     3   0   789805   755789    34016.    1243.2      27.4
             3  3103    7 23     3   0   711069   758215   -47146.    1212.1     -38.9
             3  3103    8 24     3   0   826338   742638    83700.    1252.6      66.8
             3  3103    9 25     3   0   840007   794732    45275.    1278.6      35.4
             3  3103   10 26     3   0   774853   907319  -132466.    1297.0    -102.1
             3  3103   11 27     3   0   864790   883242   -18452.    1322.1     -14.0
             3  3103   12 28     3   0  1011832  1014403    -2571.    1423.5      -1.8
             3  3103   13 29     3   0  1058828   971266    87562.    1424.8      61.5
             3  3103   14 30     3   0  1225031  1182835    42196.    1551.7      27.2
             3  3103   15 31     3   0  1363991  1077423   286568.    1562.5     183.4
 
 >>Cream     4  3104    0 16     4   0  1237978  1275167   -37189.    1585.3     -23.5
             4  3104    1 17     4   0  1190495  1250557   -60062.    1562.4     -38.4
             4  3104    2 18     4   0  1401901  1377274    24627.    1667.1      14.8
             4  3104    3 19     4   0  1363319  1343967    19352.    1645.4      11.8
             4  3104    4 20     4   0  1475368  1514835   -39467.    1729.2     -22.8
             4  3104    5 21     4   0  1483429  1439121    44308.    1709.5      25.9
             4  3104    6 22     4   0  1614553  1581941    32612.    1787.9      18.2
             4  3104    7 23     4   0  1652952  1608275    44677.    1805.9      24.7
             4  3104    8 24     4   0  1750007  1768770   -18763.    1875.8     -10.0
             4  3104    9 25     4   0  1787411  1703966    83445.    1868.5      44.7
             4  3104   10 26     4   0  1951788  1849450   102338.    1949.7      52.5
             4  3104   11 27     4   0  1902167  1848839    53328.    1936.8      27.5
             4  3104   12 28     4   0  2053163  1931945   121218.    1996.3      60.7
             4  3104   13 29     4   0  2003571  1946430    57141.    1987.5      28.8
             4  3104   14 30     4   0  2186190  2035058   151132.    2054.6      73.6
             4  3104   15 31     4   0  2157885  2009483   148402.    2041.4      72.7
 
 >>Cream     5  3105    0 16     5   0  2217898  2117634   100264.    2082.2      48.2
             5  3105    1 17     5   0  2247191  2017545   229646.    2065.1     111.2
             5  3105    2 18     5   0  2272013  1683107   588906.    1988.7     296.1
             5  3105    3 19     5   0  2286767  1647155   639612.    1983.4     322.5
             5  3105    4 20     5   0  2263146  1632235   630911.    1973.7     319.7
             5  3105    5 21     5   0  2261835  1644565   617270.    1976.5     312.3
             5  3105    6 22     5   0  2207120  2095785   111335.    2074.3      53.7
             5  3105    7 23     5   0  2196273  2071800   124473.    2065.9      60.3
             5  3105    8 24     5   0  2134624  2009936   124688.    2035.8      61.2
             5  3105    9 25     5   0  2123948  2003421   120527.    2031.6      59.3
             5  3105   10 26     5   0  2042954  1894316   148638.    1984.3      74.9
             5  3105   11 27     5   0  2006934  1885149   121785.    1972.8      61.7
             5  3105   12 28     5   0  1910536  1833522    77014.    1935.0      39.8
             5  3105   13 29     5   0  1871096  1792416    78680.    1914.0      41.1
             5  3105   14 30     5   0  1714179  1646969    67210.    1833.3      36.7
             5  3105   15 31     5   0  1757994  1671638    86356.    1851.9      46.6
 
 >>Cream     6  3106    0 16     6   0  1915233  1845462    69771.    1939.3      36.0
             6  3106    1 17     6   0  1839649  1797829    41820.    1907.2      21.9
             6  3106    2 18     6   0  2032962  1978567    54395.    2002.9      27.2
             6  3106    3 19     6   0  2009192  1977284    31908.    1996.6      16.0
             6  3106    4 20     6   0  1935479  1772408   163071.    1925.6      84.7
             6  3106    5 21     6   0  1844579  1713189   131390.    1886.2      69.7
             6  3106    6 22     6   0  1873912  1611580   262332.    1866.9     140.5
             6  3106    7 23     6   0  1767246  1621949   145297.    1841.0      78.9
             6  3106    8 24     6   0  1884322  1621932   262390.    1872.5     140.1
             6  3106    9 25     6   0  1765293  1593609   171684.    1832.7      93.7
             6  3106   10 26     6   0  1960443  1679496   280947.    1907.9     147.3
             6  3106   11 27     6   0  1837618  1682727   154891.    1876.3      82.6
             6  3106   12 28     6   0  2059672  1894511   165161.    1988.5      83.1
             6  3106   13 29     6   0  1971739  1883403    88336.    1963.5      45.0
             6  3106   14 30     6   0  1892686  1774624   118062.    1915.0      61.7
             6  3106   15 31     6   0  1846283  1728566   117717.    1890.7      62.3
 
 >>Cream     7  3107    0 16     7   0  1593209  1365447   227762.    1720.1     132.4
             7  3107    1 17     7   0  1569192  1540540    28652.    1763.4      16.2
             7  3107    2 18     7   0  1363670  1348686    14984.    1646.9       9.1
             7  3107    3 19     7   0  1319889  1365383   -45494.    1638.7     -27.8
             7  3107    4 20     7   0  1297730  1262703    35027.    1600.1      21.9
             7  3107    5 21     7   0  1242366  1229049    13317.    1572.1       8.5
             7  3107    6 22     7   0  1192066  1037383   154683.    1493.1     103.6
             7  3107    7 23     7   0  1151865  1128155    23710.    1510.0      15.7
             7  3107    8 24     7   0  1056713   972672    84041.    1424.6      59.0
             7  3107    9 25     7   0   957315   987340   -30025.    1394.5     -21.5
             7  3107   10 26     7   0   882344   912061   -29717.    1339.6     -22.2
             7  3107   11 27     7   0   877869   944098   -66229.    1349.8     -49.1
             7  3107   12 28     7   0   723381   761570   -38189.    1218.6     -31.3
             7  3107   13 29     7   0   668103   815758  -147655.    1218.1    -121.2
             7  3107   14 30     7   0   671978   756534   -84556.    1195.2     -70.7
             7  3107   15 31     7   0   673093   750261   -77168.    1193.0     -64.7
 
 >>Cream     8  3108    0 16     8   0        0   653932  -653932.     808.7    -808.7
             8  3108    1 17     8   0        0   688536  -688536.     829.8    -829.8
             8  3108    2 18     8   0        0   556112  -556112.     745.7    -745.7
             8  3108    3 19     8   0        0   572182  -572182.     756.4    -756.4
             8  3108    4 20     8   0        0   487743  -487743.     698.4    -698.4
             8  3108    5 21     8   0        0   481283  -481283.     693.7    -693.7
             8  3108    6 22     8   0        0   366517  -366517.     605.4    -605.4
             8  3108    7 23     8   0        0   436240  -436240.     660.5    -660.5
             8  3108    8 24     8   0        0   582972  -582972.     763.5    -763.5
             8  3108    9 25     8   0        0   557794  -557794.     746.9    -746.9
             8  3108   10 26     8   0        0   474098  -474098.     688.5    -688.5
             8  3108   11 27     8   0        0   475564  -475564.     689.6    -689.6
             8  3108   12 28     8   0        0   425537  -425537.     652.3    -652.3
             8  3108   13 29     8   0        0   400675  -400675.     633.0    -633.0
             8  3108   14 30     8   0        0   352414  -352414.     593.6    -593.6
             8  3108   15 31     8   0        0   329692  -329692.     574.2    -574.2
 
 >>Cream    13  3113    0 16    13   0       15        8        7.       4.8       1.5
            13  3113    1 17    13   0    96309       46    96263.     310.4     310.1
            13  3113    2 18    13   0   423964   406429    17535.     911.3      19.2
            13  3113    3 19    13   0   439338   382672    56666.     906.6      62.5
            13  3113    4 20    13   0   344342   343837      505.     829.6       0.6
            13  3113    5 21    13   0   334601   287600    47001.     788.8      59.6
            13  3113    6 22    13   0   356671   235548   121123.     769.6     157.4
            13  3113    7 23    13   0       24   199197  -199173.     446.3    -446.2
            13  3113    8 24    13   0   494871   269995   224876.     874.6     257.1
            13  3113    9 25    13   0   157745   183964   -26219.     584.6     -44.9
            13  3113   10 26    13   0   243235   240905     2330.     695.8       3.3
            13  3113   11 27    13   0   140332   140125      207.     529.6       0.4
            13  3113   12 28    13   0   140593   159654   -19061.     547.9     -34.8
            13  3113   13 29    13   0   119791   117357     2434.     487.0       5.0
            13  3113   14 30    13   0   183029   144536    38493.     572.3      67.3
            13  3113   15 31    13   0  1215708   107272  1108436.    1150.2     963.7
 
 >>Cream    14  3114    0 16    14   0   585638   608885   -23247.    1092.9     -21.3
            14  3114    1 17    14   0   562993   554761     8232.    1057.2       7.8
            14  3114    2 18    14   0   834884   820108    14776.    1286.5      11.5
            14  3114    3 19    14   0   772143   764621     7522.    1239.7       6.1
            14  3114    4 20    14   0  1135490  1388514  -253024.    1588.7    -159.3
            14  3114    5 21    14   0  3186579  1268986  1917593.    2110.8     908.5
            14  3114    6 22    14   0  1352137  1171891   180246.    1588.7     113.5
            14  3114    7 23    14   0  1059518  1064087    -4569.    1457.3      -3.1
            14  3114    8 24    14   0  1359149  1106651   252498.    1570.3     160.8
            14  3114    9 25    14   0  1068978  1032031    36947.    1449.5      25.5
            14  3114   10 26    14   0  1141414  1104681    36733.    1498.7      24.5
            14  3114   11 27    14   0  1078073  1055852    22221.    1460.8      15.2
            14  3114   12 28    14   0   791988   764446    27542.    1247.6      22.1
            14  3114   13 29    14   0   706217   709352    -3135.    1189.8      -2.6
            14  3114   14 30    14   0   806974   601011   205963.    1186.6     173.6
            14  3114   15 31    14   0   588169   507394    80775.    1046.7      77.2
 
 >>Cream    15  3115    0 16    15   0        5        1        4.       2.4       1.6
            15  3115    1 17    15   0        7        8       -1.       3.9      -0.3
            15  3115    2 18    15   0   121298   208995   -87697.     574.7    -152.6
            15  3115    3 19    15   0   139054   149263   -10209.     537.0     -19.0
            15  3115    4 20    15   0   137970   202205   -64235.     583.2    -110.1
            15  3115    5 21    15   0   127267   147857   -20590.     524.5     -39.3
            15  3115    6 22    15   0   172557   204167   -31610.     613.8     -51.5
            15  3115    7 23    15   0   271340   181413    89927.     672.9     133.6
            15  3115    8 24    15   0   213417   226203   -12786.     663.0     -19.3
            15  3115    9 25    15   0   175651   220538   -44887.     629.4     -71.3
            15  3115   10 26    15   0   328858   306264    22594.     796.9      28.4
            15  3115   11 27    15   0  2137731   262073  1875658.    1549.1    1210.8
            15  3115   12 28    15   0   358436   349395     9041.     841.3      10.7
            15  3115   13 29    15   0   305074   321227   -16153.     791.4     -20.4
            15  3115   14 30    15   0   492008   451462    40546.     971.3      41.7
            15  3115   15 31    15   0   395509   421282   -25773.     903.8     -28.5
 
 >>Cream    16  3116    0 16    16   0   288021        0   288021.     536.7     536.7
            16  3116    1 17    16   0        0        0        0.       0.0       0.0
            16  3116    2 18    16   0   241050        0   241050.     491.0     491.0
            16  3116    3 19    16   0        0        0        0.       0.0       0.0
            16  3116    4 20    16   0   351462        0   351462.     592.8     592.8
            16  3116    5 21    16   0        0        0        0.       0.0       0.0
            16  3116    6 22    16   0  2499115        0  2499115.    1580.9    1580.9
            16  3116    7 23    16   0        0        0        0.       0.0       0.0
            16  3116    8 24    16   0  2916620        0  2916620.    1707.8    1707.8
            16  3116    9 25    16   0        0        0        0.       0.0       0.0
            16  3116   10 26    16   0   880923        0   880923.     938.6     938.6
            16  3116   11 27    16   0        0        0        0.       0.0       0.0
            16  3116   12 28    16   0  1286517        0  1286517.    1134.2    1134.2
            16  3116   13 29    16   0        0        0        0.       0.0       0.0
            16  3116   14 30    16   0   818964        0   818964.     905.0     905.0
            16  3116   15 31    16   0        0        0        0.       0.0       0.0
CROCEND
