CROCUS    6278  6726     1    2018_01_25
*-----   MUV & SAV Crocus Reference Table
*-----      From run 6610 taken 2017_08_21, 20 bursts 
*----- 0430 0243 0558 0499 0634 0469 0677 0644 0566 0475 0335 0525 0017 0171 0032 0208 0594 0770 0546 0556
*-----  These are the first 20 bursts from Paul's Calibration sample.
*-----
*-----      Jurgen Engelfried, 25 January 2018
*-----                                                                
*-----     NCR  Unit    J  K    ix  iy   HITS-J   HITS-K     diff     
*-----     ___________________________________________________________
********                                                              
 
 >>Cream     3  3103    0 16     3   0   165805   206011   -40206.     609.8     -65.9
             3  3103    1 17     3   0   176551   211956   -35405.     623.3     -56.8
             3  3103    2 18     3   0   172046   244273   -72227.     645.2    -111.9
             3  3103    3 19     3   0   203753   280370   -76617.     695.8    -110.1
             3  3103    4 20     3   0   215651   348606  -132955.     751.2    -177.0
             3  3103    5 21     3   0   212071   282006   -69935.     702.9     -99.5
             3  3103    6 22     3   0   280323   372152   -91829.     807.8    -113.7
             3  3103    7 23     3   0   241899   337240   -95341.     761.0    -125.3
             3  3103    8 24     3   0   285645   342965   -57320.     792.8     -72.3
             3  3103    9 25     3   0   292942   357776   -64834.     806.7     -80.4
             3  3103   10 26     3   0        0   397353  -397353.     630.4    -630.4
             3  3103   11 27     3   0   301165   392598   -91433.     832.9    -109.8
             3  3103   12 28     3   0        0   444178  -444178.     666.5    -666.5
             3  3103   13 29     3   0   379155   417533   -38378.     892.6     -43.0
             3  3103   14 30     3   0   464031   523683   -59652.     993.8     -60.0
             3  3103   15 31     3   0   422176   471600   -49424.     945.4     -52.3
 
 >>Cream     4  3104    0 16     4   0   527347   561834   -34487.    1043.6     -33.0
             4  3104    1 17     4   0   500461   548486   -48025.    1024.2     -46.9
             4  3104    2 18     4   0   603829   613238    -9409.    1103.2      -8.5
             4  3104    3 19     4   0   592156   588319     3837.    1086.5       3.5
             4  3104    4 20     4   0   626156   650751   -24595.    1130.0     -21.8
             4  3104    5 21     4   0   634275   634259       16.    1126.3       0.0
             4  3104    6 22     4   0   697535   701934    -4399.    1183.0      -3.7
             4  3104    7 23     4   0   704811   705791     -980.    1187.7      -0.8
             4  3104    8 24     4   0   771054   791732   -20678.    1250.1     -16.5
             4  3104    9 25     4   0   774509   758923    15586.    1238.3      12.6
             4  3104   10 26     4   0   867663   828972    38691.    1302.5      29.7
             4  3104   11 27     4   0   836438   822756    13682.    1288.1      10.6
             4  3104   12 28     4   0   923212   866291    56921.    1337.7      42.6
             4  3104   13 29     4   0   892017   875999    16018.    1329.7      12.0
             4  3104   14 30     4   0   992725   920799    71926.    1383.3      52.0
             4  3104   15 31     4   0   977095   900312    76783.    1370.2      56.0
 
 >>Cream     5  3105    0 16     5   0  1014768   957526    57242.    1404.4      40.8
             5  3105    1 17     5   0  1026894   911414   115480.    1392.2      82.9
             5  3105    2 18     5   0  1050156   725990   324166.    1332.7     243.2
             5  3105    3 19     5   0  1053907   725542   328365.    1334.0     246.2
             5  3105    4 20     5   0  1042943   713355   329588.    1325.3     248.7
             5  3105    5 21     5   0  1038478   725002   313476.    1328.0     236.1
             5  3105    6 22     5   0  1017054   946287    70767.    1401.2      50.5
             5  3105    7 23     5   0  1018399   941517    76882.    1400.0      54.9
             5  3105    8 24     5   0   974952   908592    66360.    1372.4      48.4
             5  3105    9 25     5   0   980861   900075    80786.    1371.5      58.9
             5  3105   10 26     5   0   927849   842614    85235.    1330.6      64.1
             5  3105   11 27     5   0   920044   840533    79511.    1326.9      59.9
             5  3105   12 28     5   0   866418   814885    51533.    1296.7      39.7
             5  3105   13 29     5   0   845107   799326    45781.    1282.4      35.7
             5  3105   14 30     5   0   778830   726009    52821.    1226.7      43.1
             5  3105   15 31     5   0   792643   750370    42273.    1242.2      34.0
 
 >>Cream     6  3106    0 16     6   0   853883   798653    55230.    1285.5      43.0
             6  3106    1 17     6   0   819111   796250    22861.    1271.0      18.0
             6  3106    2 18     6   0   910806   885084    25722.    1340.1      19.2
             6  3106    3 19     6   0   895097   893265     1832.    1337.3       1.4
             6  3106    4 20     6   0   854640   783247    71393.    1279.8      55.8
             6  3106    5 21     6   0   835249   762270    72979.    1263.9      57.7
             6  3106    6 22     6   0   841578   703093   138485.    1242.8     111.4
             6  3106    7 23     6   0   789900   705616    84284.    1222.9      68.9
             6  3106    8 24     6   0   847720   705548   142172.    1246.3     114.1
             6  3106    9 25     6   0   789566   686226   103340.    1214.8      85.1
             6  3106   10 26     6   0   877772   725128   152644.    1266.1     120.6
             6  3106   11 27     6   0   816310   729786    86524.    1243.4      69.6
             6  3106   12 28     6   0   926042   832319    93723.    1326.0      70.7
             6  3106   13 29     6   0   894276   837418    56858.    1315.9      43.2
             6  3106   14 30     6   0   845690   775802    69888.    1273.4      54.9
             6  3106   15 31     6   0   828823   750235    78588.    1256.6      62.5
 
 >>Cream     7  3107    0 16     7   0   729634   598760   130874.    1152.6     113.6
             7  3107    1 17     7   0   711644   685895    25749.    1182.2      21.8
             7  3107    2 18     7   0   618682   601245    17437.    1104.5      15.8
             7  3107    3 19     7   0   605919   607344    -1425.    1101.5      -1.3
             7  3107    4 20     7   0   578310   561529    16781.    1067.6      15.7
             7  3107    5 21     7   0   566546   543145    23401.    1053.4      22.2
             7  3107    6 22     7   0   529287   473767    55520.    1001.5      55.4
             7  3107    7 23     7   0   521297   507863    13434.    1014.5      13.2
             7  3107    8 24     7   0   412510   425843   -13333.     915.6     -14.6
             7  3107    9 25     7   0   361292   440246   -78954.     895.3     -88.2
             7  3107   10 26     7   0   456552        0   456552.     675.7     675.7
             7  3107   11 27     7   0   473446       28   473418.     688.1     688.0
             7  3107   12 28     7   0        6   414754  -414748.     644.0    -644.0
             7  3107   13 29     7   0       23   416021  -415998.     645.0    -644.9
             7  3107   14 30     7   0   318982   346409   -27427.     815.7     -33.6
             7  3107   15 31     7   0   303892   381222   -77330.     827.7     -93.4
 
 >>Cream     8  3108    0 16     8   0   218466   319672  -101206.     733.6    -138.0
             8  3108    1 17     8   0   203330   325135  -121805.     727.0    -167.6
             8  3108    2 18     8   0   180588   292493  -111905.     687.8    -162.7
             8  3108    3 19     8   0   165853   303679  -137826.     685.2    -201.1
             8  3108    4 20     8   0   157470   241136   -83666.     631.4    -132.5
             8  3108    5 21     8   0   144736   247308  -102572.     626.1    -163.8
             8  3108    6 22     8   0        1   213178  -213177.     461.7    -461.7
             8  3108    7 23     8   0        0   225380  -225380.     474.7    -474.7
             8  3108    8 24     8   0        0   175202  -175202.     418.6    -418.6
             8  3108    9 25     8   0        0   186912  -186912.     432.3    -432.3
             8  3108   10 26     8   0   343647        2   343645.     586.2     586.2
             8  3108   11 27     8   0   405011        0   405011.     636.4     636.4
             8  3108   12 28     8   0        6   284753  -284747.     533.6    -533.6
             8  3108   13 29     8   0        2   291403  -291401.     539.8    -539.8
             8  3108   14 30     8   0        0   255028  -255028.     505.0    -505.0
             8  3108   15 31     8   0        0   237678  -237678.     487.5    -487.5
 
 >>Cream    13  3113    0 16    13   0        1        7       -6.       2.8      -2.1
            13  3113    1 17    13   0  2945595      428  2945167.    1716.4    1715.9
            13  3113    2 18    13   0   173716   162844    10872.     580.1      18.7
            13  3113    3 19    13   0  2105301   356852  1748449.    1569.1    1114.3
            13  3113    4 20    13   0   136813   124135    12678.     510.8      24.8
            13  3113    5 21    13   0  2034627   265841  1768786.    1516.7    1166.2
            13  3113    6 22    13   0    96825    96586      239.     439.8       0.5
            13  3113    7 23    13   0       35   201069  -201034.     448.4    -448.3
            13  3113    8 24    13   0   119224    78282    40942.     444.4      92.1
            13  3113    9 25    13   0    67726   183764  -116038.     501.5    -231.4
            13  3113   10 26    13   0    89846   148803   -58957.     488.5    -120.7
            13  3113   11 27    13   0   899858   143010   756848.    1021.2     741.1
            13  3113   12 28    13   0    60247   365666  -305419.     652.6    -468.0
            13  3113   13 29    13   0  2460533   120418  2340115.    1606.5    1456.6
            13  3113   14 30    13   0   251668    71101   180567.     568.1     317.8
            13  3113   15 31    13   0    40522   105656   -65134.     382.3    -170.4
 
 >>Cream    14  3114    0 16    14   0   241387   239108     2279.     693.2       3.3
            14  3114    1 17    14   0   425621   220300   205321.     803.7     255.5
            14  3114    2 18    14   0   340992   301098    39894.     801.3      49.8
            14  3114    3 19    14   0   309304   293596    15708.     776.5      20.2
            14  3114    4 20    14   0   456324   538547   -82223.     997.4     -82.4
            14  3114    5 21    14   0  1239552   520495   719057.    1326.7     542.0
            14  3114    6 22    14   0   564119   462694   101425.    1013.3     100.1
            14  3114    7 23    14   0   437641   438344     -703.     935.9      -0.8
            14  3114    8 24    14   0       42   445639  -445597.     667.6    -667.5
            14  3114    9 25    14   0   433126   426624     6502.     927.2       7.0
            14  3114   10 26    14   0   473358   448440    24918.     960.1      26.0
            14  3114   11 27    14   0   448523   430312    18211.     937.5      19.4
            14  3114   12 28    14   0   316718   298616    18102.     784.4      23.1
            14  3114   13 29    14   0   301109   287699    13410.     767.3      17.5
            14  3114   14 30    14   0   317096   241571    75525.     747.4     101.0
            14  3114   15 31    14   0   206129   209376    -3247.     644.6      -5.0
 
 >>Cream    15  3115    0 16    15   0        4        5       -1.       3.0      -0.3
            15  3115    1 17    15   0       20   562172  -562152.     749.8    -749.7
            15  3115    2 18    15   0    49612   108760   -59148.     398.0    -148.6
            15  3115    3 19    15   0    69253    60808     8445.     360.6      23.4
            15  3115    4 20    15   0    56923   628985  -572062.     828.2    -690.7
            15  3115    5 21    15   0    82290    63297    18993.     381.6      49.8
            15  3115    6 22    15   0    75101    71805     3296.     383.3       8.6
            15  3115    7 23    15   0    86693    75657    11036.     402.9      27.4
            15  3115    8 24    15   0    80504    91453   -10949.     414.7     -26.4
            15  3115    9 25    15   0    72004    79339    -7335.     389.0     -18.9
            15  3115   10 26    15   0   101759   106280    -4521.     456.1      -9.9
            15  3115   11 27    15   0  1717522   102739  1614783.    1349.2    1196.9
            15  3115   12 28    15   0   137285   136511      774.     523.3       1.5
            15  3115   13 29    15   0   122199   127685    -5486.     499.9     -11.0
            15  3115   14 30    15   0   192973   176752    16221.     608.1      26.7
            15  3115   15 31    15   0   171482   164708     6774.     579.8      11.7
 
 >>Cream    16  3116    0 16    16   0  1326052        0  1326052.    1151.5    1151.5
            16  3116    1 17    16   0        0        0        0.       0.0       0.0
            16  3116    2 18    16   0  1790962        0  1790962.    1338.3    1338.3
            16  3116    3 19    16   0        1        0        1.       1.0       1.0
            16  3116    4 20    16   0  1192373        0  1192373.    1092.0    1092.0
            16  3116    5 21    16   0        0        0        0.       0.0       0.0
            16  3116    6 22    16   0  1673422        0  1673422.    1293.6    1293.6
            16  3116    7 23    16   0        0        0        0.       0.0       0.0
            16  3116    8 24    16   0   635373        0   635373.     797.1     797.1
            16  3116    9 25    16   0        0        0        0.       0.0       0.0
            16  3116   10 26    16   0  1738927        0  1738927.    1318.7    1318.7
            16  3116   11 27    16   0        0        0        0.       0.0       0.0
            16  3116   12 28    16   0  1686836        0  1686836.    1298.8    1298.8
            16  3116   13 29    16   0        1        0        1.       1.0       1.0
            16  3116   14 30    16   0  1151734        0  1151734.    1073.2    1073.2
            16  3116   15 31    16   0        0        0        0.       0.0       0.0
CROCEND
