 CROCUS    7000  9999     1    2017_11_056
*-----      MUV 1&2 Crocus Ref table
*-----      From run 8872, 38 bursts from 401 to 457 
*-----         Jurgen Engelfried, 18 August 2018
*-----  
*-----     NCR  Unit    J  K    ix  iy   HITS-J   HITS-K     diff        sig     d/sig 
*-----     ___________________________________________________________________________ 
********                                                              
 >>Cream     3  3103    0 16     3   0   476420   489146   -12726.     982.6     -13.0
             3  3103    1 17     3   0   509135   486286    22849.     997.7      22.9
             3  3103    2 18     3   0   515945   530112   -14167.    1022.8     -13.9
             3  3103    3 19     3   0   571546   554052    17494.    1060.9      16.5
             3  3103    4 20     3   0   624997   630402    -5405.    1120.4      -4.8
             3  3103    5 21     3   0   592315   607723   -15408.    1095.5     -14.1
             3  3103    6 22     3   0   760325   732858    27467.    1222.0      22.5
             3  3103    7 23     3   0   685033   734659   -49626.    1191.5     -41.6
             3  3103    8 24     3   0   793600   730381    63219.    1234.5      51.2
             3  3103    9 25     3   0   804268   775721    28547.    1257.0      22.7
             3  3103   10 26     3   0   745804   875372  -129568.    1273.3    -101.8
             3  3103   11 27     3   0   829802   853554   -23752.    1297.4     -18.3
             3  3103   12 28     3   0   967576   975244    -7668.    1393.9      -5.5
             3  3103   13 29     3   0  1007447   935277    72170.    1393.8      51.8
             3  3103   14 30     3   0  1159737  1135161    24576.    1514.9      16.2
             3  3103   15 31     3   0  1281485  1036764   244721.    1522.6     160.7
 
 >>Cream     4  3104    0 16     4   0  1176000  1210559   -34559.    1544.8     -22.4
             4  3104    1 17     4   0  1135860  1190395   -54535.    1525.2     -35.8
             4  3104    2 18     4   0  1326741  1313522    13219.    1624.9       8.1
             4  3104    3 19     4   0  1298597  1274666    23931.    1604.1      14.9
             4  3104    4 20     4   0  1399230  1423358   -24128.    1680.1     -14.4
             4  3104    5 21     4   0  1401924  1359519    42405.    1661.8      25.5
             4  3104    6 22     4   0  1515714  1490089    25625.    1733.7      14.8
             4  3104    7 23     4   0  1555155  1512999    42156.    1751.6      24.1
             4  3104    8 24     4   0  1632067  1645712   -13645.    1810.5      -7.5
             4  3104    9 25     4   0  1669849  1591644    78205.    1806.0      43.3
             4  3104   10 26     4   0  1812693  1715657    97036.    1878.4      51.7
             4  3104   11 27     4   0  1768004  1715425    52579.    1866.4      28.2
             4  3104   12 28     4   0  1892111  1783079   109032.    1917.1      56.9
             4  3104   13 29     4   0  1847104  1798490    48614.    1909.3      25.5
             4  3104   14 30     4   0  1997409  1868321   129088.    1966.1      65.7
             4  3104   15 31     4   0  1979823  1843344   136479.    1955.3      69.8
 
 >>Cream     5  3105    0 16     5   0  2025532  1929915    95617.    1988.8      48.1
             5  3105    1 17     5   0  2038332  1845624   192708.    1970.8      97.8
             5  3105    2 18     5   0  2054528  1565644   488884.    1902.7     256.9
             5  3105    3 19     5   0  2064068  1538268   525800.    1898.0     277.0
             5  3105    4 20     5   0  2041456  1516209   525247.    1886.2     278.5
             5  3105    5 21     5   0  2043306  1527457   515849.    1889.6     273.0
             5  3105    6 22     5   0  2006034  1911272    94762.    1979.2      47.9
             5  3105    7 23     5   0  2001136  1889709   111427.    1972.5      56.5
             5  3105    8 24     5   0  1958677  1849349   109328.    1951.4      56.0
             5  3105    9 25     5   0  1960302  1850684   109618.    1952.2      56.2
             5  3105   10 26     5   0  1886978  1756303   130675.    1908.7      68.5
             5  3105   11 27     5   0  1873505  1745411   128094.    1902.3      67.3
             5  3105   12 28     5   0  1776407  1708793    67614.    1866.9      36.2
             5  3105   13 29     5   0  1744788  1671839    72949.    1848.4      39.5
             5  3105   14 30     5   0  1614822  1547362    67460.    1778.3      37.9
             5  3105   15 31     5   0  1659743  1570136    89607.    1797.2      49.9
 
 >>Cream     6  3106    0 16     6   0  1762526  1698593    63933.    1860.4      34.4
             6  3106    1 17     6   0  1696425  1665094    31331.    1833.4      17.1
             6  3106    2 18     6   0  1858549  1783182    75367.    1908.3      39.5
             6  3106    3 19     6   0  1841681  1777380    64301.    1902.4      33.8
             6  3106    4 20     6   0  1777614  1532236   245378.    1819.3     134.9
             6  3106    5 21     6   0  1706860  1595446   111414.    1817.2      61.3
             6  3106    6 22     6   0  1701955  1640012    61943.    1828.1      33.9
             6  3106    7 23     6   0  1627728  1507789   119939.    1770.7      67.7
             6  3106    8 24     6   0  1715532  1505095   210437.    1794.6     117.3
             6  3106    9 25     6   0  1637128  1487550   149578.    1767.7      84.6
             6  3106   10 26     6   0  1799245  1557789   241456.    1832.2     131.8
             6  3106   11 27     6   0  1706461  1551019   155442.    1804.8      86.1
             6  3106   12 28     6   0  1873156  1735377   137779.    1899.6      72.5
             6  3106   13 29     6   0  1802093  1724679    77414.    1878.0      41.2
             6  3106   14 30     6   0  1747701  1638354   109347.    1840.1      59.4
             6  3106   15 31     6   0  1702881  1597843   105038.    1816.8      57.8
 
 >>Cream     7  3107    0 16     7   0  1506151  1288845   217306.    1671.8     130.0
             7  3107    1 17     7   0  1486807  1450256    36551.    1713.8      21.3
             7  3107    2 18     7   0  1303679  1274961    28718.    1605.8      17.9
             7  3107    3 19     7   0  1263930  1292020   -28090.    1598.7     -17.6
             7  3107    4 20     7   0  1241978  1203813    38165.    1563.9      24.4
             7  3107    5 21     7   0  1190691  1171206    19485.    1536.8      12.7
             7  3107    6 22     7   0  1144355   924820   219535.    1438.5     152.6
             7  3107    7 23     7   0  1113409  1076357    37052.    1479.8      25.0
             7  3107    8 24     7   0  1022148   934255    87893.    1398.7      62.8
             7  3107    9 25     7   0   930492   948362   -17870.    1370.7     -13.0
             7  3107   10 26     7   0   857397   876457   -19060.    1316.8     -14.5
             7  3107   11 27     7   0   853431   906771   -53340.    1326.7     -40.2
             7  3107   12 28     7   0   706808   723987   -17179.    1196.2     -14.4
             7  3107   13 29     7   0   655117   804844  -149727.    1208.3    -123.9
             7  3107   14 30     7   0   658750   729666   -70916.    1178.3     -60.2
             7  3107   15 31     7   0   658053   726208   -68155.    1176.5     -57.9
 
 >>Cream     8  3108    0 16     8   0        0   634138  -634138.     796.3    -796.3
             8  3108    1 17     8   0        0   662860  -662860.     814.2    -814.2
             8  3108    2 18     8   0        0   542288  -542288.     736.4    -736.4
             8  3108    3 19     8   0        0   558286  -558286.     747.2    -747.2
             8  3108    4 20     8   0        0   477178  -477178.     690.8    -690.8
             8  3108    5 21     8   0        0   472717  -472717.     687.5    -687.5
             8  3108    6 22     8   0        0   359875  -359875.     599.9    -599.9
             8  3108    7 23     8   0        0   430089  -430089.     655.8    -655.8
             8  3108    8 24     8   0        0   574652  -574652.     758.1    -758.1
             8  3108    9 25     8   0        0   550058  -550058.     741.7    -741.7
             8  3108   10 26     8   0        0   468685  -468685.     684.6    -684.6
             8  3108   11 27     8   0        0   470978  -470978.     686.3    -686.3
             8  3108   12 28     8   0        0   424064  -424064.     651.2    -651.2
             8  3108   13 29     8   0        0   397418  -397418.     630.4    -630.4
             8  3108   14 30     8   0        0   352460  -352460.     593.7    -593.7
             8  3108   15 31     8   0        0   329591  -329591.     574.1    -574.1
 
 >>Cream    13  3113    0 16    13   0       13        4        9.       4.1       2.2
            13  3113    1 17    13   0    98393       48    98345.     313.8     313.4
            13  3113    2 18    13   0   415319   395602    19717.     900.5      21.9
            13  3113    3 19    13   0   671418   375695   295723.    1023.3     289.0
            13  3113    4 20    13   0   332765   335584    -2819.     817.5      -3.4
            13  3113    5 21    13   0   342076   281463    60613.     789.6      76.8
            13  3113    6 22    13   0   361025   231258   129767.     769.6     168.6
            13  3113    7 23    13   0       27   197666  -197639.     444.6    -444.5
            13  3113    8 24    13   0   436979   271138   165841.     841.5     197.1
            13  3113    9 25    13   0   157300   182470   -25170.     582.9     -43.2
            13  3113   10 26    13   0   247381   243018     4363.     700.3       6.2
            13  3113   11 27    13   0   141233   140320      913.     530.6       1.7
            13  3113   12 28    13   0   141514   160550   -19036.     549.6     -34.6
            13  3113   13 29    13   0   118688   119269     -581.     487.8      -1.2
            13  3113   14 30    13   0   179189   147143    32046.     571.3      56.1
            13  3113   15 31    13   0  2121628   108609  2013019.    1493.4    1347.9
 
 >>Cream    14  3114    0 16    14   0   564993   587188   -22195.    1073.4     -20.7
            14  3114    1 17    14   0   529401   539757   -10356.    1034.0     -10.0
            14  3114    2 18    14   0   801735   783004    18731.    1258.9      14.9
            14  3114    3 19    14   0   735086   729661     5425.    1210.3       4.5
            14  3114    4 20    14   0  1060890  1264704  -203814.    1525.0    -133.6
            14  3114    5 21    14   0  2405227  1177765  1227462.    1892.9     648.5
            14  3114    6 22    14   0  1253070  1090916   162154.    1531.0     105.9
            14  3114    7 23    14   0  1001385  1012387   -11002.    1419.1      -7.8
            14  3114    8 24    14   0  1258671  1032875   225796.    1513.8     149.2
            14  3114    9 25    14   0  1057744   978691    79053.    1427.0      55.4
            14  3114   10 26    14   0  1067365  1035852    31513.    1450.2      21.7
            14  3114   11 27    14   0  1013342   995709    17633.    1417.4      12.4
            14  3114   12 28    14   0   764370   729770    34600.    1222.4      28.3
            14  3114   13 29    14   0   680918   686866    -5948.    1169.5      -5.1
            14  3114   14 30    14   0   614847   582292    32555.    1094.1      29.8
            14  3114   15 31    14   0   574479   497176    77303.    1035.2      74.7
 
 >>Cream    15  3115    0 16    15   0        1        0        1.       1.0       1.0
            15  3115    1 17    15   0       10        8        2.       4.2       0.5
            15  3115    2 18    15   0   121038   209761   -88723.     575.2    -154.3
            15  3115    3 19    15   0   141805   149580    -7775.     539.8     -14.4
            15  3115    4 20    15   0   137129   202804   -65675.     583.0    -112.6
            15  3115    5 21    15   0   127835   147985   -20150.     525.2     -38.4
            15  3115    6 22    15   0   170803   200603   -29800.     609.4     -48.9
            15  3115    7 23    15   0   245597   180642    64955.     652.9      99.5
            15  3115    8 24    15   0   209625   222135   -12510.     657.1     -19.0
            15  3115    9 25    15   0   173294   218522   -45228.     626.0     -72.3
            15  3115   10 26    15   0   321343   303703    17640.     790.6      22.3
            15  3115   11 27    15   0  1207763   257221   950542.    1210.4     785.3
            15  3115   12 28    15   0   347981   341474     6507.     830.3       7.8
            15  3115   13 29    15   0   297337   316768   -19431.     783.6     -24.8
            15  3115   14 30    15   0   538453   438037   100416.     988.2     101.6
            15  3115   15 31    15   0   384165   410214   -26049.     891.3     -29.2
 
 >>Cream    16  3116    0 16    16   0   282225        0   282225.     531.2     531.2
            16  3116    1 17    16   0        0        0        0.       0.0       0.0
            16  3116    2 18    16   0   237892        0   237892.     487.7     487.7
            16  3116    3 19    16   0        0        0        0.       0.0       0.0
            16  3116    4 20    16   0   304329        0   304329.     551.7     551.7
            16  3116    5 21    16   0        0        0        0.       0.0       0.0
            16  3116    6 22    16   0   272539        0   272539.     522.1     522.1
            16  3116    7 23    16   0        0        0        0.       0.0       0.0
            16  3116    8 24    16   0  1150392        0  1150392.    1072.6    1072.6
            16  3116    9 25    16   0        0        0        0.       0.0       0.0
            16  3116   10 26    16   0  2866425        0  2866425.    1693.1    1693.1
            16  3116   11 27    16   0        0        0        0.       0.0       0.0
            16  3116   12 28    16   0   953527        0   953527.     976.5     976.5
            16  3116   13 29    16   0        0        0        0.       0.0       0.0
            16  3116   14 30    16   0   768561        0   768561.     876.7     876.7
            16  3116   15 31    16   0        0        0        0.       0.0       0.0
CROCEND
