## Shower Profile Array
## Initialize shower profile array
## Called by Efrac. 
# NEBin=5        NDBin=120
# Energy index, (Radial distance)/(Max Distance) index , Energy fraction that is released by a cluster of energy E at a distance D
#
1 1 0.378827
1 2 0.377036
1 3 0.358761
1 4 0.315450
1 5 0.267165
1 6 0.195020
1 7 0.136000
1 8 0.095778
1 9 0.069846
1 10 0.052237
1 11 0.040718
1 12 0.032560
1 13 0.026032
1 14 0.021034
1 15 0.017311
1 16 0.014989
1 17 0.012750
1 18 0.010973
1 19 0.009256
1 20 0.008210
1 21 0.007211
1 22 0.006147
1 23 0.005467
1 24 0.004829
1 25 0.004361
1 26 0.003928
1 27 0.003564
1 28 0.003293
1 29 0.002999
1 30 0.002667
1 31 0.002401
1 32 0.002298
1 33 0.002049
1 34 0.001913
1 35 0.001786
1 36 0.001695
1 37 0.001579
1 38 0.001433
1 39 0.001403
1 40 0.001272
1 41 0.001217
1 42 0.001091
1 43 0.001044
1 44 0.001055
1 45 0.000938
1 46 0.000894
1 47 0.000848
1 48 0.000810
1 49 0.000773
1 50 0.000706
1 51 0.000655
1 52 0.000657
1 53 0.000620
1 54 0.000585
1 55 0.000541
1 56 0.000518
1 57 0.000506
1 58 0.000479
1 59 0.000455
1 60 0.000431
1 61 0.000405
1 62 0.000400
1 63 0.000377
1 64 0.000358
1 65 0.000338
1 66 0.000331
1 67 0.000313
1 68 0.000305
1 69 0.000282
1 70 0.000263
1 71 0.000270
1 72 0.000254
1 73 0.000237
1 74 0.000235
1 75 0.000223
1 76 0.000225
1 77 0.000210
1 78 0.000203
1 79 0.000192
1 80 0.000181
1 81 0.000175
1 82 0.000168
1 83 0.000164
1 84 0.000157
1 85 0.000147
1 86 0.000142
1 87 0.000146
1 88 0.000136
1 89 0.000125
1 90 0.000131
1 91 0.000120
1 92 0.000111
1 93 0.000115
1 94 0.000107
1 95 0.000103
1 96 0.000103
1 97 0.000098
1 98 0.000096
1 99 0.000091
1 100 0.000083
1 101 0.000086
1 102 0.000079
1 103 0.000080
1 104 0.000074
1 105 0.000074
1 106 0.000071
1 107 0.000067
1 108 0.000066
1 109 0.000064
1 110 0.000062
1 111 0.000061
1 112 0.000059
1 113 0.000056
1 114 0.000055
1 115 0.000055
1 116 0.000052
1 117 0.000052
1 118 0.000048
1 119 0.000049
1 120 0.000044
2 1 0.396067
2 2 0.389678
2 3 0.364202
2 4 0.326276
2 5 0.271005
2 6 0.205248
2 7 0.139566
2 8 0.095598
2 9 0.069204
2 10 0.052209
2 11 0.040183
2 12 0.031524
2 13 0.026170
2 14 0.020942
2 15 0.017466
2 16 0.014622
2 17 0.012258
2 18 0.010584
2 19 0.009183
2 20 0.007906
2 21 0.006906
2 22 0.006099
2 23 0.005328
2 24 0.004945
2 25 0.004301
2 26 0.003942
2 27 0.003517
2 28 0.003116
2 29 0.002905
2 30 0.002643
2 31 0.002458
2 32 0.002266
2 33 0.002071
2 34 0.001914
2 35 0.001794
2 36 0.001646
2 37 0.001556
2 38 0.001430
2 39 0.001364
2 40 0.001276
2 41 0.001200
2 42 0.001134
2 43 0.001045
2 44 0.000984
2 45 0.000950
2 46 0.000891
2 47 0.000832
2 48 0.000794
2 49 0.000754
2 50 0.000720
2 51 0.000684
2 52 0.000637
2 53 0.000599
2 54 0.000559
2 55 0.000550
2 56 0.000521
2 57 0.000494
2 58 0.000479
2 59 0.000451
2 60 0.000425
2 61 0.000414
2 62 0.000395
2 63 0.000381
2 64 0.000354
2 65 0.000342
2 66 0.000332
2 67 0.000305
2 68 0.000298
2 69 0.000291
2 70 0.000277
2 71 0.000266
2 72 0.000248
2 73 0.000244
2 74 0.000229
2 75 0.000225
2 76 0.000211
2 77 0.000212
2 78 0.000198
2 79 0.000189
2 80 0.000184
2 81 0.000177
2 82 0.000167
2 83 0.000168
2 84 0.000155
2 85 0.000150
2 86 0.000147
2 87 0.000138
2 88 0.000136
2 89 0.000128
2 90 0.000124
2 91 0.000119
2 92 0.000113
2 93 0.000112
2 94 0.000106
2 95 0.000106
2 96 0.000102
2 97 0.000093
2 98 0.000091
2 99 0.000090
2 100 0.000087
2 101 0.000083
2 102 0.000081
2 103 0.000077
2 104 0.000076
2 105 0.000075
2 106 0.000071
2 107 0.000068
2 108 0.000064
2 109 0.000064
2 110 0.000061
2 111 0.000059
2 112 0.000056
2 113 0.000054
2 114 0.000054
2 115 0.000053
2 116 0.000051
2 117 0.000051
2 118 0.000049
2 119 0.000046
2 120 0.000045
3 1 0.394201
3 2 0.393743
3 3 0.366454
3 4 0.325474
3 5 0.278475
3 6 0.196172
3 7 0.141981
3 8 0.095255
3 9 0.069226
3 10 0.052384
3 11 0.040158
3 12 0.031777
3 13 0.025467
3 14 0.021123
3 15 0.017336
3 16 0.014680
3 17 0.012255
3 18 0.010720
3 19 0.009125
3 20 0.007906
3 21 0.006758
3 22 0.006117
3 23 0.005375
3 24 0.004825
3 25 0.004336
3 26 0.003892
3 27 0.003497
3 28 0.003211
3 29 0.002895
3 30 0.002632
3 31 0.002429
3 32 0.002285
3 33 0.002073
3 34 0.001927
3 35 0.001824
3 36 0.001687
3 37 0.001555
3 38 0.001443
3 39 0.001362
3 40 0.001255
3 41 0.001180
3 42 0.001136
3 43 0.001051
3 44 0.000995
3 45 0.000939
3 46 0.000881
3 47 0.000840
3 48 0.000788
3 49 0.000737
3 50 0.000714
3 51 0.000673
3 52 0.000624
3 53 0.000610
3 54 0.000565
3 55 0.000536
3 56 0.000522
3 57 0.000497
3 58 0.000467
3 59 0.000449
3 60 0.000421
3 61 0.000410
3 62 0.000389
3 63 0.000370
3 64 0.000352
3 65 0.000340
3 66 0.000320
3 67 0.000314
3 68 0.000292
3 69 0.000289
3 70 0.000274
3 71 0.000264
3 72 0.000255
3 73 0.000237
3 74 0.000227
3 75 0.000222
3 76 0.000216
3 77 0.000202
3 78 0.000195
3 79 0.000188
3 80 0.000185
3 81 0.000173
3 82 0.000167
3 83 0.000159
3 84 0.000158
3 85 0.000149
3 86 0.000146
3 87 0.000141
3 88 0.000133
3 89 0.000129
3 90 0.000126
3 91 0.000119
3 92 0.000113
3 93 0.000109
3 94 0.000107
3 95 0.000104
3 96 0.000101
3 97 0.000096
3 98 0.000094
3 99 0.000089
3 100 0.000089
3 101 0.000085
3 102 0.000080
3 103 0.000080
3 104 0.000075
3 105 0.000073
3 106 0.000071
3 107 0.000070
3 108 0.000066
3 109 0.000065
3 110 0.000061
3 111 0.000059
3 112 0.000058
3 113 0.000056
3 114 0.000054
3 115 0.000054
3 116 0.000051
3 117 0.000049
3 118 0.000047
3 119 0.000046
3 120 0.000044
4 1 0.401484
4 2 0.392441
4 3 0.369372
4 4 0.336254
4 5 0.276725
4 6 0.200815
4 7 0.137714
4 8 0.094554
4 9 0.069094
4 10 0.051520
4 11 0.040232
4 12 0.031693
4 13 0.025811
4 14 0.020761
4 15 0.017251
4 16 0.014537
4 17 0.012128
4 18 0.010466
4 19 0.009035
4 20 0.007822
4 21 0.006956
4 22 0.006092
4 23 0.005375
4 24 0.004794
4 25 0.004306
4 26 0.003854
4 27 0.003530
4 28 0.003140
4 29 0.002908
4 30 0.002662
4 31 0.002440
4 32 0.002251
4 33 0.002117
4 34 0.001930
4 35 0.001789
4 36 0.001669
4 37 0.001575
4 38 0.001446
4 39 0.001355
4 40 0.001264
4 41 0.001181
4 42 0.001125
4 43 0.001051
4 44 0.000984
4 45 0.000935
4 46 0.000883
4 47 0.000837
4 48 0.000790
4 49 0.000745
4 50 0.000701
4 51 0.000681
4 52 0.000637
4 53 0.000610
4 54 0.000581
4 55 0.000550
4 56 0.000520
4 57 0.000493
4 58 0.000470
4 59 0.000450
4 60 0.000429
4 61 0.000407
4 62 0.000392
4 63 0.000374
4 64 0.000357
4 65 0.000341
4 66 0.000326
4 67 0.000307
4 68 0.000300
4 69 0.000288
4 70 0.000275
4 71 0.000265
4 72 0.000250
4 73 0.000242
4 74 0.000239
4 75 0.000223
4 76 0.000217
4 77 0.000204
4 78 0.000197
4 79 0.000189
4 80 0.000182
4 81 0.000180
4 82 0.000168
4 83 0.000164
4 84 0.000153
4 85 0.000147
4 86 0.000144
4 87 0.000137
4 88 0.000134
4 89 0.000129
4 90 0.000123
4 91 0.000119
4 92 0.000117
4 93 0.000110
4 94 0.000106
4 95 0.000105
4 96 0.000098
4 97 0.000096
4 98 0.000094
4 99 0.000092
4 100 0.000084
4 101 0.000085
4 102 0.000080
4 103 0.000077
4 104 0.000076
4 105 0.000073
4 106 0.000070
4 107 0.000070
4 108 0.000068
4 109 0.000065
4 110 0.000060
4 111 0.000061
4 112 0.000058
4 113 0.000055
4 114 0.000055
4 115 0.000052
4 116 0.000049
4 117 0.000049
4 118 0.000047
4 119 0.000045
4 120 0.000044
5 1 0.400362
5 2 0.392871
5 3 0.370629
5 4 0.334484
5 5 0.277036
5 6 0.201738
5 7 0.138497
5 8 0.096808
5 9 0.068208
5 10 0.051224
5 11 0.039831
5 12 0.031669
5 13 0.025360
5 14 0.020826
5 15 0.017357
5 16 0.014624
5 17 0.012311
5 18 0.010534
5 19 0.009006
5 20 0.007815
5 21 0.006858
5 22 0.006045
5 23 0.005347
5 24 0.004828
5 25 0.004324
5 26 0.003913
5 27 0.003488
5 28 0.003166
5 29 0.002904
5 30 0.002678
5 31 0.002459
5 32 0.002235
5 33 0.002073
5 34 0.001919
5 35 0.001793
5 36 0.001663
5 37 0.001551
5 38 0.001440
5 39 0.001347
5 40 0.001260
5 41 0.001184
5 42 0.001116
5 43 0.001047
5 44 0.000993
5 45 0.000938
5 46 0.000882
5 47 0.000835
5 48 0.000781
5 49 0.000743
5 50 0.000707
5 51 0.000669
5 52 0.000635
5 53 0.000602
5 54 0.000583
5 55 0.000548
5 56 0.000522
5 57 0.000494
5 58 0.000472
5 59 0.000446
5 60 0.000422
5 61 0.000408
5 62 0.000389
5 63 0.000376
5 64 0.000358
5 65 0.000343
5 66 0.000325
5 67 0.000310
5 68 0.000298
5 69 0.000286
5 70 0.000272
5 71 0.000262
5 72 0.000248
5 73 0.000241
5 74 0.000229
5 75 0.000224
5 76 0.000211
5 77 0.000204
5 78 0.000196
5 79 0.000188
5 80 0.000183
5 81 0.000174
5 82 0.000167
5 83 0.000162
5 84 0.000156
5 85 0.000149
5 86 0.000146
5 87 0.000139
5 88 0.000135
5 89 0.000129
5 90 0.000124
5 91 0.000119
5 92 0.000115
5 93 0.000112
5 94 0.000107
5 95 0.000104
5 96 0.000099
5 97 0.000096
5 98 0.000093
5 99 0.000090
5 100 0.000087
5 101 0.000084
5 102 0.000080
5 103 0.000077
5 104 0.000076
5 105 0.000073
5 106 0.000071
5 107 0.000069
5 108 0.000065
5 109 0.000064
5 110 0.000061
5 111 0.000058
5 112 0.000058
5 113 0.000056
5 114 0.000054
5 115 0.000053
5 116 0.000050
5 117 0.000049
5 118 0.000048
5 119 0.000046
5 120 0.000045
