  0.
  0.
  0.
  0.
  0.
  0.
  0.
  0.
  0.
  0.
  0.
  0.
  0.
  0.
  0.
  0.
  0.
  0.
  0.
  0.
  0.
  0.
  0.
  0.
  0.
  0.
  0.
  0.
  0.
  0.
  0.
  0.
  0.
  0.
  0.
  0.
  0.
  0.
  0.
  0.
  0.
  0.
  0.
  0.
  0.
  0.
  0.
  0.
  0.
  0.
  0.
  0.
  0.
  0.
  0.
  0.
  0.
  0.
  0.
  0.
  0.
  0.
  0.
  0.
  0.
  0.
  0.
  0.
  0.
  0.
  0.
  0.
  0.
  0.
  0.
  0.
  0.
  0.
  0.
  0.
  0.
  0.
  0.
  0.
  0.
  0.
  0.
  0.
  0.
  0.
  0.
  0.
  0.
  0.
  0.
  0.
  0.
  0.
  0.
  0.
  0.
  0.
  0.
  0.
  0.
  0.
  0.
  0.
  0.
  0.
  0.
  0.
  0.
  0.
  0.
  0.
  0.
  0.
  0.
  0.
  0.
  0.
  0.
  0.
  0.
  7.44023419E-05
  7.44023419E-05
  7.44023419E-05
  0.000148760344
  0.000223162686
  0.000371967384
  0.000446325372
  0.000595130085
  0.000818292785
  0.00104145543
  0.00133902044
  0.00171098788
  0.00215731328
  0.00267804088
  0.00327317114
  0.00409146398
  0.00498411478
  0.00602556998
  0.00721583003
  0.00870361086
  0.0104145985
  0.0123487497
  0.0145804211
  0.0171841029
  0.0203084704
  0.0238048043
  0.0278218649
  0.0322108492
  0.0370462053
  0.0422535241
  0.0480559319
  0.0543790683
  0.0613717362
  0.0691082925
  0.077663146
  0.086887531
  0.096855782
  0.107493542
  0.118726432
  0.130554453
  0.143126369
  0.156442165
  0.170501888
  0.185305491
  0.200927392
  0.217144415
  0.234105334
  0.251735777
  0.269961298
  0.288930774
  0.308420926
  0.328580618
  0.349261045
  0.370387793
  0.391886532
  0.413772047
  0.435925394
  0.458301902
  0.480856955
  0.50354594
  0.526324153
  0.54914701
  0.571984708
  0.59474808
  0.617362618
  0.639828384
  0.661996603
  0.683941662
  0.705440402
  0.726567149
  0.747173131
  0.767184079
  0.786674261
  0.805494905
  0.823646069
  0.841127753
  0.857791126
  0.873636127
  0.888662934
  0.902797043
  0.916038454
  0.928387225
  0.939768851
  0.950183451
  0.959631026
  0.968037069
  0.975550473
  0.982022405
  0.987452865
  0.991916299
  0.995412588
  0.997867465
  0.999355257
  0.999875963
  0.999429643
  0.998016238
  0.995710194
  0.992437005
  0.988271117
  0.98321259
  0.977335811
  0.970566332
  0.963052928
  0.954721272
  0.94564569
  0.935826242
  0.925262809
  0.914178729
  0.90242511
  0.890076339
  0.877206862
  0.863816679
  0.849980116
  0.835697234
  0.821042418
  0.80601567
  0.79061693
  0.774920642
  0.758926749
  0.742709756
  0.72634393
  0.709755003
  0.693017244
  0.676130712
  0.659169793
  0.642134488
  0.625099182
  0.608063877
  0.591102958
  0.574142039
  0.557329893
  0.540562391
  0.52380228
  0.507064581
  0.490408629
  0.473888099
  0.457558006
  0.441460013
  0.425629824
  0.41007486
  0.3948026
  0.379835337
  0.365106106
  0.350748837
  0.336689144
  0.322926998
  0.309536785
  0.296444148
  0.283649087
  0.271151543
  0.258951604
  0.247049198
  0.235518739
  0.224434629
  0.213648081
  0.203010306
  0.192521319
  0.182181105
  0.171989694
  0.162095815
  0.152573884
  0.143423915
  0.134645894
  0.126239821
  0.118205704
  0.110543549
  0.103104532
  0.0960375071
  0.0892680064
  0.082796067
  0.0766216889
  0.0707448795
  0.0651656315
  0.0598839559
  0.0547510348
  0.0499156825
  0.0452291332
  0.0409145057
  0.0368974432
  0.0330291428
  0.0293096472
  0.0255157482
  0.0217218939
  0.017927995
  0.0142828999
  0.010786566
  0.00758779747
  0.00453778915
  0.00178534584
 -0.000743890414
 -0.00312436628
 -0.00520732161
 -0.00721583003
 -0.00914998073
 -0.0108609246
 -0.0125719123
 -0.0141340951
 -0.015621921
 -0.0169609413
 -0.0182999615
 -0.0194901768
 -0.0206060354
 -0.0216474906
 -0.0226145443
 -0.0235072393
 -0.0243999343
 -0.0251438245
 -0.0258133132
 -0.0264084432
 -0.0270035733
 -0.0275987033
 -0.0281194299
 -0.0285657551
 -0.0289377235
 -0.0293096472
 -0.0296072122
 -0.0299047772
 -0.0301279388
 -0.0303511024
 -0.0305743087
 -0.0307974722
 -0.0309462324
 -0.0310206339
 -0.031169394
 -0.0312437974
 -0.0313181989
 -0.0314669609
 -0.0315413624
 -0.0315413624
 -0.0316157639
 -0.0316901207
 -0.0316901207
 -0.0316901207
 -0.0316901207
 -0.0316901207
 -0.0316901207
 -0.0316901207
 -0.0316901207
 -0.0316901207
 -0.0316901207
 -0.0316901207
 -0.0316901207
 -0.0316157639
 -0.0316157639
 -0.0316157639
 -0.0316157639
 -0.0316157639
 -0.0316157639
 -0.0316157639
 -0.0316157639
 -0.0315413624
 -0.0315413624
 -0.0315413624
 -0.0315413624
 -0.0315413624
 -0.0315413624
 -0.0315413624
 -0.0315413624
 -0.0315413624
 -0.0315413624
 -0.0315413624
 -0.0315413624
 -0.0315413624
 -0.0316157639
 -0.0316157639
 -0.0316157639
 -0.0316157639
 -0.0316157639
 -0.0316157639
 -0.0316157639
 -0.0316157639
 -0.0316901207
 -0.0316901207
 -0.0317645259
 -0.0317645259
 -0.0317645259
 -0.0317645259
 -0.0318389274
 -0.0318389274
 -0.0319133289
 -0.0319876857
 -0.0319876857
 -0.0319876857
 -0.0320620909
 -0.0320620909
 -0.0321364924
 -0.0321364924
 -0.0322108492
 -0.0322108492
 -0.0322852507
 -0.0322852507
 -0.0322852507
 -0.0322852507
 -0.0323596559
 -0.0323596559
 -0.0324340574
 -0.0325084142
 -0.0325084142
 -0.0325828157
 -0.0325828157
 -0.0325828157
 -0.0325828157
 -0.0325828157
 -0.032657221
 -0.032657221
 -0.0327316225
 -0.0327316225
 -0.0328059793
 -0.0328059793
 -0.0328059793
 -0.0328059793
 -0.0328803807
 -0.0328803807
 -0.0328803807
 -0.032954786
 -0.032954786
 -0.032954786
 -0.032954786
 -0.032954786
 -0.032954786
 -0.032954786
 -0.0330291428
 -0.0331035443
 -0.0331779458
 -0.0331779458
 -0.033252351
 -0.033252351
 -0.0331779458
 -0.0331779458
 -0.0331779458
 -0.0331779458
 -0.0331779458
 -0.0331779458
 -0.0331779458
 -0.0331779458
 -0.0331779458
 -0.0331779458
 -0.033252351
 -0.033252351
 -0.033252351
 -0.033252351
 -0.033252351
 -0.0333267078
 -0.0333267078
 -0.0333267078
 -0.0333267078
 -0.0333267078
 -0.0333267078
 -0.0333267078
 -0.0333267078
 -0.0333267078
 -0.0333267078
 -0.0333267078
 -0.0333267078
 -0.0333267078
 -0.0333267078
 -0.0333267078
 -0.0333267078
 -0.0333267078
 -0.0333267078
 -0.0333267078
 -0.0333267078
 -0.0334011093
 -0.0334011093
 -0.0334011093
 -0.0334011093
 -0.0334011093
 -0.0334011093
 -0.0334011093
 -0.0334011093
 -0.0334011093
 -0.0334011093
 -0.0334011093
 -0.0334011093
 -0.0334011093
 -0.0334011093
 -0.0334011093
 -0.0334011093
 -0.0334011093
 -0.0334011093
 -0.0334011093
 -0.0334011093
 -0.0334011093
 -0.0334011093
 -0.0334011093
 -0.0334011093
 -0.0334011093
 -0.0334011093
 -0.0334011093
 -0.0334011093
 -0.0334011093
 -0.0334011093
 -0.0334011093
 -0.0334011093
 -0.0334011093
 -0.0334011093
 -0.0334011093
 -0.0334011093
 -0.0334011093
 -0.0334011093
 -0.0334011093
 -0.0334011093
 -0.0334011093
 -0.0334011093
 -0.0334011093
 -0.0334011093
 -0.0334011093
 -0.0334011093
 -0.0334011093
 -0.0334011093
 -0.0334011093
 -0.0334011093
 -0.0334011093
 -0.0334011093
 -0.0334011093
 -0.0334011093
 -0.0334011093
 -0.0334011093
 -0.0334011093
 -0.0334011093
 -0.0334011093
 -0.0334011093
 -0.0334011093
 -0.0334011093
 -0.0334011093
 -0.0334011093
 -0.0334011093
 -0.0334011093
 -0.0334011093
 -0.0334011093
 -0.0334011093
 -0.0334011093
 -0.0334011093
 -0.0334011093
 -0.0334011093
 -0.0334011093
 -0.0334011093
 -0.0334011093
 -0.0334011093
 -0.0334011093
 -0.0334011093
 -0.0334011093
 -0.0334011093
 -0.0334011093
 -0.0334011093
 -0.0334011093
 -0.0334011093
 -0.0334011093
 -0.0334011093
 -0.0334011093
 -0.0334011093
 -0.0334011093
 -0.0334011093
 -0.0334011093
 -0.0334011093
 -0.0334011093
 -0.0334011093
 -0.0334011093
 -0.0334011093
 -0.0334011093
 -0.0334011093
 -0.0334011093
 -0.0334011093
 -0.0334011093
 -0.0334011093
 -0.0334011093
 -0.0334011093
 -0.0334011093
 -0.0334011093
 -0.0334011093
 -0.0334011093
 -0.0334011093
 -0.0334011093
 -0.0334011093
 -0.0334011093
 -0.0334011093
 -0.0334011093
 -0.0334011093
 -0.0334011093
 -0.0334011093
 -0.0334011093
 -0.0334011093
 -0.0334011093
 -0.0334011093
 -0.0334011093
 -0.0334011093
 -0.0334011093
 -0.0334011093
 -0.0334011093
 -0.0334011093
 -0.0334011093
 -0.0334011093
 -0.0334011093
 -0.0334011093
 -0.0334011093
 -0.0334011093
 -0.0334011093
 -0.0333267078
 -0.0333267078
 -0.0333267078
 -0.0333267078
 -0.0333267078
 -0.0333267078
 -0.0333267078
 -0.0333267078
 -0.0333267078
 -0.0333267078
 -0.0333267078
 -0.0333267078
 -0.0333267078
 -0.0333267078
 -0.0333267078
 -0.0333267078
 -0.0333267078
 -0.0333267078
 -0.0333267078
 -0.0333267078
 -0.0333267078
 -0.0333267078
 -0.0333267078
 -0.0333267078
 -0.0333267078
 -0.0333267078
 -0.0333267078
 -0.0333267078
 -0.0333267078
 -0.0333267078
 -0.0333267078
 -0.0333267078
 -0.0333267078
 -0.0333267078
 -0.0333267078
 -0.0333267078
 -0.0333267078
 -0.0333267078
 -0.0333267078
 -0.0333267078
 -0.0333267078
 -0.0333267078
 -0.0333267078
 -0.0333267078
 -0.0333267078
 -0.0333267078
 -0.0333267078
 -0.0333267078
 -0.0333267078
 -0.0333267078
 -0.0333267078
 -0.0333267078
 -0.0333267078
 -0.0333267078
 -0.0333267078
 -0.0333267078
 -0.0333267078
 -0.0333267078
 -0.0333267078
 -0.0333267078
 -0.0333267078
 -0.0333267078
 -0.0333267078
 -0.0333267078
 -0.0333267078
 -0.0333267078
 -0.0333267078
 -0.0333267078
 -0.0333267078
 -0.0333267078
 -0.0333267078
 -0.0333267078
 -0.0333267078
 -0.0333267078
 -0.0333267078
 -0.0333267078
 -0.0333267078
 -0.0333267078
 -0.0333267078
 -0.0333267078
 -0.0333267078
 -0.0333267078
 -0.0333267078
 -0.0333267078
 -0.0333267078
 -0.0333267078
 -0.0333267078
 -0.0333267078
 -0.0333267078
 -0.0333267078
 -0.0333267078
 -0.0333267078
 -0.0333267078
 -0.0333267078
 -0.0333267078
 -0.0333267078
 -0.0333267078
 -0.0333267078
 -0.0333267078
 -0.0333267078
 -0.0333267078
 -0.0333267078
 -0.0333267078
 -0.0333267078
 -0.0333267078
 -0.0333267078
 -0.0333267078
 -0.0333267078
 -0.0333267078
 -0.0333267078
 -0.0333267078
 -0.0333267078
 -0.0333267078
 -0.0333267078
 -0.0333267078
 -0.0333267078
 -0.0333267078
 -0.0333267078
 -0.0333267078
 -0.0333267078
 -0.0333267078
 -0.0333267078
 -0.0333267078
 -0.0333267078
 -0.0333267078
 -0.0333267078
 -0.0333267078
 -0.0333267078
 -0.0333267078
 -0.0333267078
 -0.0333267078
 -0.0333267078
 -0.0333267078
 -0.0333267078
 -0.0333267078
 -0.0333267078
 -0.0333267078
 -0.0333267078
 -0.0333267078
 -0.0333267078
 -0.0333267078
 -0.0333267078
 -0.0333267078
 -0.0333267078
 -0.0333267078
 -0.0333267078
 -0.0333267078
 -0.0333267078
 -0.0333267078
 -0.0333267078
 -0.0333267078
 -0.0333267078
 -0.0333267078
 -0.0333267078
 -0.0333267078
 -0.0333267078
 -0.0333267078
 -0.0333267078
 -0.0333267078
 -0.0333267078
 -0.0333267078
 -0.0333267078
 -0.0333267078
 -0.0333267078
 -0.0333267078
 -0.0333267078
 -0.0333267078
 -0.0333267078
 -0.0333267078
 -0.0333267078
 -0.0333267078
 -0.0333267078
 -0.0333267078
 -0.0333267078
 -0.0333267078
 -0.0333267078
 -0.0333267078
 -0.0333267078
 -0.0333267078
 -0.0333267078
 -0.0333267078
 -0.0333267078
 -0.0333267078
 -0.0333267078
 -0.0333267078
 -0.0333267078
 -0.0333267078
 -0.0333267078
 -0.0333267078
 -0.0333267078
 -0.0333267078
 -0.0333267078
 -0.0333267078
 -0.0333267078
 -0.0333267078
 -0.0333267078
 -0.0333267078
 -0.0333267078
 -0.0333267078
 -0.0333267078
 -0.0333267078
 -0.0333267078
 -0.0333267078
 -0.0333267078
 -0.0333267078
 -0.0333267078
 -0.0333267078
 -0.0333267078
 -0.0333267078
 -0.0333267078
 -0.0333267078
 -0.0333267078
 -0.0333267078
 -0.0333267078
 -0.0333267078
 -0.0333267078
 -0.0333267078
 -0.0333267078
 -0.0333267078
 -0.0333267078
 -0.0333267078
 -0.0333267078
 -0.0333267078
 -0.0333267078
 -0.0333267078
 -0.0333267078
 -0.0333267078
 -0.0333267078
 -0.0333267078
 -0.0333267078
 -0.0333267078
 -0.0333267078
 -0.0333267078
 -0.0333267078
 -0.0333267078
 -0.0333267078
 -0.0333267078
 -0.0333267078
 -0.0333267078
 -0.0333267078
 -0.0333267078
 -0.0333267078
 -0.0333267078
 -0.0333267078
 -0.0333267078
 -0.0333267078
 -0.0333267078
 -0.0333267078
 -0.0333267078
 -0.0333267078
 -0.0333267078
 -0.0333267078
 -0.0333267078
 -0.0333267078
 -0.0333267078
 -0.0333267078
 -0.0333267078
 -0.0333267078
 -0.0333267078
 -0.0333267078
 -0.0333267078
 -0.0333267078
 -0.0333267078
 -0.0333267078
 -0.0333267078
 -0.0333267078
 -0.0333267078
 -0.0333267078
 -0.0333267078
 -0.0333267078
 -0.0333267078
 -0.0333267078
 -0.0333267078
 -0.0333267078
 -0.0333267078
 -0.0333267078
 -0.0333267078
 -0.0333267078
 -0.0333267078
 -0.0333267078
 -0.0333267078
 -0.0333267078
 -0.0333267078
 -0.0333267078
 -0.0333267078
 -0.0333267078
 -0.0333267078
 -0.0333267078
 -0.0333267078
 -0.0333267078
 -0.0333267078
 -0.0333267078
 -0.0333267078
 -0.0333267078
 -0.0333267078
 -0.0333267078
 -0.0333267078
 -0.0333267078
 -0.0333267078
 -0.0333267078
 -0.0333267078
 -0.0333267078
 -0.0333267078
 -0.0333267078
 -0.0333267078
 -0.0333267078
 -0.0333267078
 -0.0333267078
 -0.0333267078
 -0.0333267078
 -0.0333267078
 -0.0333267078
 -0.0333267078
 -0.0333267078
 -0.0333267078
 -0.0333267078
 -0.0333267078
 -0.0333267078
 -0.0333267078
 -0.0333267078
 -0.0333267078
 -0.0333267078
 -0.0333267078
 -0.0333267078
 -0.0333267078
 -0.0333267078
 -0.0333267078
 -0.0333267078
 -0.0333267078
 -0.0333267078
 -0.0333267078
 -0.0333267078
 -0.0333267078
 -0.0333267078
 -0.0333267078
 -0.0333267078
 -0.0333267078
 -0.0333267078
 -0.0333267078
 -0.0333267078
 -0.0333267078
 -0.0333267078
 -0.0333267078
 -0.0333267078
 -0.0333267078
 -0.0333267078
 -0.0333267078
 -0.0333267078
 -0.0333267078
 -0.0333267078
 -0.0333267078
 -0.0333267078
 -0.0333267078
 -0.0333267078
 -0.0333267078
 -0.0333267078
 -0.0333267078
 -0.0333267078
 -0.0333267078
 -0.0333267078
 -0.0333267078
 -0.0333267078
 -0.0333267078
 -0.0333267078
 -0.0333267078
 -0.0333267078
 -0.0333267078
 -0.0333267078
 -0.0333267078
 -0.0333267078
 -0.0333267078
 -0.0333267078
 -0.0333267078
 -0.0333267078
 -0.0333267078
 -0.0333267078
 -0.0333267078
 -0.0333267078
 -0.0333267078
 -0.0333267078
 -0.0333267078
 -0.0333267078
 -0.0333267078
 -0.0333267078
 -0.0333267078
 -0.0333267078
 -0.0333267078
 -0.0333267078
 -0.0333267078
 -0.0333267078
 -0.0333267078
 -0.0333267078
 -0.0333267078
 -0.0333267078
 -0.0333267078
 -0.0333267078
 -0.0333267078
 -0.0333267078
 -0.0333267078
 -0.0333267078
 -0.0333267078
 -0.0333267078
 -0.0333267078
 -0.0333267078
 -0.0333267078
 -0.0333267078
 -0.0333267078
 -0.0333267078
 -0.0333267078
 -0.0333267078
 -0.0333267078
 -0.0333267078
 -0.0333267078
 -0.0333267078
 -0.0333267078
 -0.0333267078
 -0.0333267078
 -0.0333267078
 -0.0333267078
 -0.0333267078
 -0.0333267078
 -0.0333267078
 -0.0333267078
 -0.0333267078
 -0.0333267078
 -0.0333267078
 -0.0333267078
 -0.0333267078
 -0.0333267078
 -0.0333267078
 -0.0333267078
 -0.0333267078
 -0.0333267078
 -0.0333267078
 -0.0333267078
 -0.0333267078
 -0.0333267078
 -0.0333267078
 -0.0333267078
 -0.0333267078
 -0.0333267078
 -0.0333267078
 -0.0333267078
 -0.0333267078
 -0.0333267078
 -0.0333267078
 -0.0333267078
 -0.0333267078
 -0.0333267078
 -0.0333267078
 -0.0333267078
 -0.0333267078
 -0.0333267078
 -0.0333267078
 -0.0333267078
 -0.0333267078
 -0.0333267078
 -0.0333267078
 -0.0333267078
 -0.0333267078
 -0.0333267078
 -0.0333267078
 -0.0333267078
 -0.0333267078
 -0.0333267078
 -0.0333267078
 -0.0333267078
 -0.0333267078
 -0.0333267078
 -0.0333267078
 -0.0333267078
 -0.0333267078
 -0.0333267078
 -0.0333267078
 -0.0333267078
 -0.0333267078
 -0.0333267078
 -0.0333267078
 -0.0333267078
 -0.0333267078
 -0.0333267078
 -0.0333267078
 -0.0333267078
 -0.0333267078
 -0.0333267078
 -0.0333267078
 -0.0333267078
 -0.0333267078
 -0.0333267078
 -0.0333267078
 -0.0333267078
 -0.0333267078
 -0.0333267078
 -0.0333267078
 -0.0333267078
 -0.0333267078
 -0.0333267078
 -0.0333267078
 -0.0333267078
 -0.0333267078
 -0.0333267078
 -0.0333267078
 -0.0333267078
 -0.0333267078
 -0.0333267078
 -0.0333267078
 -0.0333267078
 -0.0333267078
 -0.0333267078
 -0.0333267078
 -0.0333267078
 -0.0333267078
 -0.0333267078
 -0.0333267078
 -0.0333267078
 -0.0333267078
 -0.0333267078
 -0.0333267078
 -0.0333267078
 -0.0333267078
 -0.0333267078
 -0.0333267078
 -0.0333267078
 -0.0333267078
 -0.0333267078
 -0.0333267078
 -0.0333267078
 -0.0333267078
 -0.0333267078
 -0.0333267078
 -0.0333267078
 -0.0333267078
 -0.0333267078
 -0.0333267078
 -0.0333267078
 -0.0333267078
 -0.0333267078
 -0.0333267078
 -0.0333267078
 -0.0333267078
 -0.0333267078
 -0.0333267078
 -0.0333267078
 -0.0333267078
 -0.0333267078
 -0.0333267078
 -0.0333267078
 -0.0333267078
 -0.0333267078
 -0.0333267078
 -0.0333267078
 -0.0333267078
 -0.0333267078
 -0.0333267078
 -0.0333267078
 -0.0333267078
 -0.0333267078
 -0.0333267078
 -0.0333267078
 -0.0333267078
 -0.0333267078
 -0.0333267078
 -0.0333267078
 -0.0333267078
 -0.0333267078
 -0.0333267078
 -0.0333267078
 -0.0333267078
 -0.0333267078
 -0.0333267078
 -0.0333267078
 -0.0333267078
 -0.0333267078
 -0.0333267078
 -0.0333267078
 -0.0333267078
 -0.0333267078
 -0.0333267078
 -0.0333267078
 -0.0333267078
 -0.0333267078
 -0.0333267078
 -0.0333267078
 -0.0333267078
 -0.0333267078
 -0.0333267078
 -0.0333267078
 -0.0333267078
 -0.0333267078
 -0.0333267078
 -0.0333267078
 -0.0333267078
 -0.0333267078
 -0.0333267078
 -0.0333267078
 -0.0333267078
 -0.0333267078
 -0.0333267078
 -0.0333267078
 -0.0333267078
 -0.0333267078
 -0.0333267078
 -0.0333267078
 -0.0333267078
 -0.0333267078
 -0.0333267078
 -0.0333267078
 -0.0333267078
 -0.0333267078
 -0.0333267078
 -0.0333267078
 -0.0333267078
 -0.0333267078
 -0.0333267078
 -0.0333267078
 -0.0333267078
 -0.0333267078
 -0.0333267078
 -0.0333267078
 -0.0333267078
 -0.0333267078
 -0.0333267078
 -0.0333267078
 -0.0333267078
 -0.0333267078
 -0.0333267078
 -0.0333267078
 -0.0333267078
 -0.0333267078
 -0.0333267078
 -0.0333267078
 -0.0333267078
 -0.0333267078
 -0.0333267078
 -0.0333267078
 -0.0333267078
 -0.0333267078
 -0.0333267078
 -0.0333267078
 -0.0333267078
 -0.0333267078
 -0.0333267078
 -0.0333267078
 -0.0333267078
 -0.0333267078
 -0.0333267078
 -0.0333267078
 -0.0333267078
 -0.0333267078
 -0.0333267078
 -0.0333267078
 -0.0333267078
 -0.0333267078
 -0.0333267078
 -0.0333267078
 -0.0333267078
 -0.0333267078
 -0.0333267078
 -0.0333267078
 -0.0333267078
 -0.0333267078
 -0.0333267078
 -0.0333267078
 -0.0333267078
 -0.0333267078
 -0.0333267078
 -0.0333267078
 -0.0333267078
 -0.0333267078
 -0.0333267078
 -0.0333267078
 -0.0333267078
 -0.0333267078
 -0.0333267078
 -0.0333267078
 -0.0333267078
 -0.0333267078
 -0.0333267078
 -0.0333267078
 -0.0333267078
 -0.0333267078
 -0.0333267078
 -0.0333267078
 -0.0333267078
 -0.0333267078
 -0.0333267078
 -0.0333267078
 -0.0333267078
 -0.0333267078
 -0.0333267078
 -0.0333267078
 -0.0333267078
 -0.0333267078
 -0.0333267078
 -0.0333267078
 -0.0333267078
 -0.0333267078
 -0.0333267078
 -0.0333267078
 -0.0333267078
 -0.0333267078
 -0.0333267078
 -0.0333267078
 -0.0333267078
 -0.0333267078
 -0.0333267078
 -0.0333267078
 -0.0333267078
 -0.0333267078
 -0.0333267078
 -0.0333267078
 -0.0333267078
 -0.0333267078
 -0.0333267078
 -0.0333267078
 -0.0333267078
 -0.0333267078
 -0.0333267078
 -0.0333267078
 -0.0333267078
 -0.0333267078
 -0.0333267078
 -0.0333267078
 -0.0333267078
 -0.0333267078
 -0.0333267078
 -0.0333267078
 -0.033252351
 -0.033252351
 -0.033252351
 -0.033252351
 -0.033252351
 -0.0333267078
 -0.0333267078
 -0.0333267078
 -0.0333267078
 -0.0333267078
 -0.033252351
 -0.033252351
 -0.033252351
 -0.033252351
 -0.033252351
 -0.033252351
 -0.033252351
 -0.033252351
 -0.033252351
 -0.033252351
 -0.033252351
 -0.033252351
 -0.033252351
 -0.033252351
 -0.033252351
 -0.033252351
 -0.033252351
 -0.033252351
 -0.033252351
 -0.033252351
 -0.033252351
 -0.033252351
 -0.033252351
 -0.033252351
 -0.033252351
 -0.033252351
 -0.033252351
 -0.033252351
 -0.033252351
 -0.033252351
 -0.033252351
 -0.033252351
 -0.033252351
 -0.033252351
 -0.033252351
 -0.033252351
 -0.033252351
 -0.033252351
 -0.033252351
 -0.033252351
 -0.033252351
 -0.033252351
 -0.033252351
 -0.033252351
 -0.033252351
 -0.033252351
 -0.033252351
 -0.033252351
 -0.033252351
 -0.033252351
 -0.033252351
 -0.033252351
 -0.033252351
 -0.033252351
 -0.033252351
 -0.033252351
 -0.033252351
 -0.033252351
 -0.033252351
 -0.033252351
 -0.033252351
 -0.033252351
 -0.033252351
 -0.033252351
 -0.033252351
 -0.033252351
 -0.033252351
 -0.033252351
 -0.033252351
 -0.033252351
 -0.033252351
 -0.033252351
 -0.033252351
 -0.033252351
 -0.033252351
 -0.033252351
 -0.033252351
 -0.033252351
 -0.033252351
 -0.033252351
 -0.033252351
 -0.033252351
 -0.033252351
 -0.033252351
 -0.033252351
 -0.033252351
 -0.033252351
 -0.033252351
 -0.033252351
 -0.033252351
 -0.033252351
 -0.033252351
 -0.033252351
 -0.033252351
 -0.033252351
 -0.033252351
 -0.033252351
 -0.033252351
 -0.033252351
 -0.033252351
 -0.033252351
 -0.033252351
 -0.033252351
 -0.033252351
 -0.033252351
 -0.033252351
 -0.033252351
 -0.033252351
 -0.033252351
 -0.033252351
 -0.033252351
 -0.033252351
 -0.033252351
 -0.033252351
 -0.033252351
 -0.033252351
 -0.033252351
 -0.033252351
 -0.033252351
 -0.033252351
 -0.033252351
 -0.033252351
 -0.033252351
 -0.033252351
 -0.033252351
 -0.033252351
 -0.033252351
 -0.033252351
 -0.033252351
 -0.033252351
 -0.033252351
 -0.033252351
 -0.033252351
 -0.033252351
 -0.033252351
 -0.033252351
 -0.033252351
 -0.033252351
 -0.033252351
 -0.033252351
 -0.033252351
 -0.033252351
 -0.033252351
 -0.033252351
 -0.033252351
 -0.033252351
 -0.033252351
 -0.033252351
 -0.033252351
 -0.033252351
 -0.033252351
 -0.033252351
 -0.033252351
 -0.033252351
 -0.033252351
 -0.033252351
 -0.033252351
 -0.033252351
 -0.033252351
 -0.033252351
 -0.033252351
 -0.033252351
 -0.033252351
 -0.033252351
 -0.033252351
 -0.033252351
 -0.033252351
 -0.033252351
 -0.033252351
 -0.033252351
 -0.033252351
 -0.033252351
 -0.033252351
 -0.033252351
 -0.033252351
 -0.033252351
 -0.033252351
 -0.033252351
 -0.033252351
 -0.033252351
 -0.033252351
 -0.033252351
 -0.033252351
 -0.033252351
 -0.033252351
 -0.033252351
 -0.033252351
 -0.033252351
 -0.033252351
 -0.033252351
 -0.033252351
 -0.033252351
 -0.033252351
 -0.033252351
 -0.033252351
 -0.033252351
 -0.033252351
 -0.033252351
 -0.033252351
 -0.033252351
 -0.033252351
 -0.033252351
 -0.033252351
 -0.033252351
 -0.033252351
 -0.033252351
 -0.033252351
 -0.033252351
 -0.033252351
 -0.033252351
 -0.033252351
 -0.033252351
 -0.033252351
 -0.033252351
 -0.033252351
 -0.033252351
 -0.0331779458
 -0.0331779458
 -0.0331779458
 -0.0331035443
 -0.0331035443
 -0.0331035443
 -0.0331035443
 -0.0331035443
 -0.0331035443
 -0.0331035443
 -0.0331035443
 -0.0331035443
 -0.0331035443
 -0.0331035443
 -0.0331035443
 -0.0331035443
 -0.0331035443
 -0.0331035443
 -0.0331035443
 -0.0331035443
 -0.0331035443
 -0.0331035443
 -0.0331035443
 -0.0331035443
 -0.0331035443
 -0.0331035443
 -0.0331035443
 -0.0331035443
 -0.0331035443
 -0.0331035443
 -0.0331035443
 -0.0331035443
 -0.0331035443
 -0.0331035443
 -0.0331035443
 -0.0331035443
 -0.0331035443
 -0.0331035443
 -0.0331035443
 -0.0331035443
 -0.0331035443
 -0.0331035443
 -0.0331035443
 -0.0331035443
 -0.0331035443
 -0.0331035443
 -0.0331035443
 -0.0331035443
 -0.0331035443
 -0.0331035443
 -0.0331035443
 -0.0331035443
 -0.0331035443
 -0.0331035443
 -0.0331035443
 -0.0331035443
 -0.0331035443
 -0.0331035443
 -0.0331035443
 -0.0331035443
 -0.0331035443
 -0.0331035443
 -0.0331035443
 -0.0331035443
 -0.0331035443
 -0.0331035443
 -0.0331035443
 -0.0331035443
 -0.0331035443
 -0.0331035443
 -0.0331035443
 -0.0331035443
 -0.0331035443
 -0.0331035443
 -0.0331035443
 -0.0331035443
 -0.0331035443
 -0.0331035443
 -0.0331035443
 -0.0331035443
 -0.0331035443
 -0.0331035443
 -0.0331035443
 -0.0331035443
 -0.0331035443
 -0.0331035443
 -0.0331035443
 -0.0331035443
 -0.0331035443
 -0.0331035443
 -0.0331035443
 -0.0331035443
 -0.0331035443
 -0.0331035443
 -0.0331035443
 -0.0331035443
 -0.0331035443
 -0.0331035443
 -0.0331035443
 -0.0331035443
 -0.0331035443
 -0.0331035443
 -0.0331035443
 -0.0331035443
 -0.0331035443
 -0.0331035443
 -0.0331035443
 -0.0331035443
 -0.0331035443
 -0.0331035443
 -0.0331035443
 -0.0331035443
 -0.0331035443
 -0.0331035443
 -0.0331035443
 -0.0331035443
 -0.0331035443
 -0.0331035443
 -0.0331035443
 -0.0331035443
 -0.0331035443
 -0.0331035443
 -0.0331035443
 -0.0331035443
 -0.0331035443
 -0.0331035443
 -0.0331035443
 -0.0331035443
 -0.0331035443
 -0.0331035443
 -0.0331035443
 -0.0331035443
 -0.0331035443
 -0.0331035443
 -0.0331035443
 -0.0331035443
 -0.0331035443
 -0.0331035443
 -0.0331035443
 -0.0331035443
 -0.0331035443
 -0.0331035443
 -0.0331035443
 -0.0331035443
 -0.0331035443
 -0.0331035443
 -0.0331035443
 -0.0331035443
 -0.0331035443
 -0.0331035443
 -0.0331035443
 -0.0331035443
 -0.0331035443
 -0.0331035443
 -0.0331035443
 -0.0331035443
 -0.0331035443
 -0.0331035443
 -0.0331035443
 -0.0331035443
 -0.0331035443
 -0.0331035443
 -0.0331035443
 -0.0331035443
 -0.0331035443
 -0.0331035443
 -0.0331035443
 -0.0331035443
 -0.0331035443
 -0.0331035443
 -0.0331035443
 -0.0331035443
 -0.0331035443
 -0.0331035443
 -0.0331035443
 -0.0331035443
 -0.0331035443
 -0.0331035443
 -0.0331035443
 -0.0331035443
 -0.0331035443
 -0.0331035443
 -0.0331035443
 -0.0331035443
 -0.0331035443
 -0.0331035443
 -0.0331035443
 -0.0331035443
 -0.0331035443
 -0.0331035443
 -0.0331035443
 -0.0331035443
 -0.0331035443
 -0.0331035443
 -0.0331035443
 -0.0331035443
 -0.0331035443
 -0.0331035443
 -0.0331035443
 -0.0331035443
 -0.0331035443
 -0.0331035443
 -0.0331035443
 -0.0331035443
 -0.0331035443
 -0.0331035443
 -0.0331035443
 -0.0331035443
 -0.0331035443
 -0.0331035443
 -0.0331035443
 -0.0331035443
 -0.0331035443
 -0.0331035443
 -0.0331035443
 -0.0331035443
 -0.0331035443
 -0.0331035443
 -0.0331035443
 -0.0331035443
 -0.0331035443
 -0.0331035443
 -0.0331035443
 -0.0331035443
 -0.0331035443
 -0.0331035443
 -0.0331035443
 -0.0331035443
 -0.0331035443
 -0.0331035443
 -0.0331035443
 -0.0331035443
 -0.0331035443
 -0.0331035443
 -0.0331035443
 -0.0331035443
 -0.0331035443
 -0.0331035443
 -0.0331035443
 -0.0331035443
 -0.0331035443
 -0.0331035443
 -0.0331035443
 -0.0331035443
 -0.0331035443
 -0.0331035443
 -0.0331035443
 -0.0331035443
 -0.0331035443
 -0.0331035443
 -0.0331035443
 -0.0331035443
 -0.0331035443
 -0.0331035443
 -0.0331035443
 -0.0331035443
 -0.0331035443
 -0.0331035443
 -0.0331035443
 -0.0331035443
 -0.0331035443
 -0.0331035443
 -0.0331035443
 -0.0331035443
 -0.0331035443
 -0.0331035443
 -0.0331035443
 -0.0331035443
 -0.0331035443
 -0.0331035443
 -0.0331035443
 -0.0331035443
 -0.0331035443
 -0.0331035443
 -0.0331035443
 -0.0331035443
 -0.0331035443
 -0.0331035443
 -0.0331035443
 -0.0331035443
 -0.0331035443
 -0.0331035443
 -0.0331035443
 -0.0331035443
 -0.0331035443
 -0.0331035443
 -0.0331035443
 -0.0331035443
 -0.0331035443
 -0.0331035443
 -0.0331035443
 -0.0331035443
 -0.0331035443
 -0.0331035443
 -0.0331035443
 -0.0331035443
 -0.0331035443
 -0.0331035443
 -0.0331035443
 -0.0331035443
 -0.0331035443
 -0.0331035443
 -0.0331035443
 -0.0331035443
 -0.0331035443
 -0.0331035443
 -0.0331035443
 -0.0331035443
 -0.0331035443
 -0.0331035443
 -0.0331035443
 -0.0331035443
 -0.0331035443
 -0.0331035443
 -0.0331035443
 -0.0331035443
 -0.0331035443
 -0.0331035443
 -0.0331035443
 -0.0331035443
 -0.0331035443
 -0.0331035443
 -0.0331035443
 -0.0331035443
 -0.0331035443
 -0.0331035443
 -0.0331035443
 -0.0331035443
 -0.0331035443
 -0.0331035443
 -0.0331035443
 -0.0331035443
 -0.0331035443
 -0.0331035443
 -0.0331035443
 -0.0331035443
 -0.0331779458
 -0.0331779458
 -0.0331779458
 -0.0331779458
 -0.0331779458
 -0.0331779458
 -0.0331779458
 -0.0331779458
 -0.0331779458
 -0.0331779458
 -0.0331779458
 -0.0331779458
 -0.0331779458
 -0.0331779458
 -0.0331779458
 -0.0331779458
 -0.0331779458
 -0.0331779458
 -0.0331779458
 -0.0331779458
 -0.0331779458
 -0.0331779458
 -0.0331779458
 -0.0331779458
 -0.0331779458
 -0.0331779458
 -0.0331779458
 -0.0331779458
 -0.0331779458
 -0.0331779458
 -0.0331779458
 -0.0331779458
 -0.0331779458
 -0.0331779458
 -0.0331779458
 -0.0331779458
 -0.0331779458
 -0.0331779458
 -0.0331779458
 -0.0331779458
 -0.0331779458
 -0.0331779458
 -0.0331779458
 -0.0331779458
 -0.0331779458
 -0.0331779458
 -0.0331779458
 -0.0331779458
 -0.0331779458
 -0.0331779458
 -0.0331779458
 -0.0331779458
 -0.0331779458
 -0.0331779458
 -0.0331779458
 -0.0331779458
 -0.0331779458
 -0.0331779458
 -0.0331779458
 -0.0331779458
 -0.0331779458
 -0.0331779458
 -0.0331779458
 -0.0331779458
 -0.0331779458
 -0.0331779458
 -0.0331779458
 -0.0331779458
 -0.0331779458
 -0.0331779458
 -0.0331779458
 -0.0331779458
 -0.0331779458
 -0.0331779458
 -0.0331779458
 -0.0331779458
 -0.0331779458
 -0.0331779458
 -0.0331779458
 -0.0331779458
 -0.0331779458
 -0.0331779458
 -0.0331779458
 -0.0331779458
 -0.0331779458
 -0.0331779458
 -0.0331779458
 -0.0331779458
 -0.0331779458
 -0.0331779458
 -0.0331779458
 -0.0331779458
 -0.0331779458
 -0.0331779458
 -0.0331779458
 -0.0331779458
 -0.0331779458
 -0.0331779458
 -0.0331779458
 -0.0331779458
 -0.0331779458
 -0.0331779458
 -0.0331779458
 -0.0331779458
 -0.0331779458
 -0.0331779458
 -0.0331779458
 -0.0331779458
 -0.0331779458
 -0.0331779458
 -0.0331779458
 -0.0331779458
 -0.0331779458
 -0.0331779458
 -0.0331779458
 -0.0331779458
 -0.0331779458
 -0.0331779458
 -0.0331779458
 -0.0331779458
 -0.0331779458
 -0.0331779458
 -0.0331779458
 -0.0331779458
 -0.0331779458
 -0.0331779458
 -0.0331779458
 -0.0331779458
 -0.0331779458
 -0.0331779458
 -0.0331779458
 -0.0331779458
 -0.0331779458
 -0.0331779458
 -0.0331779458
 -0.0331779458
 -0.0331779458
 -0.0331779458
 -0.0331779458
 -0.0331779458
 -0.0331779458
 -0.0331779458
 -0.0331779458
 -0.0331779458
 -0.0331779458
 -0.0331779458
 -0.0331779458
 -0.0331779458
 -0.0331779458
 -0.0331779458
 -0.0331779458
 -0.0331779458
 -0.0331779458
 -0.0331779458
 -0.0331779458
 -0.0331779458
 -0.0331779458
 -0.0331779458
 -0.0331779458
 -0.0331779458
 -0.0331779458
 -0.0331779458
 -0.0331779458
 -0.0331779458
 -0.0331779458
 -0.0331779458
 -0.0331779458
 -0.0331779458
 -0.0331779458
 -0.0331779458
 -0.0331779458
 -0.0331779458
 -0.0331779458
 -0.0331779458
 -0.0331779458
 -0.0331779458
 -0.0331779458
 -0.0331779458
 -0.0331779458
 -0.0331779458
 -0.0331779458
 -0.0331779458
 -0.0331779458
 -0.0331779458
 -0.0331779458
 -0.0331779458
 -0.0331779458
 -0.0331779458
 -0.0331779458
 -0.0331779458
 -0.0331779458
 -0.0331779458
 -0.0331779458
 -0.0331779458
 -0.0331779458
 -0.0331779458
 -0.0331779458
 -0.0331779458
 -0.0331779458
 -0.0331779458
 -0.0331779458
 -0.0331779458
 -0.0331779458
 -0.0331779458
 -0.0331779458
 -0.0331779458
 -0.0331779458
 -0.0331779458
 -0.0331779458
 -0.0331779458
 -0.0331779458
 -0.0331779458
 -0.0331779458
 -0.0331779458
 -0.0331779458
 -0.0331779458
 -0.0331779458
 -0.0331779458
 -0.0331779458
 -0.0331779458
 -0.0331779458
 -0.0331779458
 -0.0331779458
 -0.0331779458
 -0.0331779458
 -0.0331779458
 -0.0331779458
 -0.0331779458
 -0.0331779458
 -0.0331779458
 -0.0331779458
 -0.0331779458
 -0.0331779458
 -0.0331779458
 -0.0331779458
 -0.0331779458
 -0.0331779458
 -0.0331779458
 -0.0331779458
 -0.0331779458
 -0.0331779458
 -0.0331779458
 -0.0331779458
 -0.0331779458
 -0.0331779458
 -0.0331779458
 -0.0331779458
 -0.0331779458
 -0.0331779458
 -0.0331779458
 -0.0331779458
 -0.0331779458
 -0.0331779458
 -0.0331779458
 -0.0331779458
 -0.0331779458
 -0.0331779458
 -0.0331779458
 -0.0331779458
 -0.0331779458
 -0.0331779458
 -0.0331779458
 -0.0331779458
 -0.0331779458
 -0.0331779458
 -0.0331779458
 -0.0331779458
 -0.0331779458
 -0.0331779458
 -0.0331779458
 -0.0331779458
 -0.0331779458
 -0.0331779458
 -0.0331779458
 -0.0331779458
 -0.0331779458
 -0.0331779458
 -0.0331779458
 -0.0331779458
 -0.0331779458
 -0.0331779458
 -0.0331779458
 -0.0331779458
 -0.0331779458
 -0.0331779458
 -0.0331779458
 -0.0331779458
 -0.0331779458
 -0.0331779458
 -0.0331779458
 -0.0331779458
 -0.0331779458
 -0.0331779458
 -0.0331779458
 -0.0331779458
 -0.0331779458
 -0.0331779458
 -0.0331779458
 -0.0331779458
 -0.0331779458
 -0.0331779458
 -0.0331779458
 -0.0331779458
 -0.0331779458
 -0.0331779458
 -0.0331779458
 -0.0331779458
 -0.0331779458
 -0.0331779458
 -0.0331779458
 -0.0331779458
 -0.0331779458
 -0.0331779458
 -0.0331779458
 -0.0331779458
 -0.0331779458
 -0.0331779458
 -0.0331779458
 -0.0331779458
 -0.0331779458
 -0.0331779458
 -0.0331779458
 -0.0331779458
 -0.0331779458
 -0.0331779458
 -0.0331779458
 -0.0331779458
 -0.0331779458
 -0.0331779458
 -0.0331779458
 -0.0331779458
 -0.0331779458
 -0.0331779458
 -0.0331779458
 -0.0331779458
 -0.0331779458
 -0.0331779458
 -0.0331779458
 -0.0331779458
 -0.0331779458
 -0.0331779458
 -0.0331779458
 -0.0331779458
 -0.0331779458
 -0.0331779458
 -0.0331779458
 -0.0331779458
 -0.0331779458
 -0.0331779458
 -0.0331779458
 -0.0331779458
 -0.0331779458
 -0.0331779458
 -0.0331779458
 -0.0331779458
 -0.0331779458
 -0.0331035443
 -0.0331035443
 -0.0331035443
 -0.0331035443
 -0.0331035443
 -0.0331035443
 -0.0331035443
 -0.0331035443
 -0.0331035443
 -0.0331035443
 -0.0331035443
 -0.0331035443
 -0.0331035443
 -0.0331035443
 -0.0331035443
 -0.0331035443
 -0.0331035443
 -0.0331035443
 -0.0331035443
 -0.0331035443
 -0.0331035443
 -0.0331035443
 -0.0331035443
 -0.0331035443
 -0.0331035443
 -0.0331035443
 -0.0331035443
 -0.0331035443
 -0.0331035443
 -0.0331035443
 -0.0331035443
 -0.0331035443
 -0.0331035443
 -0.0331035443
 -0.0331035443
 -0.0331035443
 -0.0331035443
 -0.0331035443
 -0.0331035443
 -0.0331035443
 -0.0331035443
 -0.0331035443
 -0.0331035443
 -0.0331035443
 -0.0331035443
 -0.0331035443
 -0.0331035443
 -0.0331035443
 -0.0331035443
 -0.0331035443
 -0.0331035443
 -0.0331035443
 -0.0331035443
 -0.0331035443
 -0.0331035443
 -0.0331035443
 -0.0331035443
 -0.0331035443
 -0.0331035443
 -0.0331035443
 -0.0331035443
 -0.0331035443
 -0.0331035443
 -0.0330291428
 -0.0330291428
 -0.0331035443
 -0.0331035443
 -0.0331035443
 -0.0331035443
 -0.0331035443
 -0.0331035443
 -0.0331035443
 -0.0331035443
 -0.0331035443
 -0.0331035443
 -0.0331035443
 -0.0331035443
 -0.0331035443
 -0.0331035443
 -0.0331035443
 -0.0331035443
 -0.0331035443
 -0.0331035443
 -0.0331035443
 -0.0331035443
 -0.0331035443
 -0.0331035443
 -0.0331035443
 -0.0331035443
 -0.0331035443
 -0.0331035443
 -0.0331035443
 -0.0331035443
 -0.0331035443
 -0.0331035443
 -0.0331035443
 -0.0331035443
 -0.0331035443
 -0.0331035443
 -0.0331035443
 -0.0331035443
 -0.0331035443
 -0.0331035443
 -0.0331035443
 -0.0331035443
 -0.0331035443
 -0.0331035443
 -0.0331035443
 -0.0331035443
 -0.0331035443
 -0.0331035443
 -0.0331035443
 -0.0331035443
 -0.0331035443
 -0.0331035443
 -0.0331035443
 -0.0331035443
 -0.0331035443
 -0.0331035443
 -0.0331035443
 -0.0331035443
 -0.0331035443
 -0.0331035443
 -0.0331035443
 -0.0331035443
 -0.0331035443
 -0.0331035443
 -0.0331035443
 -0.0331035443
 -0.0331035443
 -0.0331035443
 -0.0331035443
 -0.0331035443
 -0.0331035443
 -0.0331035443
 -0.0331035443
 -0.0330291428
 -0.0330291428
 -0.0330291428
 -0.0330291428
 -0.0330291428
 -0.0330291428
 -0.0330291428
 -0.0330291428
 -0.0330291428
 -0.0330291428
 -0.0330291428
 -0.0330291428
 -0.0330291428
 -0.0330291428
 -0.0330291428
 -0.0330291428
 -0.0330291428
 -0.0330291428
 -0.0330291428
 -0.0330291428
 -0.0330291428
 -0.0330291428
 -0.0330291428
 -0.0330291428
 -0.0330291428
 -0.0330291428
 -0.0330291428
 -0.0330291428
 -0.0330291428
 -0.0330291428
 -0.0330291428
 -0.0330291428
 -0.0330291428
 -0.0330291428
 -0.0330291428
 -0.0330291428
 -0.0330291428
 -0.0330291428
 -0.0330291428
 -0.0330291428
 -0.0330291428
 -0.0330291428
 -0.0330291428
 -0.0330291428
 -0.0330291428
 -0.0330291428
 -0.0330291428
 -0.0330291428
 -0.0330291428
 -0.0330291428
 -0.0330291428
 -0.0330291428
 -0.0330291428
 -0.0330291428
 -0.0330291428
 -0.0330291428
 -0.0330291428
 -0.0330291428
 -0.0330291428
 -0.0330291428
 -0.0330291428
 -0.0330291428
 -0.0330291428
 -0.0330291428
 -0.0330291428
 -0.0330291428
 -0.0330291428
 -0.0330291428
 -0.032954786
 -0.032954786
 -0.032954786
 -0.032954786
 -0.032954786
 -0.032954786
 -0.032954786
 -0.032954786
 -0.032954786
 -0.032954786
 -0.032954786
 -0.032954786
 -0.032954786
 -0.032954786
 -0.032954786
 -0.032954786
 -0.032954786
 -0.032954786
 -0.032954786
 -0.032954786
 -0.032954786
 -0.032954786
 -0.032954786
 -0.032954786
 -0.032954786
 -0.032954786
 -0.032954786
 -0.032954786
 -0.032954786
 -0.032954786
 -0.032954786
 -0.032954786
 -0.032954786
 -0.032954786
 -0.032954786
 -0.032954786
 -0.032954786
 -0.032954786
 -0.032954786
 -0.032954786
 -0.032954786
 -0.032954786
 -0.032954786
 -0.032954786
 -0.032954786
 -0.032954786
 -0.032954786
 -0.032954786
 -0.032954786
 -0.032954786
 -0.032954786
 -0.032954786
 -0.032954786
 -0.032954786
 -0.032954786
 -0.032954786
 -0.032954786
 -0.032954786
 -0.032954786
 -0.032954786
 -0.032954786
 -0.032954786
 -0.032954786
 -0.032954786
 -0.032954786
 -0.032954786
 -0.032954786
 -0.032954786
 -0.032954786
 -0.032954786
 -0.032954786
 -0.032954786
 -0.032954786
 -0.032954786
 -0.032954786
 -0.032954786
 -0.032954786
 -0.032954786
 -0.032954786
 -0.032954786
 -0.032954786
 -0.032954786
 -0.032954786
 -0.032954786
 -0.032954786
 -0.032954786
 -0.032954786
 -0.032954786
 -0.032954786
 -0.032954786
 -0.032954786
 -0.032954786
 -0.032954786
 -0.032954786
 -0.032954786
 -0.032954786
 -0.032954786
 -0.032954786
 -0.032954786
 -0.032954786
 -0.032954786
 -0.032954786
 -0.032954786
 -0.032954786
 -0.032954786
 -0.032954786
 -0.032954786
 -0.032954786
 -0.032954786
 -0.032954786
 -0.032954786
 -0.032954786
 -0.032954786
 -0.032954786
 -0.032954786
 -0.032954786
 -0.032954786
 -0.032954786
 -0.032954786
 -0.032954786
 -0.032954786
 -0.032954786
 -0.032954786
 -0.032954786
 -0.032954786
 -0.032954786
 -0.032954786
 -0.032954786
 -0.032954786
 -0.032954786
 -0.032954786
 -0.032954786
 -0.032954786
 -0.032954786
 -0.032954786
 -0.032954786
 -0.032954786
 -0.032954786
 -0.032954786
 -0.032954786
 -0.032954786
 -0.032954786
 -0.032954786
 -0.032954786
 -0.032954786
 -0.032954786
 -0.032954786
 -0.032954786
 -0.032954786
 -0.032954786
 -0.032954786
 -0.032954786
 -0.032954786
 -0.032954786
 -0.032954786
 -0.032954786
 -0.032954786
 -0.032954786
 -0.032954786
 -0.032954786
 -0.032954786
 -0.032954786
 -0.032954786
 -0.032954786
 -0.032954786
 -0.032954786
 -0.032954786
 -0.032954786
 -0.032954786
 -0.032954786
 -0.032954786
 -0.032954786
 -0.032954786
 -0.032954786
 -0.032954786
 -0.0328803807
 -0.0328803807
 -0.0328803807
 -0.0328803807
 -0.0328059793
 -0.0328059793
 -0.0327316225
 -0.032657221
 -0.0325828157
 -0.0325828157
 -0.0325084142
 -0.0324340574
 -0.0323596559
 -0.0322852507
 -0.0322108492
 -0.0321364924
 -0.0319876857
 -0.0319133289
 -0.0317645259
 -0.0316157639
 -0.0313926004
 -0.031169394
 -0.0309462324
 -0.0307230689
 -0.0305743087
 -0.0304999072
 -0.0304999072
 -0.0304255038
 -0.0303511024
 -0.0301279388
 -0.0299791787
 -0.0296816137
 -0.0293840487
 -0.0290864836
 -0.0287889186
 -0.0284913536
 -0.0281938333
 -0.0278962683
 -0.0275987033
 -0.0273011383
 -0.0269291699
 -0.0266316049
 -0.0263340399
 -0.0259621181
 -0.0255901497
 -0.025218226
 -0.0248462595
 -0.0244742911
 -0.0241023693
 -0.0237304009
 -0.0233584791
 -0.0229121093
 -0.0225401856
 -0.0220938157
 -0.0217218939
 -0.021275524
 -0.020829197
 -0.0204572305
 -0.0200109053
 -0.0196389817
 -0.0191926118
 -0.0187462866
 -0.0183743201
 -0.017927995
 -0.0174816679
 -0.0171097014
 -0.0166633762
 -0.0162170064
 -0.0158450827
 -0.0153987138
 -0.0149523886
 -0.0145804211
 -0.0141340951
 -0.0137621723
 -0.0133902049
 -0.0130182374
 -0.0125719123
 -0.0121999448
 -0.0118280221
 -0.0114560546
 -0.011084131
 -0.010786566
 -0.0104145985
 -0.010042632
 -0.00967070833
 -0.00937314332
 -0.0090755783
 -0.00870361086
 -0.00840609055
 -0.00810852554
 -0.00781096052
 -0.00751339504
 -0.00721583003
 -0.00691826502
 -0.00669510243
 -0.00639753742
 -0.00609997241
 -0.00587680982
 -0.00565364724
 -0.00543048419
 -0.00520732161
 -0.00498411478
 -0.00476095174
 -0.00453778915
 -0.004389029
 -0.00416582171
 -0.00401706155
 -0.00379389874
 -0.00364509411
 -0.00342193153
 -0.00327317114
 -0.00312436628
 -0.00297560613
 -0.00282680127
 -0.00267804088
 -0.00252928073
 -0.00238047587
 -0.00223171571
 -0.00208291085
 -0.0020085529
 -0.00193415058
 -0.00185974827
 -0.00178534584
 -0.00163658557
 -0.00156218314
 -0.00148778083
 -0.00141342287
 -0.00133902044
 -0.00126461813
 -0.00119026017
 -0.00111585786
 -0.00104145543
 -0.000967053114
 -0.000967053114
 -0.000967053114
 -0.000892695098
 -0.000892695098
 -0.000818292785
 -0.000743890414
 -0.000669532397
 -0.000595130085
 -0.000595130085
 -0.000520727714
 -0.000520727714
 -0.000520727714
 -0.000520727714
 -0.000446325372
 -0.000446325372
 -0.000371967384
 -0.000371967384
 -0.000297565042
 -0.000297565042
 -0.000297565042
 -0.000371967384
 -0.000371967384
 -0.000371967384
 -0.000371967384
 -0.000297565042
 -0.000297565042
 -0.000223162686
 -0.000223162686
 -0.000148760344
 -0.000148760344
 -0.000148760344
 -0.000148760344
 -0.000148760344
 -0.000148760344
 -0.000148760344
 -0.000148760344
 -0.000148760344
 -0.000148760344
 -0.000148760344
 -0.000148760344
 -0.000148760344
 -0.000148760344
 -0.000148760344
 -0.000148760344
 -0.000148760344
 -0.000148760344
 -0.000148760344
 -0.000148760344
 -0.000148760344
 -0.000148760344
 -0.000148760344
 -0.000148760344
 -0.000148760344
 -0.000148760344
 -0.000148760344
 -0.000148760344
 -0.000148760344
 -0.000148760344
 -0.000148760344
 -0.000148760344
 -0.000148760344
 -0.000148760344
 -0.000148760344
 -0.000148760344
 -0.000148760344
 -0.000148760344
 -0.000148760344
 -0.000148760344
 -0.000148760344
 -0.000148760344
 -0.000148760344
 -0.000148760344
 -0.000148760344
 -0.000148760344
 -0.000148760344
 -0.000148760344
 -7.44023419E-05
 -7.44023419E-05
 -7.44023419E-05
 -7.44023419E-05
 -7.44023419E-05
 -7.44023419E-05
 -7.44023419E-05
 -7.44023419E-05
 -7.44023419E-05
 -7.44023419E-05
 -7.44023419E-05
 -7.44023419E-05
 -7.44023419E-05
 -7.44023419E-05
 -7.44023419E-05
 -7.44023419E-05
 -7.44023419E-05
 -7.44023419E-05
 -7.44023419E-05
 -7.44023419E-05
 -7.44023419E-05
 -7.44023419E-05
 -7.44023419E-05
 -7.44023419E-05
 -7.44023419E-05
 -7.44023419E-05
 -7.44023419E-05
 -7.44023419E-05
 -7.44023419E-05
 -7.44023419E-05
 -7.44023419E-05
 -7.44023419E-05
 -7.44023419E-05
 -7.44023419E-05
 -7.44023419E-05
 -7.44023419E-05
 -7.44023419E-05
 -7.44023419E-05
 -7.44023419E-05
 -7.44023419E-05
 -7.44023419E-05
 -7.44023419E-05
 -7.44023419E-05
 -7.44023419E-05
 -7.44023419E-05
 -7.44023419E-05
 -7.44023419E-05
 -7.44023419E-05
 -7.44023419E-05
 -7.44023419E-05
 -7.44023419E-05
 -7.44023419E-05
 -7.44023419E-05
 -7.44023419E-05
 -7.44023419E-05
 -7.44023419E-05
 -7.44023419E-05
 -7.44023419E-05
 -7.44023419E-05
 -7.44023419E-05
 -7.44023419E-05
 -7.44023419E-05
 -7.44023419E-05
 -7.44023419E-05
 -7.44023419E-05
 -7.44023419E-05
 -7.44023419E-05
 -7.44023419E-05
 -7.44023419E-05
 -7.44023419E-05
 -7.44023419E-05
 -7.44023419E-05
 -7.44023419E-05
 -7.44023419E-05
 -7.44023419E-05
 -7.44023419E-05
 -7.44023419E-05
 -7.44023419E-05
 -7.44023419E-05
 -7.44023419E-05
 -7.44023419E-05
 -7.44023419E-05
 -7.44023419E-05
 -7.44023419E-05
 -7.44023419E-05
 -7.44023419E-05
 -7.44023419E-05
 -7.44023419E-05
 -7.44023419E-05
 -7.44023419E-05
 -7.44023419E-05
 -7.44023419E-05
 -7.44023419E-05
 -7.44023419E-05
 -7.44023419E-05
 -7.44023419E-05
 -7.44023419E-05
 -7.44023419E-05
 -7.44023419E-05
 -7.44023419E-05
 -7.44023419E-05
 -7.44023419E-05
 -7.44023419E-05
 -7.44023419E-05
 -7.44023419E-05
 -7.44023419E-05
 -7.44023419E-05
 -7.44023419E-05
 -7.44023419E-05
 -7.44023419E-05
 -7.44023419E-05
 -7.44023419E-05
 -7.44023419E-05
 -7.44023419E-05
 -7.44023419E-05
 -7.44023419E-05
 -7.44023419E-05
 -7.44023419E-05
 -7.44023419E-05
 -7.44023419E-05
 -7.44023419E-05
 -7.44023419E-05
 -7.44023419E-05
 -7.44023419E-05
 -7.44023419E-05
 -7.44023419E-05
 -7.44023419E-05
 -7.44023419E-05
 -7.44023419E-05
 -7.44023419E-05
 -7.44023419E-05
 -7.44023419E-05
 -7.44023419E-05
 -7.44023419E-05
 -7.44023419E-05
 -7.44023419E-05
 -7.44023419E-05
 -7.44023419E-05
 -7.44023419E-05
 -7.44023419E-05
 -7.44023419E-05
 -7.44023419E-05
 -7.44023419E-05
 -7.44023419E-05
 -7.44023419E-05
