DIGFCONS   500  12     3    2015_03_08
*---  Made with calib-7 ( run 1587, 2015_02_23)
*---  This is the best calib run for the 2014 data
****  The third parameter on the first line (12) is the number of shapes
    1  -25      -0.214     0.154     0.925   -25.656   -25.512    20.880
    1  -24      -0.191     0.187     0.898   -25.722   -24.264    21.027
    1  -23      -0.168     0.219     0.872   -25.804   -23.024    21.155
    1  -22      -0.146     0.248     0.846   -25.897   -21.793    21.266
    1  -21      -0.124     0.276     0.821   -25.995   -20.568    21.359
    1  -20      -0.102     0.301     0.796   -26.095   -19.353    21.436
    1  -19      -0.080     0.325     0.772   -26.193   -18.147    21.498
    1  -18      -0.059     0.346     0.748   -26.284   -16.951    21.545
    1  -17      -0.037     0.366     0.725   -26.366   -15.768    21.580
    1  -16      -0.016     0.385     0.702   -26.437   -14.599    21.605
    1  -15       0.005     0.402     0.680   -26.495   -13.446    21.620
    1  -14       0.026     0.417     0.658   -26.539   -12.310    21.630
    1  -13       0.047     0.430     0.636   -26.568   -11.194    21.635
    1  -12       0.068     0.443     0.615   -26.584   -10.099    21.640
    1  -11       0.089     0.454     0.595   -26.588    -9.026    21.646
    1  -10       0.110     0.463     0.575   -26.579    -7.975    21.656
    1   -9       0.130     0.472     0.556   -26.561    -6.947    21.672
    1   -8       0.150     0.479     0.537   -26.535    -5.942    21.697
    1   -7       0.170     0.485     0.518   -26.503    -4.959    21.734
    1   -6       0.190     0.490     0.499   -26.468    -3.998    21.784
    1   -5       0.210     0.494     0.481   -26.432    -3.056    21.849
    1   -4       0.230     0.497     0.463   -26.397    -2.133    21.931
    1   -3       0.250     0.500     0.446   -26.365    -1.226    22.032
    1   -2       0.269     0.501     0.428   -26.338    -0.333    22.152
    1   -1       0.289     0.502     0.411   -26.318     0.549    22.293
    1    0       0.309     0.501     0.393   -26.307     1.421    22.455
    1    1       0.328     0.500     0.376   -26.305     2.286    22.640
    1    2       0.348     0.498     0.358   -26.315     3.148    22.846
    1    3       0.369     0.496     0.341   -26.337     4.010    23.076
    1    4       0.389     0.492     0.323   -26.372     4.873    23.328
    1    5       0.410     0.488     0.305   -26.421     5.741    23.603
    1    6       0.430     0.483     0.286   -26.484     6.616    23.901
    1    7       0.452     0.477     0.267   -26.560     7.501    24.221
    1    8       0.473     0.470     0.248   -26.652     8.400    24.563
    1    9       0.496     0.462     0.229   -26.757     9.314    24.927
    1   10       0.518     0.453     0.208   -26.877    10.245    25.312
    1   11       0.541     0.443     0.188   -27.010    11.197    25.718
    1   12       0.565     0.432     0.166   -27.157    12.172    26.144
    1   13       0.589     0.420     0.145   -27.316    13.171    26.589
    1   14       0.614     0.407     0.122   -27.488    14.196    27.054
    1   15       0.640     0.392     0.099   -27.672    15.250    27.537
    1   16       0.666     0.376     0.075   -27.866    16.335    28.039
    1   17       0.694     0.358     0.050   -28.070    17.451    28.559
    1   18       0.721     0.339     0.024   -28.284    18.600    29.097
    1   19       0.750     0.318    -0.002   -28.506    19.784    29.654
    1   20       0.779     0.296    -0.030   -28.735    21.004    30.228
    1   21       0.810     0.271    -0.058   -28.971    22.262    30.822
    1   22       0.841     0.245    -0.087   -29.212    23.557    31.435
    1   23       0.873     0.217    -0.118   -29.458    24.892    32.068
    1   24       0.906     0.187    -0.149   -29.708    26.266    32.723
    1   25       0.939     0.154    -0.182   -29.960    27.682    33.400
    2  -25      -0.219     0.160     0.920   -25.679   -25.018    20.423
    2  -24      -0.196     0.193     0.894   -25.771   -23.798    20.591
    2  -23      -0.174     0.223     0.868   -25.879   -22.583    20.739
    2  -22      -0.151     0.252     0.843   -25.997   -21.373    20.868
    2  -21      -0.130     0.279     0.819   -26.119   -20.168    20.978
    2  -20      -0.108     0.304     0.794   -26.243   -18.969    21.072
    2  -19      -0.086     0.327     0.771   -26.363   -17.777    21.149
    2  -18      -0.065     0.348     0.747   -26.476   -16.595    21.211
    2  -17      -0.044     0.368     0.724   -26.580   -15.423    21.259
    2  -16      -0.023     0.386     0.702   -26.672   -14.263    21.297
    2  -15      -0.001     0.402     0.680   -26.751   -13.118    21.326
    2  -14       0.019     0.417     0.659   -26.816   -11.990    21.348
    2  -13       0.040     0.430     0.638   -26.867   -10.880    21.366
    2  -12       0.061     0.442     0.617   -26.904    -9.790    21.383
    2  -11       0.082     0.453     0.597   -26.929    -8.720    21.402
    2  -10       0.102     0.462     0.578   -26.943    -7.672    21.425
    2   -9       0.122     0.470     0.559   -26.948    -6.647    21.455
    2   -8       0.142     0.477     0.540   -26.947    -5.643    21.494
    2   -7       0.162     0.483     0.522   -26.940    -4.660    21.544
    2   -6       0.182     0.488     0.504   -26.932    -3.697    21.609
    2   -5       0.202     0.492     0.486   -26.924    -2.754    21.690
    2   -4       0.221     0.495     0.469   -26.918    -1.827    21.788
    2   -3       0.241     0.497     0.451   -26.917    -0.916    21.906
    2   -2       0.261     0.499     0.434   -26.924    -0.017    22.044
    2   -1       0.280     0.499     0.417   -26.939     0.872    22.203
    2    0       0.300     0.499     0.400   -26.965     1.753    22.385
    2    1       0.320     0.497     0.383   -27.003     2.629    22.590
    2    2       0.339     0.495     0.366   -27.056     3.503    22.819
    2    3       0.360     0.493     0.349   -27.122     4.379    23.072
    2    4       0.380     0.489     0.331   -27.205     5.258    23.349
    2    5       0.401     0.485     0.313   -27.304     6.145    23.651
    2    6       0.422     0.480     0.295   -27.421     7.041    23.976
    2    7       0.443     0.473     0.277   -27.555     7.951    24.326
    2    8       0.465     0.466     0.258   -27.707     8.876    24.701
    2    9       0.488     0.458     0.239   -27.878     9.820    25.098
    2   10       0.511     0.449     0.219   -28.067    10.786    25.520
    2   11       0.534     0.439     0.199   -28.274    11.775    25.964
    2   12       0.558     0.428     0.178   -28.499    12.792    26.432
    2   13       0.583     0.415     0.156   -28.743    13.837    26.922
    2   14       0.609     0.402     0.134   -29.004    14.915    27.434
    2   15       0.635     0.387     0.111   -29.283    16.027    27.969
    2   16       0.662     0.370     0.087   -29.579    17.175    28.525
    2   17       0.690     0.352     0.063   -29.892    18.362    29.103
    2   18       0.719     0.332     0.037   -30.222    19.591    29.704
    2   19       0.749     0.311     0.011   -30.568    20.863    30.326
    2   20       0.780     0.288    -0.016   -30.930    22.181    30.972
    2   21       0.811     0.263    -0.044   -31.308    23.546    31.641
    2   22       0.844     0.235    -0.074   -31.701    24.961    32.334
    2   23       0.878     0.206    -0.104   -32.109    26.428    33.052
    2   24       0.913     0.174    -0.136   -32.532    27.949    33.798
    2   25       0.950     0.140    -0.168   -32.969    29.526    34.571
    3  -25      -0.219     0.161     0.919   -25.944   -24.975    20.629
    3  -24      -0.196     0.194     0.894   -26.037   -23.749    20.790
    3  -23      -0.174     0.224     0.868   -26.144   -22.529    20.931
    3  -22      -0.151     0.253     0.843   -26.261   -21.314    21.054
    3  -21      -0.130     0.279     0.818   -26.382   -20.105    21.159
    3  -20      -0.108     0.304     0.794   -26.503   -18.902    21.247
    3  -19      -0.086     0.327     0.770   -26.621   -17.708    21.319
    3  -18      -0.065     0.348     0.747   -26.731   -16.523    21.376
    3  -17      -0.044     0.367     0.724   -26.832   -15.349    21.421
    3  -16      -0.023     0.385     0.702   -26.921   -14.189    21.456
    3  -15      -0.002     0.401     0.680   -26.997   -13.043    21.482
    3  -14       0.019     0.416     0.659   -27.059   -11.915    21.502
    3  -13       0.040     0.429     0.638   -27.107   -10.806    21.519
    3  -12       0.061     0.441     0.617   -27.142    -9.717    21.535
    3  -11       0.081     0.452     0.597   -27.165    -8.649    21.553
    3  -10       0.102     0.461     0.578   -27.178    -7.603    21.577
    3   -9       0.122     0.469     0.559   -27.183    -6.579    21.608
    3   -8       0.142     0.476     0.540   -27.181    -5.578    21.648
    3   -7       0.162     0.482     0.522   -27.175    -4.597    21.702
    3   -6       0.181     0.486     0.504   -27.167    -3.637    21.769
    3   -5       0.201     0.490     0.486   -27.160    -2.695    21.853
    3   -4       0.221     0.493     0.469   -27.157    -1.771    21.955
    3   -3       0.240     0.495     0.452   -27.159    -0.861    22.076
    3   -2       0.260     0.497     0.435   -27.168     0.035    22.219
    3   -1       0.279     0.497     0.418   -27.187     0.922    22.383
    3    0       0.299     0.497     0.401   -27.218     1.802    22.570
    3    1       0.319     0.495     0.384   -27.261     2.677    22.781
    3    2       0.339     0.493     0.366   -27.318     3.550    23.015
    3    3       0.359     0.491     0.349   -27.390     4.425    23.274
    3    4       0.379     0.487     0.332   -27.479     5.304    23.557
    3    5       0.400     0.483     0.314   -27.585     6.190    23.865
    3    6       0.421     0.477     0.296   -27.709     7.087    24.198
    3    7       0.443     0.471     0.278   -27.850     7.996    24.555
    3    8       0.464     0.464     0.259   -28.011     8.922    24.937
    3    9       0.487     0.456     0.239   -28.190     9.867    25.342
    3   10       0.510     0.447     0.220   -28.388    10.833    25.772
    3   11       0.533     0.437     0.199   -28.605    11.824    26.225
    3   12       0.558     0.426     0.178   -28.841    12.843    26.701
    3   13       0.583     0.414     0.157   -29.095    13.891    27.200
    3   14       0.608     0.400     0.135   -29.368    14.971    27.721
    3   15       0.635     0.385     0.112   -29.660    16.086    28.265
    3   16       0.662     0.369     0.088   -29.969    17.239    28.832
    3   17       0.690     0.351     0.063   -30.297    18.431    29.420
    3   18       0.719     0.331     0.038   -30.642    19.665    30.031
    3   19       0.749     0.310     0.012   -31.004    20.943    30.665
    3   20       0.779     0.287    -0.015   -31.384    22.267    31.321
    3   21       0.811     0.262    -0.044   -31.780    23.641    32.001
    3   22       0.844     0.235    -0.073   -32.193    25.065    32.706
    3   23       0.878     0.206    -0.103   -32.622    26.543    33.437
    3   24       0.914     0.174    -0.135   -33.068    28.076    34.195
    3   25       0.950     0.140    -0.167   -33.529    29.667    34.981
    4  -25      -0.219     0.164     0.919   -26.351   -24.862    20.871
    4  -24      -0.196     0.196     0.893   -26.433   -23.635    21.025
    4  -23      -0.174     0.226     0.867   -26.528   -22.414    21.160
    4  -22      -0.151     0.254     0.842   -26.632   -21.199    21.277
    4  -21      -0.129     0.280     0.817   -26.741   -19.991    21.377
    4  -20      -0.108     0.304     0.793   -26.849   -18.790    21.461
    4  -19      -0.086     0.327     0.770   -26.954   -17.598    21.530
    4  -18      -0.064     0.348     0.746   -27.052   -16.417    21.585
    4  -17      -0.043     0.367     0.724   -27.140   -15.248    21.629
    4  -16      -0.022     0.384     0.701   -27.218   -14.093    21.663
    4  -15      -0.001     0.400     0.679   -27.283   -12.954    21.689
    4  -14       0.020     0.415     0.658   -27.336   -11.832    21.711
    4  -13       0.041     0.428     0.637   -27.375   -10.729    21.730
    4  -12       0.061     0.440     0.617   -27.403    -9.647    21.749
    4  -11       0.082     0.450     0.597   -27.420    -8.587    21.771
    4  -10       0.102     0.459     0.578   -27.428    -7.548    21.799
    4   -9       0.122     0.467     0.559   -27.428    -6.531    21.834
    4   -8       0.142     0.474     0.540   -27.423    -5.536    21.880
    4   -7       0.162     0.480     0.522   -27.415    -4.561    21.938
    4   -6       0.182     0.484     0.504   -27.406    -3.607    22.010
    4   -5       0.202     0.488     0.486   -27.398    -2.671    22.100
    4   -4       0.221     0.491     0.469   -27.395    -1.751    22.207
    4   -3       0.241     0.493     0.452   -27.397    -0.846    22.334
    4   -2       0.260     0.494     0.434   -27.407     0.047    22.481
    4   -1       0.280     0.495     0.417   -27.427     0.930    22.651
    4    0       0.299     0.494     0.400   -27.458     1.806    22.843
    4    1       0.319     0.493     0.383   -27.502     2.678    23.058
    4    2       0.339     0.491     0.366   -27.561     3.549    23.297
    4    3       0.359     0.488     0.349   -27.635     4.421    23.560
    4    4       0.380     0.485     0.331   -27.725     5.297    23.847
    4    5       0.400     0.480     0.313   -27.832     6.181    24.159
    4    6       0.421     0.475     0.295   -27.956     7.074    24.496
    4    7       0.443     0.469     0.277   -28.099     7.981    24.856
    4    8       0.465     0.462     0.258   -28.260     8.904    25.241
    4    9       0.487     0.454     0.239   -28.440     9.846    25.650
    4   10       0.510     0.445     0.219   -28.639    10.809    26.083
    4   11       0.534     0.436     0.199   -28.856    11.797    26.538
    4   12       0.558     0.424     0.178   -29.093    12.811    27.017
    4   13       0.583     0.412     0.156   -29.348    13.855    27.519
    4   14       0.608     0.399     0.134   -29.621    14.930    28.044
    4   15       0.635     0.384     0.111   -29.913    16.040    28.591
    4   16       0.662     0.368     0.087   -30.222    17.187    29.160
    4   17       0.690     0.350     0.063   -30.550    18.373    29.751
    4   18       0.718     0.331     0.037   -30.895    19.600    30.365
    4   19       0.748     0.310     0.011   -31.258    20.871    31.002
    4   20       0.779     0.287    -0.016   -31.637    22.188    31.661
    4   21       0.811     0.262    -0.044   -32.033    23.553    32.345
    4   22       0.843     0.236    -0.073   -32.446    24.968    33.053
    4   23       0.877     0.207    -0.104   -32.876    26.435    33.786
    4   24       0.912     0.176    -0.135   -33.322    27.958    34.547
    4   25       0.949     0.143    -0.168   -33.783    29.538    35.337
    5  -25      -0.220     0.168     0.916   -26.846   -24.634    21.098
    5  -24      -0.196     0.200     0.891   -26.910   -23.411    21.247
    5  -23      -0.173     0.229     0.865   -26.986   -22.195    21.378
    5  -22      -0.151     0.257     0.840   -27.070   -20.987    21.492
    5  -21      -0.129     0.282     0.816   -27.158   -19.786    21.590
    5  -20      -0.107     0.306     0.792   -27.246   -18.594    21.672
    5  -19      -0.085     0.328     0.768   -27.331   -17.411    21.740
    5  -18      -0.063     0.348     0.745   -27.410   -16.240    21.796
    5  -17      -0.042     0.367     0.722   -27.481   -15.082    21.842
    5  -16      -0.021     0.384     0.700   -27.541   -13.939    21.879
    5  -15       0.000     0.400     0.678   -27.591   -12.812    21.910
    5  -14       0.021     0.414     0.657   -27.630   -11.703    21.936
    5  -13       0.042     0.427     0.636   -27.658   -10.614    21.961
    5  -12       0.063     0.438     0.616   -27.676    -9.544    21.987
    5  -11       0.083     0.448     0.596   -27.684    -8.496    22.016
    5  -10       0.104     0.457     0.577   -27.685    -7.469    22.052
    5   -9       0.124     0.465     0.558   -27.679    -6.463    22.095
    5   -8       0.144     0.472     0.539   -27.670    -5.478    22.149
    5   -7       0.164     0.477     0.521   -27.658    -4.514    22.215
    5   -6       0.183     0.482     0.503   -27.647    -3.568    22.296
    5   -5       0.203     0.486     0.485   -27.638    -2.640    22.393
    5   -4       0.223     0.489     0.468   -27.634    -1.727    22.508
    5   -3       0.242     0.491     0.451   -27.636    -0.829    22.642
    5   -2       0.262     0.492     0.433   -27.646     0.059    22.796
    5   -1       0.281     0.492     0.416   -27.666     0.937    22.972
    5    0       0.301     0.492     0.399   -27.698     1.809    23.170
    5    1       0.321     0.491     0.382   -27.743     2.677    23.390
    5    2       0.341     0.489     0.365   -27.802     3.544    23.634
    5    3       0.361     0.486     0.347   -27.875     4.412    23.901
    5    4       0.381     0.482     0.330   -27.965     5.286    24.192
    5    5       0.402     0.478     0.312   -28.072     6.167    24.507
    5    6       0.423     0.473     0.294   -28.196     7.057    24.846
    5    7       0.444     0.467     0.275   -28.337     7.961    25.208
    5    8       0.466     0.460     0.256   -28.497     8.881    25.595
    5    9       0.489     0.452     0.237   -28.675     9.819    26.004
    5   10       0.512     0.443     0.217   -28.871    10.779    26.437
    5   11       0.535     0.434     0.197   -29.086    11.762    26.893
    5   12       0.559     0.423     0.176   -29.319    12.771    27.372
    5   13       0.584     0.411     0.154   -29.570    13.809    27.874
    5   14       0.609     0.397     0.132   -29.840    14.879    28.397
    5   15       0.636     0.383     0.109   -30.127    15.982    28.943
    5   16       0.662     0.367     0.085   -30.432    17.121    29.511
    5   17       0.690     0.349     0.061   -30.754    18.298    30.101
    5   18       0.719     0.330     0.035   -31.094    19.516    30.714
    5   19       0.749     0.309     0.009   -31.450    20.776    31.349
    5   20       0.779     0.287    -0.018   -31.823    22.081    32.007
    5   21       0.811     0.263    -0.046   -32.212    23.433    32.689
    5   22       0.843     0.236    -0.075   -32.618    24.834    33.395
    5   23       0.877     0.208    -0.105   -33.040    26.286    34.128
    5   24       0.912     0.178    -0.137   -33.477    27.791    34.887
    5   25       0.948     0.145    -0.169   -33.930    29.353    35.675
    6  -25      -0.220     0.172     0.915   -27.381   -24.415    21.365
    6  -24      -0.196     0.203     0.889   -27.423   -23.197    21.509
    6  -23      -0.173     0.232     0.863   -27.477   -21.988    21.636
    6  -22      -0.150     0.259     0.838   -27.539   -20.786    21.747
    6  -21      -0.128     0.284     0.814   -27.605   -19.594    21.842
    6  -20      -0.106     0.307     0.790   -27.671   -18.411    21.923
    6  -19      -0.084     0.329     0.766   -27.734   -17.238    21.991
    6  -18      -0.062     0.349     0.743   -27.792   -16.079    22.048
    6  -17      -0.041     0.367     0.721   -27.843   -14.933    22.095
    6  -16      -0.019     0.384     0.699   -27.886   -13.802    22.135
    6  -15       0.002     0.399     0.677   -27.919   -12.689    22.170
    6  -14       0.023     0.413     0.656   -27.943   -11.593    22.202
    6  -13       0.044     0.425     0.635   -27.958   -10.517    22.233
    6  -12       0.064     0.437     0.615   -27.964    -9.460    22.266
    6  -11       0.085     0.447     0.595   -27.963    -8.425    22.302
    6  -10       0.105     0.455     0.576   -27.955    -7.410    22.345
    6   -9       0.125     0.463     0.557   -27.943    -6.416    22.396
    6   -8       0.145     0.470     0.539   -27.929    -5.442    22.458
    6   -7       0.165     0.475     0.520   -27.913    -4.487    22.532
    6   -6       0.185     0.480     0.502   -27.898    -3.551    22.621
    6   -5       0.205     0.483     0.485   -27.887    -2.631    22.725
    6   -4       0.224     0.486     0.467   -27.881    -1.726    22.847
    6   -3       0.244     0.488     0.450   -27.881    -0.834    22.988
    6   -2       0.263     0.489     0.432   -27.890     0.048    23.148
    6   -1       0.283     0.490     0.415   -27.909     0.921    23.329
    6    0       0.303     0.489     0.398   -27.940     1.788    23.532
    6    1       0.322     0.488     0.381   -27.983     2.652    23.756
    6    2       0.342     0.486     0.363   -28.040     3.515    24.003
    6    3       0.362     0.483     0.346   -28.112     4.380    24.273
    6    4       0.383     0.480     0.328   -28.200     5.249    24.567
    6    5       0.404     0.476     0.310   -28.304     6.126    24.883
    6    6       0.425     0.471     0.292   -28.425     7.013    25.223
    6    7       0.446     0.465     0.273   -28.563     7.913    25.585
    6    8       0.468     0.458     0.254   -28.719     8.829    25.971
    6    9       0.490     0.450     0.235   -28.892     9.762    26.380
    6   10       0.513     0.441     0.215   -29.083    10.716    26.812
    6   11       0.536     0.432     0.194   -29.292    11.693    27.266
    6   12       0.560     0.421     0.173   -29.518    12.696    27.742
    6   13       0.585     0.409     0.152   -29.763    13.726    28.241
    6   14       0.610     0.396     0.130   -30.024    14.787    28.762
    6   15       0.636     0.381     0.107   -30.303    15.881    29.304
    6   16       0.663     0.366     0.083   -30.599    17.009    29.868
    6   17       0.691     0.348     0.058   -30.912    18.174    30.454
    6   18       0.719     0.330     0.033   -31.241    19.379    31.062
    6   19       0.749     0.309     0.007   -31.587    20.625    31.693
    6   20       0.779     0.287    -0.020   -31.948    21.914    32.346
    6   21       0.810     0.264    -0.048   -32.325    23.248    33.023
    6   22       0.843     0.238    -0.077   -32.718    24.630    33.724
    6   23       0.876     0.210    -0.107   -33.126    26.061    34.451
    6   24       0.910     0.180    -0.139   -33.548    27.544    35.205
    6   25       0.946     0.148    -0.171   -33.986    29.079    35.987
    7  -25      -0.220     0.175     0.913   -27.862   -24.262    21.663
    7  -24      -0.196     0.206     0.887   -27.887   -23.047    21.801
    7  -23      -0.173     0.234     0.862   -27.924   -21.840    21.922
    7  -22      -0.150     0.261     0.837   -27.969   -20.642    22.027
    7  -21      -0.127     0.285     0.813   -28.017   -19.453    22.118
    7  -20      -0.105     0.308     0.789   -28.066   -18.276    22.196
    7  -19      -0.083     0.329     0.765   -28.113   -17.110    22.262
    7  -18      -0.061     0.349     0.742   -28.156   -15.958    22.318
    7  -17      -0.039     0.367     0.720   -28.192   -14.820    22.365
    7  -16      -0.018     0.383     0.698   -28.221   -13.698    22.406
    7  -15       0.003     0.398     0.676   -28.243   -12.593    22.443
    7  -14       0.024     0.412     0.655   -28.255   -11.506    22.477
    7  -13       0.045     0.424     0.635   -28.260   -10.439    22.512
    7  -12       0.066     0.435     0.614   -28.258    -9.392    22.548
    7  -11       0.086     0.445     0.595   -28.249    -8.365    22.589
    7  -10       0.107     0.453     0.575   -28.235    -7.359    22.636
    7   -9       0.127     0.461     0.556   -28.218    -6.373    22.693
    7   -8       0.147     0.467     0.538   -28.199    -5.407    22.760
    7   -7       0.166     0.473     0.520   -28.180    -4.459    22.839
    7   -6       0.186     0.477     0.502   -28.163    -3.529    22.933
    7   -5       0.206     0.481     0.484   -28.150    -2.616    23.043
    7   -4       0.225     0.484     0.466   -28.142    -1.716    23.169
    7   -3       0.245     0.486     0.449   -28.141    -0.829    23.315
    7   -2       0.265     0.487     0.431   -28.149     0.048    23.480
    7   -1       0.284     0.487     0.414   -28.167     0.917    23.665
    7    0       0.304     0.487     0.397   -28.197     1.780    23.871
    7    1       0.324     0.486     0.380   -28.239     2.640    24.099
    7    2       0.344     0.484     0.362   -28.295     3.499    24.349
    7    3       0.364     0.481     0.345   -28.365     4.360    24.622
    7    4       0.384     0.478     0.327   -28.451     5.226    24.918
    7    5       0.405     0.473     0.309   -28.553     6.099    25.236
    7    6       0.426     0.468     0.290   -28.671     6.982    25.577
    7    7       0.447     0.462     0.272   -28.806     7.878    25.942
    7    8       0.469     0.456     0.253   -28.959     8.788    26.329
    7    9       0.491     0.448     0.233   -29.128     9.716    26.738
    7   10       0.514     0.439     0.213   -29.315    10.664    27.171
    7   11       0.537     0.430     0.193   -29.519    11.635    27.625
    7   12       0.561     0.419     0.172   -29.740    12.630    28.102
    7   13       0.586     0.407     0.150   -29.978    13.652    28.601
    7   14       0.611     0.395     0.128   -30.234    14.704    29.122
    7   15       0.637     0.380     0.105   -30.506    15.787    29.664
    7   16       0.664     0.365     0.081   -30.795    16.904    30.228
    7   17       0.691     0.348     0.056   -31.099    18.056    30.815
    7   18       0.720     0.330     0.031   -31.420    19.247    31.423
    7   19       0.749     0.310     0.005   -31.757    20.477    32.053
    7   20       0.779     0.288    -0.022   -32.108    21.750    32.707
    7   21       0.810     0.265    -0.050   -32.475    23.066    33.384
    7   22       0.842     0.239    -0.079   -32.856    24.427    34.086
    7   23       0.875     0.212    -0.109   -33.252    25.836    34.813
    7   24       0.909     0.183    -0.140   -33.662    27.295    35.566
    7   25       0.944     0.152    -0.173   -34.086    28.805    36.348
    8  -25      -0.220     0.179     0.912   -28.371   -24.079    21.951
    8  -24      -0.196     0.209     0.886   -28.378   -22.868    22.084
    8  -23      -0.173     0.236     0.861   -28.396   -21.667    22.200
    8  -22      -0.149     0.262     0.836   -28.421   -20.476    22.303
    8  -21      -0.127     0.286     0.812   -28.450   -19.295    22.391
    8  -20      -0.104     0.309     0.788   -28.480   -18.126    22.467
    8  -19      -0.082     0.330     0.764   -28.509   -16.969    22.533
    8  -18      -0.060     0.349     0.741   -28.535   -15.827    22.589
    8  -17      -0.038     0.366     0.719   -28.555   -14.699    22.638
    8  -16      -0.017     0.383     0.697   -28.570   -13.588    22.682
    8  -15       0.004     0.397     0.676   -28.577   -12.494    22.722
    8  -14       0.025     0.411     0.655   -28.578   -11.419    22.760
    8  -13       0.046     0.423     0.634   -28.573   -10.363    22.799
    8  -12       0.067     0.433     0.614   -28.561    -9.326    22.841
    8  -11       0.087     0.443     0.594   -28.545    -8.310    22.887
    8  -10       0.108     0.451     0.575   -28.525    -7.314    22.941
    8   -9       0.128     0.459     0.556   -28.502    -6.337    23.003
    8   -8       0.148     0.465     0.537   -28.479    -5.380    23.076
    8   -7       0.168     0.471     0.519   -28.457    -4.440    23.162
    8   -6       0.187     0.475     0.501   -28.437    -3.517    23.262
    8   -5       0.207     0.479     0.483   -28.422    -2.610    23.377
    8   -4       0.227     0.481     0.466   -28.413    -1.717    23.510
    8   -3       0.246     0.483     0.448   -28.411    -0.835    23.660
    8   -2       0.266     0.484     0.431   -28.418     0.037    23.830
    8   -1       0.285     0.485     0.413   -28.435     0.902    24.019
    8    0       0.305     0.484     0.396   -28.464     1.761    24.230
    8    1       0.325     0.483     0.379   -28.505     2.617    24.461
    8    2       0.345     0.481     0.361   -28.560     3.473    24.714
    8    3       0.365     0.479     0.343   -28.630     4.331    24.989
    8    4       0.385     0.475     0.326   -28.714     5.194    25.287
    8    5       0.406     0.471     0.307   -28.814     6.064    25.607
    8    6       0.427     0.466     0.289   -28.931     6.944    25.949
    8    7       0.448     0.460     0.270   -29.063     7.836    26.314
    8    8       0.470     0.454     0.251   -29.213     8.742    26.701
    8    9       0.492     0.446     0.232   -29.379     9.666    27.111
    8   10       0.515     0.438     0.212   -29.562    10.609    27.542
    8   11       0.538     0.428     0.191   -29.762    11.574    27.996
    8   12       0.562     0.418     0.170   -29.979    12.564    28.472
    8   13       0.587     0.406     0.148   -30.213    13.579    28.969
    8   14       0.612     0.393     0.126   -30.463    14.623    29.488
    8   15       0.638     0.379     0.103   -30.730    15.698    30.029
    8   16       0.664     0.364     0.079   -31.012    16.806    30.592
    8   17       0.691     0.347     0.055   -31.311    17.948    31.176
    8   18       0.720     0.329     0.030   -31.625    19.128    31.782
    8   19       0.748     0.310     0.003   -31.954    20.346    32.411
    8   20       0.778     0.288    -0.024   -32.298    21.605    33.062
    8   21       0.809     0.266    -0.052   -32.656    22.906    33.737
    8   22       0.841     0.241    -0.080   -33.029    24.251    34.437
    8   23       0.874     0.214    -0.110   -33.416    25.643    35.161
    8   24       0.907     0.186    -0.142   -33.816    27.082    35.913
    8   25       0.942     0.155    -0.174   -34.230    28.571    36.692
    9  -25      -0.221     0.183     0.910   -28.782   -23.853    22.124
    9  -24      -0.196     0.212     0.884   -28.772   -22.654    22.257
    9  -23      -0.172     0.239     0.859   -28.772   -21.464    22.375
    9  -22      -0.149     0.264     0.834   -28.780   -20.285    22.479
    9  -21      -0.126     0.288     0.810   -28.793   -19.117    22.570
    9  -20      -0.104     0.310     0.786   -28.809   -17.960    22.650
    9  -19      -0.081     0.330     0.763   -28.823   -16.816    22.719
    9  -18      -0.059     0.349     0.740   -28.836   -15.686    22.780
    9  -17      -0.038     0.366     0.718   -28.845   -14.571    22.834
    9  -16      -0.016     0.382     0.696   -28.850   -13.473    22.884
    9  -15       0.005     0.397     0.675   -28.849   -12.391    22.930
    9  -14       0.026     0.410     0.654   -28.843   -11.327    22.975
    9  -13       0.047     0.422     0.633   -28.832   -10.282    23.021
    9  -12       0.068     0.432     0.613   -28.817    -9.256    23.069
    9  -11       0.088     0.442     0.594   -28.798    -8.249    23.123
    9  -10       0.108     0.450     0.575   -28.777    -7.261    23.184
    9   -9       0.128     0.457     0.556   -28.755    -6.291    23.253
    9   -8       0.148     0.463     0.537   -28.732    -5.340    23.333
    9   -7       0.168     0.469     0.519   -28.712    -4.406    23.425
    9   -6       0.188     0.473     0.501   -28.695    -3.488    23.531
    9   -5       0.207     0.477     0.483   -28.682    -2.584    23.652
    9   -4       0.227     0.479     0.465   -28.676    -1.693    23.789
    9   -3       0.247     0.481     0.448   -28.678    -0.813    23.944
    9   -2       0.266     0.482     0.430   -28.689     0.058    24.117
    9   -1       0.286     0.483     0.413   -28.710     0.922    24.310
    9    0       0.305     0.482     0.396   -28.742     1.782    24.523
    9    1       0.325     0.481     0.378   -28.787     2.638    24.757
    9    2       0.345     0.479     0.361   -28.846     3.495    25.012
    9    3       0.365     0.477     0.343   -28.919     4.354    25.289
    9    4       0.386     0.473     0.325   -29.006     5.218    25.588
    9    5       0.406     0.469     0.307   -29.110     6.089    25.909
    9    6       0.427     0.464     0.288   -29.229     6.969    26.252
    9    7       0.449     0.458     0.270   -29.364     7.862    26.617
    9    8       0.470     0.452     0.251   -29.516     8.769    27.005
    9    9       0.493     0.444     0.231   -29.684     9.693    27.415
    9   10       0.515     0.436     0.211   -29.870    10.636    27.848
    9   11       0.539     0.426     0.191   -30.072    11.600    28.303
    9   12       0.562     0.416     0.170   -30.291    12.588    28.780
    9   13       0.587     0.404     0.148   -30.526    13.602    29.279
    9   14       0.612     0.392     0.126   -30.779    14.643    29.800
    9   15       0.638     0.378     0.103   -31.047    15.715    30.344
    9   16       0.664     0.363     0.079   -31.332    16.819    30.910
    9   17       0.691     0.346     0.055   -31.632    17.957    31.499
    9   18       0.720     0.328     0.029   -31.948    19.131    32.111
    9   19       0.748     0.309     0.003   -32.280    20.343    32.746
    9   20       0.778     0.288    -0.024   -32.626    21.595    33.404
    9   21       0.809     0.265    -0.052   -32.988    22.889    34.088
    9   22       0.841     0.241    -0.081   -33.364    24.226    34.797
    9   23       0.873     0.215    -0.111   -33.753    25.608    35.532
    9   24       0.907     0.187    -0.142   -34.157    27.038    36.296
    9   25       0.942     0.156    -0.174   -34.574    28.516    37.088
   10  -25      -0.222     0.189     0.906   -29.345   -23.462    22.289
   10  -24      -0.197     0.217     0.881   -29.320   -22.280    22.426
   10  -23      -0.173     0.243     0.856   -29.305   -21.107    22.547
   10  -22      -0.150     0.268     0.832   -29.297   -19.944    22.655
   10  -21      -0.127     0.291     0.808   -29.295   -18.793    22.751
   10  -20      -0.104     0.312     0.784   -29.294   -17.654    22.836
   10  -19      -0.081     0.332     0.761   -29.293   -16.527    22.911
   10  -18      -0.059     0.350     0.739   -29.291   -15.415    22.979
   10  -17      -0.038     0.367     0.717   -29.287   -14.318    23.041
   10  -16      -0.016     0.382     0.695   -29.279   -13.238    23.099
   10  -15       0.005     0.396     0.674   -29.267   -12.174    23.155
   10  -14       0.026     0.409     0.653   -29.251   -11.128    23.210
   10  -13       0.047     0.420     0.633   -29.232   -10.100    23.266
   10  -12       0.068     0.431     0.613   -29.209    -9.090    23.327
   10  -11       0.088     0.440     0.593   -29.185    -8.099    23.392
   10  -10       0.109     0.448     0.574   -29.160    -7.126    23.465
   10   -9       0.129     0.455     0.555   -29.134    -6.171    23.546
   10   -8       0.149     0.461     0.537   -29.110    -5.234    23.639
   10   -7       0.168     0.466     0.518   -29.089    -4.312    23.743
   10   -6       0.188     0.470     0.500   -29.072    -3.405    23.861
   10   -5       0.208     0.474     0.483   -29.060    -2.512    23.995
   10   -4       0.227     0.476     0.465   -29.056    -1.631    24.144
   10   -3       0.247     0.478     0.447   -29.060    -0.759    24.311
   10   -2       0.266     0.479     0.430   -29.073     0.104    24.496
   10   -1       0.286     0.480     0.413   -29.097     0.960    24.700
   10    0       0.306     0.479     0.395   -29.133     1.813    24.923
   10    1       0.325     0.478     0.378   -29.181     2.664    25.168
   10    2       0.345     0.476     0.360   -29.243     3.515    25.433
   10    3       0.366     0.474     0.342   -29.319     4.369    25.719
   10    4       0.386     0.470     0.324   -29.410     5.227    26.026
   10    5       0.407     0.466     0.306   -29.517     6.094    26.356
   10    6       0.428     0.461     0.288   -29.639     6.970    26.707
   10    7       0.449     0.455     0.269   -29.777     7.857    27.081
   10    8       0.471     0.449     0.250   -29.932     8.760    27.476
   10    9       0.493     0.441     0.230   -30.103     9.679    27.894
   10   10       0.516     0.433     0.210   -30.290    10.616    28.333
   10   11       0.539     0.424     0.190   -30.495    11.575    28.795
   10   12       0.563     0.414     0.168   -30.716    12.557    29.279
   10   13       0.587     0.402     0.147   -30.953    13.564    29.784
   10   14       0.612     0.390     0.124   -31.207    14.599    30.312
   10   15       0.638     0.376     0.102   -31.477    15.663    30.863
   10   16       0.664     0.361     0.078   -31.763    16.759    31.435
   10   17       0.691     0.345     0.053   -32.064    17.888    32.030
   10   18       0.719     0.328     0.028   -32.382    19.053    32.648
   10   19       0.748     0.309     0.002   -32.714    20.254    33.290
   10   20       0.778     0.288    -0.025   -33.062    21.495    33.956
   10   21       0.808     0.266    -0.053   -33.424    22.776    34.646
   10   22       0.840     0.242    -0.082   -33.801    24.100    35.362
   10   23       0.872     0.216    -0.112   -34.191    25.468    36.104
   10   24       0.906     0.189    -0.143   -34.596    26.882    36.874
   10   25       0.940     0.159    -0.175   -35.014    28.344    37.674
   11  -25      -0.221     0.192     0.905   -30.013   -23.277    22.773
   11  -24      -0.197     0.220     0.880   -29.975   -22.096    22.900
   11  -23      -0.173     0.246     0.855   -29.948   -20.924    23.013
   11  -22      -0.149     0.270     0.831   -29.927   -19.765    23.114
   11  -21      -0.126     0.292     0.807   -29.911   -18.617    23.203
   11  -20      -0.103     0.313     0.783   -29.898   -17.482    23.283
   11  -19      -0.081     0.332     0.760   -29.885   -16.361    23.355
   11  -18      -0.059     0.350     0.738   -29.872   -15.255    23.420
   11  -17      -0.037     0.366     0.716   -29.857   -14.165    23.480
   11  -16      -0.016     0.381     0.694   -29.840   -13.091    23.538
   11  -15       0.006     0.395     0.673   -29.820   -12.035    23.594
   11  -14       0.027     0.407     0.652   -29.798   -10.996    23.650
   11  -13       0.048     0.418     0.632   -29.773    -9.976    23.709
   11  -12       0.068     0.428     0.612   -29.746    -8.974    23.773
   11  -11       0.088     0.437     0.593   -29.718    -7.991    23.842
   11  -10       0.109     0.445     0.574   -29.691    -7.025    23.919
   11   -9       0.129     0.452     0.555   -29.664    -6.077    24.006
   11   -8       0.149     0.458     0.537   -29.640    -5.146    24.104
   11   -7       0.168     0.463     0.518   -29.619    -4.230    24.214
   11   -6       0.188     0.467     0.500   -29.604    -3.329    24.339
   11   -5       0.208     0.470     0.483   -29.595    -2.441    24.479
   11   -4       0.227     0.473     0.465   -29.594    -1.564    24.635
   11   -3       0.247     0.475     0.447   -29.601    -0.697    24.809
   11   -2       0.266     0.476     0.430   -29.618     0.162    25.001
   11   -1       0.286     0.476     0.413   -29.647     1.015    25.212
   11    0       0.305     0.475     0.395   -29.687     1.865    25.443
   11    1       0.325     0.474     0.378   -29.741     2.712    25.695
   11    2       0.345     0.472     0.360   -29.808     3.561    25.967
   11    3       0.365     0.470     0.342   -29.890     4.412    26.261
   11    4       0.386     0.466     0.324   -29.986     5.268    26.577
   11    5       0.406     0.462     0.306   -30.099     6.131    26.914
   11    6       0.427     0.457     0.288   -30.227     7.004    27.274
   11    7       0.449     0.452     0.269   -30.371     7.889    27.656
   11    8       0.471     0.445     0.250   -30.532     8.787    28.060
   11    9       0.493     0.438     0.230   -30.709     9.703    28.487
   11   10       0.515     0.430     0.210   -30.904    10.636    28.936
   11   11       0.539     0.421     0.189   -31.115    11.590    29.408
   11   12       0.562     0.411     0.168   -31.343    12.567    29.902
   11   13       0.587     0.400     0.147   -31.587    13.569    30.419
   11   14       0.612     0.387     0.124   -31.848    14.598    30.959
   11   15       0.637     0.374     0.101   -32.126    15.656    31.521
   11   16       0.664     0.360     0.078   -32.420    16.744    32.107
   11   17       0.691     0.344     0.053   -32.730    17.865    32.716
   11   18       0.719     0.327     0.028   -33.057    19.021    33.348
   11   19       0.747     0.308     0.002   -33.399    20.214    34.005
   11   20       0.777     0.288    -0.025   -33.756    21.445    34.686
   11   21       0.807     0.266    -0.053   -34.129    22.716    35.393
   11   22       0.839     0.243    -0.082   -34.516    24.029    36.126
   11   23       0.871     0.218    -0.112   -34.918    25.385    36.886
   11   24       0.905     0.191    -0.143   -35.335    26.787    37.675
   11   25       0.939     0.162    -0.175   -35.765    28.236    38.493
   12  -25      -0.221     0.198     0.903   -30.842   -22.968    23.324
   12  -24      -0.196     0.224     0.877   -30.791   -21.792    23.442
   12  -23      -0.172     0.249     0.853   -30.750   -20.628    23.549
   12  -22      -0.149     0.273     0.829   -30.716   -19.475    23.644
   12  -21      -0.126     0.294     0.805   -30.687   -18.336    23.729
   12  -20      -0.103     0.314     0.782   -30.661   -17.211    23.806
   12  -19      -0.081     0.333     0.759   -30.637   -16.100    23.877
   12  -18      -0.058     0.350     0.736   -30.613   -15.004    23.942
   12  -17      -0.037     0.366     0.715   -30.589   -13.925    24.003
   12  -16      -0.015     0.380     0.693   -30.563   -12.862    24.063
   12  -15       0.006     0.393     0.672   -30.536   -11.817    24.122
   12  -14       0.027     0.405     0.652   -30.508   -10.790    24.183
   12  -13       0.047     0.416     0.632   -30.479    -9.781    24.248
   12  -12       0.068     0.425     0.612   -30.450    -8.789    24.318
   12  -11       0.088     0.434     0.593   -30.422    -7.816    24.394
   12  -10       0.108     0.442     0.574   -30.394    -6.860    24.479
   12   -9       0.128     0.448     0.555   -30.370    -5.921    24.575
   12   -8       0.148     0.454     0.537   -30.348    -4.998    24.682
   12   -7       0.168     0.459     0.518   -30.332    -4.090    24.802
   12   -6       0.187     0.463     0.500   -30.322    -3.196    24.936
   12   -5       0.207     0.466     0.483   -30.319    -2.314    25.087
   12   -4       0.226     0.468     0.465   -30.324    -1.444    25.253
   12   -3       0.246     0.470     0.448   -30.339    -0.582    25.438
   12   -2       0.265     0.471     0.430   -30.364     0.273    25.641
   12   -1       0.285     0.471     0.413   -30.401     1.122    25.864
   12    0       0.305     0.471     0.395   -30.451     1.967    26.106
   12    1       0.325     0.469     0.378   -30.513     2.812    26.370
   12    2       0.345     0.468     0.360   -30.590     3.656    26.654
   12    3       0.365     0.465     0.342   -30.682     4.504    26.961
   12    4       0.385     0.462     0.324   -30.789     5.357    27.289
   12    5       0.406     0.458     0.306   -30.911     6.217    27.640
   12    6       0.427     0.453     0.288   -31.050     7.087    28.013
   12    7       0.448     0.447     0.269   -31.205     7.967    28.409
   12    8       0.470     0.441     0.250   -31.377     8.862    28.828
   12    9       0.492     0.434     0.230   -31.565     9.773    29.270
   12   10       0.515     0.426     0.210   -31.771    10.701    29.735
   12   11       0.538     0.417     0.189   -31.994    11.650    30.223
   12   12       0.562     0.407     0.168   -32.234    12.620    30.735
   12   13       0.586     0.396     0.147   -32.491    13.615    31.271
   12   14       0.611     0.384     0.124   -32.765    14.636    31.830
   12   15       0.637     0.371     0.101   -33.056    15.685    32.413
   12   16       0.663     0.357     0.078   -33.363    16.764    33.020
   12   17       0.690     0.342     0.053   -33.688    17.875    33.652
   12   18       0.718     0.325     0.028   -34.029    19.020    34.309
   12   19       0.747     0.307     0.002   -34.386    20.200    34.991
   12   20       0.776     0.288    -0.025   -34.759    21.417    35.699
   12   21       0.807     0.267    -0.053   -35.148    22.674    36.434
   12   22       0.838     0.244    -0.082   -35.552    23.972    37.197
   12   23       0.870     0.220    -0.112   -35.972    25.312    37.988
   12   24       0.903     0.194    -0.143   -36.407    26.696    38.808
   12   25       0.938     0.166    -0.176   -36.857    28.126    39.660
