REFSHAPE   500  1999     2    2015_03_08
*---  Made with calib-7 ( run 1587, 2015_02_23)
*---  This is the best calib run for the 2014 data
****
    0    0   15    4   4   4   4   4   4   4   4   4   4   4   4   4   4   4   4
    0   16   31    4   4   4   4   4   4   4   4   4   4   4   4   4   4   4   4
    0   32   47    4   4   4   4   4   4   4   4   4   4   4   4   4   4   4   4
    0   48   63    4   4   4   4   4   4   4   4   4   4   4   4   4   4   4   4
    0   64   79    4   4   4   4   4   4   4   4   4   4   4   4   4   4   4   4
    0   80   95    4   4   4   4   4   4   4   4   4   4   4   4   4   4   4   4
    0   96  111    4   4   4   4   4   4   4   4   4   4   4   4   4   4   4   4
    0  112  127    4   4   4   4   4   4   4   4   4   4   4   4   4   4   4   4
    1    0   15    4   4   4   4   4   4   4   4   4   4   4   4   4   4   4   4
    1   16   31    4   4   4   4   4   4   4   4   4   4   4   4   4   4   4   4
    1   32   47    4   4   4   4   4   5   5   4   6   9   3  10   8   8  10   9
    1   48   63    2   4   7   6   4   7   7   5   6   6   5   6  10   4   7   3
    1   64   79   11   3   7  10   6   8  10   3  11  10   9   8   8   1   4   1
    1   80   95    5   4   7   3   5   5   3   4   4   6   7   4   4   4   4   4
    1   96  111    4   4   4   4   4   4   4   4   4   4   4   4   4   4   4   4
    1  112  127    4   4   4   4   4   4   4   4   4   4   4   4   4   4   4   4
    2    0   15    4   4   4   4   4   4   4   4   4   4   4   4   4   4   4   4
    2   16   31    4   4   4   4   4   4   4   4   4   4   4   4   4   4   4   4
    2   32   47    4   4   4   4   5   6   4   5   4  10  10   3   9   9  10   9
    2   48   63   12   2   5   4   5   5   4   2  10   9   8  11   9  10  10   9
    2   64   79    4   4   5   4   5   5   4   2  10   9   7   5   7  12  12   6
    2   80   95   10   2  12   7  10   1  12   9   3   5   3   7   4   4   4   4
    2   96  111    4   4   4   4   4   4   4   4   4   4   4   4   4   4   4   4
    2  112  127    4   4   4   4   4   4   4   4   4   4   4   4   4   4   4   4
    3    0   15    4   4   4   4   4   4   4   4   4   4   4   4   4   4   4   4
    3   16   31    4   4   4   4   4   4   4   4   4   4   4   4   4   4   4   4
    3   32   47    4   4   4   5   6   5   4   1  12  11   6   9   7  10  10   9
    3   48   63   12   5  10  10   4   3  11   8  11   4  11  11   4  11   3   8
    3   64   79   10  11   4   9   9   9  10   7   6   4   1   5  10   7   6  12
    3   80   95    1   7  10   9   7   8   8  12   2   6   6   5   6   4   4   4
    3   96  111    4   4   4   4   4   4   4   4   4   4   4   4   4   4   4   4
    3  112  127    4   4   4   4   4   4   4   4   4   4   4   4   4   4   4   4
    4    0   15    4   4   4   4   4   4   4   4   4   4   4   4   4   4   4   4
    4   16   31    4   4   4   4   4   4   4   4   4   4   4   4   4   4   4   4
    4   32   47    4   4   6   5   6   3   4   2   7   8  10  10  10   2  11   9
    4   48   63    8   6  10   6   9   4   4  11   2   4   4   4   2   5   5   3
    4   64   79    6   4   4   5   7   4   4   4   4   7   3   5   6   4   6   5
    4   80   95    3   5   4   4   2   4   4   4   4   5   4   4   6   6   4   4
    4   96  111    4   4   4   4   4   4   4   4   4   4   4   4   4   4   4   4
    4  112  127    4   4   4   4   4   4   4   4   4   4   4   4   4   4   4   4
    5    0   15    4   4   4   4   4   4   4   4   4   4   4   4   4   4   4   4
    5   16   31    4   4   4   4   4   4   4   4   4   4   4   4   4   4   4   4
    5   32   47    4  10  12   4   7   8   8  11   9   4  10   8   9  10   3   5
    5   48   63    7   4  10   5   5   9   4   9  12   4   6   6  11  10  10   7
    5   64   79    2   6   3   4   6   3   4   5   9   3  11   8  11   8   4  11
    5   80   95    3   3   5   3   6   3   4   5   5   3  12   4   8   3   8   4
    5   96  111    4   4   4   4   4   4   4   4   4   4   4   4   4   4   4   4
    5  112  127    4   4   4   4   4   4   4   4   4   4   4   4   4   4   4   4
    6    0   15    4   4   4   4   4   4   4   4   4   4   4   4   4   4   4   4
    6   16   31    4   4   4   4   4   4   4   4   4   4   4   4   4   4   4   4
    6   32   47    4   4   4   6   5   2   5   4   5   8   5   3   5   6   7   2
    6   48   63   12   6  12   8  12   3   7  11   4   4   6   5   4   5   3   1
    6   64   79    4   5   5   5   5   6   6   4   3   6   3   6   4   4   5   2
    6   80   95    3  11   5   4   4   5   3   4   4   5   3   1   8   3   7   5
    6   96  111    4   4   4   4   4   4   4   4   4   4   4   4   4   4   4   4
    6  112  127    4   4   4   4   4   4   4   4   4   4   4   4   4   4   4   4
    7    0   15    4   4   4   4   4   4   4   4   4   4   4   4   4   4   4   4
    7   16   31    4   4   4   4   4   4   4   4   4   4   4   4   4   4   4   4
    7   32   47    6   4   6   4   4   6   3   3   4   5   6   6   3   3   6   4
    7   48   63    4   4   5   4   1   1   1   7   4   6   4   7   5   4   6   4
    7   64   79    6   7   5   3   8   2   3   7   4   4   5   5   6   3   4   3
    7   80   95    4   5   3   5   4   5   4   4   5   7   6   4   9   4   4   5
    7   96  111    4   4   4   4   4   4   4   4   4   4   4   4   4   4   4   4
    7  112  127    4   4   4   4   4   4   4   4   4   4   4   4   4   4   4   4
    8    0   15    4   4   4   4   4   4   4   4   4   4   4   4   4   4   4   4
    8   16   31    4   4   4   4   4   4   4   4   4   4   4   4   4   4   5   3
    8   32   47   12   1   3  10  12   1  12   5   8   3   4   4   5   5   6   4
    8   48   63    2   4   3   4   3   5   4   3   6  11   6   5   5   8  12   6
    8   64   79    7  11   5   6  12   6   7  11   3   6  10   9   4  11   1   4
    8   80   95   12   5  10  10   5   5   7  11   7   7   2   3  12  10   2   4
    8   96  111    5   5   4   4   4   4   4   4   4   4   4   4   4   4   4   4
    8  112  127    4   4   4   4   4   4   4   4   4   4   4   4   4   4   4   4
    9    0   15    4   4   4   4   4   4   4   4   4   4   4   4   4   4   4   4
    9   16   31    4   4   4   4   4   4   4   4   4   4   4   4   4   6   5   5
    9   32   47   11   3  10  12   7   7   8  10   5   1   8   2   6   4   6   4
    9   48   63    6   2   8   2   4   8   3   3  11   7  10   1   5   6   7   5
    9   64   79   12   2  11  10   8  11   5   8  12   6  11   7   1  12   4  11
    9   80   95    3   5  12   7   7   7  12   8   6   2   8   6   8   7  10   7
    9   96  111    2   3  10   4   4   4   4   4   4   4   4   4   4   4   4   4
    9  112  127    4   4   4   4   4   4   4   4   4   4   4   4   4   4   4   4
   10    0   15    4   4   4   4   4   4   4   4   4   4   4   4   4   4   4   4
   10   16   31    4   4   4   4   4   4   4   4   4   4   4   4   5  10   3   3
   10   32   47   10   5   7   5  12   8  11   9   5   3   5   4   5   3   6   5
   10   48   63    4   1   4   1   5   1   1   2   9   1  10   6   4   6  11   9
   10   64   79    3   7   7   6  11   2   7   8   8   9   9   5  11  10   7   5
   10   80   95    5   4   5   2   7   4   5   4   5   2   4   5   3   4   3   2
   10   96  111    5   4   4   6   4   4   4   4   4   4   4   4   4   4   4   4
   10  112  127    4   4   4   4   4   4   4   4   4   4   4   4   4   4   4   4
   11    0   15    4   4   4   4   4   4   4   4   4   4   4   4   4   4   4   4
   11   16   31    4   4   4   4   4   4   4   4   4   4   4   4   4   4   6   3
   11   32   47    9  10   8  12   3   9   7   2   9   3   3   7   4   2  12   7
   11   48   63    2   7   2   6   5   7   4   4   1   7   5   2   5   6   6   4
   11   64   79    4   3   5   5   5   4   4   5   3  11  12   4  10   7   5   7
   11   80   95   10   5   8  11   2  12   3  11   7   1  11   2   8  10  12  10
   11   96  111    4   5   5   8   5   4   4   4   4   4   4   4   4   4   4   4
   11  112  127    4   4   4   4   4   4   4   4   4   4   4   4   4   4   4   4
   12    0   15    4   4   4   4   4   4   4   4   4   4   4   4   4   4   4   4
   12   16   31    4   4   4   4   4   4   4   4   4   4   6   1   7   3   2   5
   12   32   47   10   8   6   9   8   5   8   7   5   9   3   8   8   9   8  10
   12   48   63    7   8   8  11   2   5  12   9   3   6   4   5   4   6   4   5
   12   64   79    2   5   4   5   3   6   5   3   4   4   5   4   4   2   3   4
   12   80   95    3   3   4   6   4   4   4   5   4   5   4   4   5   4   4   7
   12   96  111    3   1   5   4   5  10   4   4   4   4   4   4   4   4   4   4
   12  112  127    4   4   4   4   4   4   4   4   4   4   4   4   4   4   4   4
   13    0   15    4   4   4   4   4   4   4   4   4   4   4   4   4   4   4   4
   13   16   31    4   4   4   4   4   4   4   4   4   4   6   3  10   6   7   7
   13   32   47    6  10  10   8  10   9   3  10   9   5  10  11   5  10   8   6
   13   48   63   11   3   7   5  11  10  10   7   4   5   5   5   1   3   5   4
   13   64   79   11   4  12   5  10   5  10   5   6   5   4   5   4   6   4   3
   13   80   95   10  10   6   8   7   3   8  11   2   4   4   4   6   5   4   4
   13   96  111    8   4  10   8  11  10   4   4   4   4   4   4   4   4   4   4
   13  112  127    4   4   4   4   4   4   4   4   4   4   4   4   4   4   4   4
   14    0   15    4   4   4   4   4   4   4   4   4   4   4   4   4   4   4   4
   14   16   31    4   4   4   4   4   4   4   4   5   6   4   5   6   3   5   3
   14   32   47   10  11  10  11   8   7   9  12   3  10   4   3   7   4   4   5
   14   48   63    4   5   4   5   3   3   4   7   1   4   3   4   4   3   3   4
   14   64   79    2   5   3   3   4   3   4   1  10  10  10   8  10   7   6   9
   14   80   95    3   3   5   4   8   4   4   3   9  10   2  10  10  10   7   9
   14   96  111    9   9  10   2   6   7   7  11   4   4   4   4   4   4   4   4
   14  112  127    4   4   4   4   4   4   4   4   4   4   4   4   4   4   4   4
   15    0   15    4   4   4   4   4   4   4   4   4   4   4   4   4   4   4   4
   15   16   31    4   4   4   4   4   4   4   4  10   7   8   9  10   9  10   7
   15   32   47    9  12   2  12   8   2  11   8  10   1  12   2  10   6  12   9
   15   48   63    5  11   8  10  11   3   9  10   1   9   3   4   5   4   6   4
   15   64   79    6   5   6   7   3   2   7   3  10  10   3  12  10   9  10  10
   15   80   95    7   9   4   5   8   8  10   4  11  12  12   8   4   4   8   6
   15   96  111   10  10  10  11   9   9  10  10   4   4   4   4   4   4   4   4
   15  112  127    4   4   4   4   4   4   4   4   4   4   4   4   4   4   4   4
   16    0   15    4   4   4   4   4   4   4   4   4   4   4   4   4   4   4   4
   16   16   31    4   4   4   4   4   4   1   1   1   5   2   4   5   5   4   3
   16   32   47    3   5   3   6   4   5   3   4   3   5   3   4   5   3   7   5
   16   48   63    4   5   5   2   5   2   7   4   9  12   7   6  10   8   7  12
   16   64   79    8  10   2  10  11   1   9  12   4  11   1   6  11   9   8   8
   16   80   95    5   4   5   6   6   5   5   3  10  11   2   9   9   6   8   9
   16   96  111    9  10  10   9  12  11   8  10  12   4   4   4   4   4   4   4
   16  112  127    4   4   4   4   4   4   4   4   4   4   4   4   4   4   4   4
   17    0   15    4   4   4   4   4   4   4   4   4   4   4   4   4   4   4   4
   17   16   31    4   4   4   4   4   5   4   3  11   3   6   4   4   6   3   7
   17   32   47    4   3   7   4   5   3   5   4   6   5   5   4   6   5   5   3
   17   48   63    4   8  10   3   5  10   1  11   7   1  12   4  10   3   6   4
   17   64   79    4  11   8   2  10   7   5   1   1  10   7  10  12   8   8   4
   17   80   95   10  10   7   2  10   8   9  11  11   2   7   7  11   5   9   7
   17   96  111   10   6   4  10   3   8  12   4   4   4   7   4   4   4   4   4
   17  112  127    4   4   4   4   4   4   4   4   4   4   4   4   4   4   4   4
   18    0   15    4   4   4   4   4   4   4   4   4   4   4   4   4   4   4   4
   18   16   31    4   4   4   4   7   3   8   7   3   5   4   3   7   3   8   6
   18   32   47   11  11  10   3   9  10   2   7  10   7  11  10   7  12   2  10
   18   48   63   12   6   6   5   7   8  12   4   3   4   1  11  10   2   7   6
   18   64   79    3   7  10   9  10  12   2   9   1   5   5   4   2   4   4   3
   18   80   95    5   4   8   4  10   8  10   7   3   4   7   5   5   2   1   2
   18   96  111    9  10   2  11  10   2   8   5   3   3   7   7   4   4   4   4
   18  112  127    4   4   4   4   4   4   4   4   4   4   4   4   4   4   4   4
   19    0   15    4   4   4   4   4   4   4   4   4   4   4   4   4   4   4   4
   19   16   31    4   4   4   6  10  10  12   2  10   9  11  10   9  10   8   5
   19   32   47    1  10   8   4  10   6   1  10  12   3  10  11   9  11   7   2
   19   48   63   11   4   7  10   6   3  10  10   5   3  12   5  11   3   4  10
   19   64   79   10   5  11  11   9   9   5  11   3   4   6   4   5   4   4   3
   19   80   95    4   9   1  12   7  10   3   4  10  10   9   8   3  12   6   7
   19   96  111    9   8  10   3  10   3  10   2  10  10   4   4   8   4   4   4
   19  112  127    4   4   4   4   4   4   4   4   4   4   4   4   4   4   4   4
   20    0   15    4   4   4   4   4   4   4   4   4   4   4   4   4   4   4   4
   20   16   31    4   4   3   5   4   5   3   7   4   5   4   5   2   6   4   4
   20   32   47    3   5   1   1   3   4   5   4   6   6   6   7   5   9   3   4
   20   48   63    6   5   8   5   6   4   5   3  10  10  10   7   2  11  10   8
   20   64   79    4   9   4  10   4   6   4  11   5  10  10  10   6  11  11   9
   20   80   95    4   6   2   4   5   4   4   6   4   2  12   6   3   3   2  11
   20   96  111   10   5  10   8  12   1  10  11   1   2   4   1   5   6   4   4
   20  112  127    4   4   4   4   4   4   4   4   4   4   4   4   4   4   4   4
   21    0   15    4   4   4   4   4   4   4   4   4   4   4   4   4   4   4   4
   21   16   31    4   2   6   3   6   4   4   2   6   4   3   5   3   3   4   2
   21   32   47   11   8   2   2  10  10   2   2   9   6  10  12   2  12   8  10
   21   48   63   12   4  10  10  10  10   8   8   4   1   4   1  10   5   3   4
   21   64   79    4   1  12   1  10  12   2   5  11  11  10   4   4   8  11   8
   21   80   95    5  10  10   6  11   5   8   8   4   3   5  10   7  10   9   5
   21   96  111   10   9   6   8  11  11   6  11   3   4   8   6   5   4   9   4
   21  112  127    4   4   4   4   4   4   4   4   4   4   4   4   4   4   4   4
   22    0   15    4   4   4   4   4   4   4   4   4   4   4   4   4   4   4   4
   22   16   31    3   5   3   6   4   4   4   2  10  10   4  10   3   4   4   3
   22   32   47    8   6   3   4   5   4   4   6   4   5   2  11   3   2   6   4
   22   48   63    7   9   4  10   8   6   3  10   4   8   1   8   6   9  11   6
   22   64   79    3   3   3   3   3   4   3   5   3   5   3   4   4   3   3   1
   22   80   95   12   7  10   8   6   3   5   2   5   3   4   5   5   6   3   4
   22   96  111    3   5   3   4   6   4   4   4   5  10   3  11   7   8   5  10
   22  112  127    4   4   4   4   4   4   4   4   4   4   4   4   4   4   4   4
   23    0   15    4   4   4   4   4   4   4   4   4   4   4   4   4   4   4   4
   23   16   31    8   6  11  10   2   8   2   7   5   4   4   4   2   9   2   6
   23   32   47    4   5   5   3  12   4   7   1   4   1   6   6   5   5   5   4
   23   48   63    8   5  11   7  10   1   9   9  10  12   1   6   8   5   2   5
   23   64   79    4   2   5   3   4   3   3   3   5   5   6   5   4   4   4   2
   23   80   95    4   2  12  10   7  10   1   1  10  10   1   1   4   4   4   2
   23   96  111    7  11  10   7   5  11   6  10   9   7  12   5  10   4  11   7
   23  112  127    4   4   4   4   4   4   4   4   4   4   4   4   4   4   4   4
   24    0   15    4   4   4   4   4   4   4   4   4   4   4   4   4   4   6   4
   24   16   31    3   5   3   5   5   4   3   4   4   5   3   4   5   4   4   4
   24   32   47    4   5   4   4   4   4   5   4   4   3   4   4   4   5   3   4
   24   48   63    4   4   2   5   4   1   4   5   4   3   5   4   5   4   4   4
   24   64   79    4   5   3   4   5   5   4   4   4   3   4   3   4   3   4   3
   24   80   95    3   4   3   4   4   5   4   2   4   3   6   3   5   4   4   3
   24   96  111    5   3   4   4   4   6   2   2   1   9   4  10  12   3   7   9
   24  112  127    7  10   4   4   4   4   4   4   4   4   4   4   4   4   4   4
   25    0   15    4   4   4   4   4   4   4   4   4   4   4   4   4   6   5   3
   25   16   31    4   6   4   3   5   3   5   3   5   5   3   3   5   3   6   5
   25   32   47    4   4   4   3   3   5   3   4   4   3   3   4   4   4   3   3
   25   48   63    6   4   5   4   4   3   4   2   5   3   4   2   4   4   5   3
   25   64   79    3   4   2   4   4   3   4   4   2   3   3   3   4   3   4   4
   25   80   95    3   3   4   4   3   2   3   6   5   4   3   3   3   4   3   3
   25   96  111    4   4   4   3   5   4   4   3   5   7   1   5   3   7   4   6
   25  112  127    5   5   7   4   4   4   4   4   4   4   4   4   4   4   4   4
   26    0   15    4   4   4   4   4   4   4   4   4   4   4   4   6   4   4   4
   26   16   31   10  12   4   9   7   5   9   8   1   4   1   4   4   5   4   4
   26   32   47    4   4   4   4   4  11   2   4   3   3   5   4   3   5   3   2
   26   48   63    7   5  11   6   6  10  11  10   3   4   4   3   5   4   4   3
   26   64   79    4   6   3   3   5   6   5   4   3   4   2   4   4   4   2   1
   26   80   95   10  11   1  12   4   9  10   2   3   4   3   4   5   5   4   3
   26   96  111    3   4   3   4   5   3   3   3   7  10   9   6   9   3   5   7
   26  112  127    5   4   6   5   4   4   4   4   4   4   4   4   4   4   4   4
   27    0   15    4   4   4   4   4   4   4   4   4   4   4  10   8   5  11   8
   27   16   31   11   7   6   6   3  12   7   9  10   9  11   5   3  10   7   5
   27   32   47    5  12   6  12   6  12  10   5   3   5   4   5   4   3   4   5
   27   48   63    3   5   4   5   2   6   2   3   6   4   5   4   3   4   4   4
   27   64   79    5   4   5   5   4   5   4   5   3   5   4   3   4   1   6   4
   27   80   95    1   3   5   3   5   5   4   3   5   4   5   3   4   5   3   2
   27   96  111    9   9   1  12   8   7   9   3   8   4  11   7   9   8   8   7
   27  112  127    8   4  10  11   7   4   4   4   4   4   4   4   4   4   4   4
   28    0   15    4   4   4   4   4   4   4   4   4   4   3   4   4   5   4   3
   28   16   31    1   3   3   3   4   3   4   2  10  10  10   4   7   4   5   4
   28   32   47    3   4   4   3   4   4   4   4   4   3   3   4   3   2   4   4
   28   48   63    5   3   3   4   3   4   3   4   3   4   3   5   4   3   4   3
   28   64   79    4   5   5   4   4   3   4   4   3   4   3   5   4   4   2   4
   28   80   95    4   4   4   4   4   3   4   2   4   4   5   5   8   5   4   7
   28   96  111    3   4   4   3   4   5   2   9  11   4  11   9  10  11  10   4
   28  112  127    9   4   1  11   5  11   4   4   4   4   4   4   4   4   4   4
   29    0   15    4   4   4   4   4   4   4   4   4   4   4   3   4   5   3   1
   29   16   31   12  11   6  10  10   7   4   6   4   4   6   3   6   3   6   3
   29   32   47    3   4   4   2   5   3   4   1  10   7   5  10   2  10  10   5
   29   48   63    4   4   6   5   5   4   5   4   4   4   4   3   3   3   7   4
   29   64   79    5   6   4   4   5   4   5   3   4   4   3   4   4   3   4   1
   29   80   95   11  11   3   9   3   6  12   7   4   4   4   4   4   4   3   3
   29   96  111    9   3   5   4   4   6   4   3   8  12   5   6  12   6   4  10
   29  112  127   11   6   7   5  10   5   7   4   4   4   4   4   4   4   4   4
   30    0   15    4   4   4   4   4   4   4   4   4   4   3   4   5   1  10  12
   30   16   31    2   7   3   3   5   4   3   2   5   4   2   5   4   5   3   7
   30   32   47    4   3   3   4   3   5   3   6   4   3   5   7   3   4   7   4
   30   48   63    5   6   4   4   5   5   3   4   5   5   3   5   1   2   3   4
   30   64   79    5   4   3   5   4   5   3   4   3   4   3   3   4   6   4   3
   30   80   95    7  10   9   6   6   6  10  11   1   5   4   4   2   6   3   4
   30   96  111    2   4   5   3   7   4   4   4   4   6   3   4   5   3   5   3
   30  112  127   10  10   3   8  10   5   4  11   4   4   4   4   4   4   4   4
   31    0   15    4   4   4   4   4   4   4   4   4   4   3   3   5   4   4   3
   31   16   31    4   4   4   4   4   3   3   5   6   2   7   4   2   7   3   4
   31   32   47    4   6   5   3   4   4   6   4  10   4   6   3   4   6   7   4
   31   48   63    5   1   1   4   5   4   5   4   6   3   4   3   4   3   5   3
   31   64   79    5   6   4   4   5   5   6   5   4   2   4   2   4   4   4   3
   31   80   95    7   4  10   5   5   1   8   3   5   5   2   3   5   5   4   5
   31   96  111    4   3   4   4   5   4   3   4   4  12  10   4   9  10  11   2
   31  112  127    6   8   4  12   6   2   9   8   4   4   4   4   4   4   4   4
   32    0   15    4   4   4   4   4   4   3   4   3   5   2   7   2   4   3   3
   32   16   31    3   6   2   7   4   4   5   3   4   5   5   4   6   5   4   4
   32   32   47    7   4   4   3   6   4   4  11   7   5   3   5   3   5   4   7
   32   48   63    2   5   3   3   4   3   3   6   3   4   3  10   3   4   3   5
   32   64   79    4   6   6   1  12   1   2   6   7   5   4   5   4   5   5   6
   32   80   95    2   1   3   3   2   3   3   2   5   3   5   3   4   4   3   2
   32   96  111    6   3   4   4   6   3   3   8   4   5   2   5   4   4   5   4
   32  112  127    4   5   5   4   8   4   4   5   4   6   4   4   4   4   4   4
   33    0   15    4   4   4   4   4   3   4   4   4   1   4   1   4   1  12   3
   33   16   31    4   5   5   3   5   4   6   4   6   3   5   4   4   9   3   2
   33   32   47    6   5   4   3   4   5   5   4   5   4   6   5   4   4   4   4
   33   48   63    4   4   4   4   4   3   3   5   3   5   5   2   6  12   2   4
   33   64   79    4   6   5   3   5   4   4   4   4   3   5   4   3   3   5   4
   33   80   95    3   1   5   2   3   2   4   2   4   1   4   3   2   1   2   1
   33   96  111    6   3   7   1   2   3   4   2   8   3   8   4   4   6   4   4
   33  112  127    5   4   3   4   1   1   1   5   4   4   7   4   4   4   4   4
   34    0   15    4   4   4   4   4   8   5   5   9   2   4   4   5   5   6   4
   34   16   31    3   5   4   4   5   5   4   5   3   5   3   4   6   3   5   3
   34   32   47    5   5   2   7   4   8   4   6   4   5   3   5   4   5   3   4
   34   48   63    6   4   4   5   5   4   4   4   4   5   4   3   8   5   4   4
   34   64   79    5   6   4   4   5   4   5   3   8   2   4   4   6   5   3   4
   34   80   95    7   2   4   1  10   2   6   3   5   3   5   5   4   4   4   2
   34   96  111    4   5   4   4   4   4   4   5   2   4   3   4   3   4   4   4
   34  112  127    5   5   3   5   4   4   4   5   5   7   4   8   4   4   4   4
   35    0   15    4   4   4   1   5   4   5   4   9   4   5   4   4   7   3   3
   35   16   31    3   3  10   2   6   3   5   5   3   5   6   6   3   4   6   3
   35   32   47    6   4   6   5   4   5   6   4   4   4   5   4   7   4   4   7
   35   48   63    3   5   4   3   6   4   4   5   5   6   5   5   6   3   5   3
   35   64   79    4   5   5   5   5   3   5   8   6   4   5   4   5   5   3   6
   35   80   95    5   4   5   4   8   3   4   6   7   4   6   5   6   3   7   2
   35   96  111    6   3   5   3   6   3   4   4   4   5   5   3   5   4   3   5
   35  112  127    4   4   6   4   6   4   5   4   8   6   6   7   8   4   4   4
   36    0   15    4   4   4   5   3   5   2   4   2   5   3   3   8   4   2   9
   36   16   31    2   5   3   7   6   6   6   3   8   3   6   6   4   4  10   3
   36   32   47    5   4   6   5   6   4   2   4   7   2   4   1   1   5   3   4
   36   48   63    4   4   4   7   4   6   5   3   9   7   4   4   5   4   1   4
   36   64   79    6   4   4   3   5   1   4   5   4   3   4   3   5   3   6   6
   36   80   95    5   5   4   4   5   3   7   4   5   5   5   5   5   5   4   3
   36   96  111    5   7   3   5   5   5   4   5   5   5   3   5   6   4   8   5
   36  112  127    4   4   2   5   1  10   1   4   1   1   1   5   2   3   4   4
   37    0   15    4   4   5   1   7   3   5   5   9   3   3   3   5   4   3   3
   37   16   31    9   4   7   4   5   8   4   4   6   9   5   5   4   5   6   5
   37   32   47    6   7   4   5   4   4   2   3   4   4   5   4   9   4   3   5
   37   48   63    6   3   4   4   5   4   5   4   5   5   5   6   3   7   2   4
   37   64   79    8   2   6   3   5   4   3   4   5   4   6   3   8   3   6   5
   37   80   95    5   4   5   4   6   4   5   3   4   4   5   8   6   4   4   5
   37   96  111    7   5   4   1   6   5   3   1   2   1   5   5   6   5   3   2
   37  112  127    4   4   4   3   5   3   5   4   5   4   3   3   4   3   4   4
   38    0   15    3   7   4   3   7   4   6   3   5   3   4   4   4   4   6   3
   38   16   31    3   5   4   3   6   8   3   4   4   7   4   3  10   3   5   4
   38   32   47    4   5   3   4   7   3   2   4   4   5   3   1   4   1   4   3
   38   48   63    4   5   1   3   5   4   5   5   2   3   5   2   5   4   2   4
   38   64   79    4   5   4   4   8   3   5   3   3   3   3   3   4   3   5   4
   38   80   95    5   3   4   3   9   4   5   4   8   3   4   5   4   4   4   3
   38   96  111    4   4   3   3   5   4   3   5   4   4   3   5   3   4   3   4
   38  112  127    3   4   6   7   1   4   1   4   3   4   5   3   4   4   5   5
   39    0   15    5   5   6   5   5   5   5   3   5   3   8   5   4   5   4   5
   39   16   31    4   7   4   5   6   5   4   4   6   3   6   5   7   3   7   5
   39   32   47    5   4   5   4   4   7   4   4   6   4   5   4   1   2   4   4
   39   48   63    7   4   4   2   5   4   3   3   5   4   6   5   7   2   4   1
   39   64   79    7   4   5   2   3   6   2   3   5   4   6   3   6   3   4   6
   39   80   95    2   8   3  10   8   2   5   5   3   9   3   5   6   3   8   4
   39   96  111    3   3   5   3   4   5   5   4   5   3   5   5   3   3   3   1
   39  112  127    5   4   4   5   4   5   4   4   7   3   8   4   3   6   4   4
   40    0   15    6   4   5   6   6   5   5   5   4   6   6   4   7   4   5   4
   40   16   31    5   6   4   4   8   7   4   4   7   6   5   7   5   5   3   6
   40   32   47    5   4   4   6   5   5   4   5   4   5   3   6   3   4   6   5
   40   48   63    4   5   4   4   6   5   4   4   7   4   7   5   5   5   7   4
   40   64   79    6   4   4   5   4   3   4   3   5  11  11   3   3   6   4   5
   40   80   95    3   5   4   4   4   6   4   4   5   3   8   5   2   6   3   4
   40   96  111    6   5   4   5   6   5   5   7   6   5   4   6   6   4   5   6
   40  112  127    4   6   4   4   5   7   4   4   9   3   5   5   9   1  11   6
   41    0   15    6   4   6   3   5   6   5   4   7   4   6   4   5   6   5   5
   41   16   31    4   6   4   4   6   6   4   4   7   5   8   6   4   4   5   4
   41   32   47    6   4   6   4   6   5   4   4   5   3   4   6   5   4   5   4
   41   48   63    2   7   4   4   4  11   4   4   6   5   6   5   5   6   5   3
   41   64   79    7   4   5   4   6   4   3   6   1   5   3   3   5   4   2   5
   41   80   95    5   6   4   4   6   7   4   4   7   4   5   6   6   4   5   4
   41   96  111    6   5   6   4   5   4   4   4   5   5   3   5   4   5   4   5
   41  112  127    5   6   4   4   5   5   4   4   6   4   6   5   5   5   6   4
   42    0   15    6   6   4   6   5   4   5   6   5   5   5   4   4   6   4   5
   42   16   31    5   5   4   5   6   5   6   5   5   5   5   5   4   5   5   4
   42   32   47    5   5   4   5   6   5   3   5   6   3   5   4   4   5   3   4
   42   48   63    5   6   5   4   5   5   3   6   4   7   3   6   5   4   5   3
   42   64   79    5   4   4  10   3   5   4   4   5   5   4   6   5   5   4   6
   42   80   95    3   3   4   4   4   6   4   4   5   5   4   7   5   4   6   4
   42   96  111    5   5   3   6   4   4   4   7   3   5   4   5   5   4   4   3
   42  112  127    4   4   7   7   5   4   5   5   4   3   4   5   4   7   5   8
   43    0   15    5   5   5   6   4   5   4   7   6   4   6   6   5   4   5   7
   43   16   31    4   5   3   4   6   3   6   4   5   5   5   7   6   5   5   6
   43   32   47    5   5   4   4   4   5   6   2   5   5   4   4   4   5   4   6
   43   48   63    3   5   5   1   5   6   4   5   7   3   5   6   4   4  10   3
   43   64   79    5   4   4   6   2   6   5   3   3   6   3   4   3   4   5   2
   43   80   95    5   4   4   2   5   4   3   8   5   3   4   7   6   3   4  10
   43   96  111    4   2  12   2   6   3   4   7   2   3  10   1   5   4   4   3
   43  112  127    3   4   5  10   2   6   6   5   2  10   5   7   5   4   5   7
   44    0   15    6   3   5   6   7   6   3   6   4   5   5   4   3   6   3   4
   44   16   31    4   4   5   4   4   5   5   6   5   7   5   3   6   5   6   4
   44   32   47    5   4   5   4   6   3   3   3  11   6  12   5   9   8   5   9
   44   48   63    2   5   4   4   4   3   3  10   3   3   5   5   5   1   1   4
   44   64   79    5   5   5   6   5   6   4   5   4   3   6   4   4   4   2   5
   44   80   95    4   5   4   5   3   5   5   5   4   4   5   5   4   5   4   4
   44   96  111    4   5   2   4   5   5   1   4   5   4   4   4   5   4   5   4
   44  112  127    3   4   3   9   3   4   2   5   3   4   5   5   5   4   4   5
   45    0   15    4   5   5   6   5   4   5   6   5   5   4   4   5   4   4   2
   45   16   31   12   1   7   3   7   6   4   5   6   5   2  12   3   5   4   4
   45   32   47    5   5   4   4   5   4   4   3   6   4   5   4   6   4   5   4
   45   48   63    8   4   5   4   4   4   6   5   6   4   7   6   4   5   5   4
   45   64   79    5   5   4   5   5   5   2  12   2   4   4   5   5   4   4   8
   45   80   95    3   4   4   3   4   3   3   2   3  10   3   5   2   4   3   3
   45   96  111    6   4   5   5   4   4   5   4   6   4   4   5   4   6   5   4
   45  112  127    5   3   4   4   4   3   5   4   5   3   5   5   3   4   3   4
   46    0   15    7   7   1   4   5   3  10   6   5   5   6   4   6   4   6   6
   46   16   31    3   6   2   4   5   6   5   6   2   4   3   4   5   4   4   4
   46   32   47    4   5   2   3   6   4   4   6   3   3   4   4   4   4   4   6
   46   48   63    2   4   2   6   4   4   3   3   5   6   5   6   4   6   4   4
   46   64   79    5   5   5   4   6   5   5   5   4   5   4   6   4   4   4   5
   46   80   95    4   5   3   4   4   2   5   4   5   5   5   5   6   4   5   4
   46   96  111    4   5   4   8   3   6   3   3   3   7   4   4  10   1   6   4
   46  112  127    1   6   3   5   4   3   2   9   3   4   3   3   6   7   4   3
   47    0   15    6   4   5   4   5   5   6   1  11  10   3   4   6   5   5   5
   47   16   31    4   5   4   5   3   4   6   4   4   4   5   7   3   4   4   3
   47   32   47    4   6   2   4   3   5   2   8   2   4   6   3   6   3   6   4
   47   48   63    5   4   6   3   6   5   5   4   7   4   4   5   4   6   3   4
   47   64   79    6   3   5   3   4   5   4   3   4   5   5   4   4   3   5   4
   47   80   95    4  10   5   2   5   3   4   5   6   3   6   5   6   2   7   1
   47   96  111    6   4   4   5   6   7   3   5   4   5   6   5   3   3   6   3
   47  112  127    4   3   4   5   4   6   7   5   4  10   5   6   5   4   6   5
   48    0   15    4   6   5   5   5   4   5   3   4   5   2   5   3   7   3   4
   48   16   31    4   3   3   4   4   4   4   3   5   4   4   5   3   4   4   4
   48   32   47    5   4   3   4   5   6  10   4   6   4   4   4   6   4   6   3
   48   48   63    3   4   5   6   9   5   5   4   5   4   5   6   3   3   6   4
   48   64   79    6   4   3   5   6   3   4   4   2   7   4   3   4   4   3   7
   48   80   95    4   5   6   6   5   5   5   6   4   4   5   5   5   4  10   5
   48   96  111    4   7   2   6   4   4   3   7   3   4   5   7   4   4   3   5
   48  112  127    4   3   4   5   3   7   4   2   6   4   3   5   6   5   4   5
   49    0   15    5   9   3  10   5   5   7   3   4   6   8   4   4   9   3   3
   49   16   31    9   3   3   7   3   6   4   4   6   5   5   4   5   3   4   3
   49   32   47    5   9   3   3   6   5   1   4   3   5   5   3   7   4   5   6
   49   48   63    4   4   7   2   7   3   6   4   6   6   4   5   3   5   6   2
   49   64   79    5   5   3   6   3   7   3   6   6   3   5   4   5   5   4   4
   49   80   95    7   4   4   5   9   3  10   3   5   5   4   7   4   7   4   6
   49   96  111    2   6   2   4   3   5   3   4   5   5   5   3   6   4   4   4
   49  112  127    5   2  10   1  10   3   5   3   9   3   6   5   5   4   4   5
   50    0   15   10   4   3   9   2   7   3   4   7   5   3   5   4   5   1   4
   50   16   31    3   5   4   4   5   5   5   5   3   6   5   4   6   3   4   4
   50   32   47    5   3   7   3   6   4   4   6   4   8   7   3   4   7   5   4
   50   48   63    5   5   4   4   6   2   8   3   4   7   3   3   7   3   8   3
   50   64   79    6   4   4   4   4   4   5   5   4   6  12   3   7   3   6   3
   50   80   95    4   4   2   7   3   5   3   4   6   5   4   3   7   4   9   4
   50   96  111    4   8   2   4   7   5   5   4   4   6   3   7   7   3   5   4
   50  112  127    6   3   3   8   5   5   3   6   5   7   1  10   4   6   4   5
   51    0   15    6   6   1   1   3   9   4   7   5   5   1   1   2   5   5   4
   51   16   31    5   4   6   4   4   4   4   6   4   6   5   4   5   4   4   4
   51   32   47    7   4   5   5   4   4   5   2   5   3   4   3   4   4   4   4
   51   48   63    5   4   4   6   2   4   5   4   7   3  10   2   8   2  11   1
   51   64   79    6   6   3   5   5   3   4   5   6   6   4   4   3   5   6   4
   51   80   95    6   3   5   3   8   3   4   5   5   4   6   6   6   3   3   3
   51   96  111    7   4   1   5   5   3   6   4   5   3   6   4   7   6   3  10
   51  112  127    4   3   4   4   4  10   4   4   5   6   6   5   5   4   5   6
   52    0   15    3   3   4   4  11   5   4   4   6   5   4   4   4   5   5   4
   52   16   31    3   6   3   4   5   6   3   5   3   4   4   3   4   5   4   3
   52   32   47    4   6   4   4   4   1   4   4   4   4   5   5   4   4   4   4
   52   48   63    4   4   3   4   2   3   2   2   7   3   3   5   5   4   4   3
   52   64   79    9   4   6   2   9   1   1   4   4   4   7   1   4   2   3   7
   52   80   95    4   5   3   5   3   8   7   5   6   4   6   6   4   9   5   6
   52   96  111    6   4   3   6   4   5   5   4   3   5   7   4   3   5   2   7
   52  112  127    3   4   3   3   6   2   4   4   3   1   3   3   2   6   2   4
   53    0   15    5   5   4   4   7   5   4   4   5   4   6   3   7   4   8   4
   53   16   31    4   4   4   4   5   2   7   3   3   1   5   5   3   4   3   1
   53   32   47    7   8   4   4   6   6   4   4   7  10   1   5   5   5   5   5
   53   48   63    4   3   7   3   4   5   5   6   3   6   4   5   6   3   5   4
   53   64   79    8   5   4   4   6   4   4  11   2   5   7   5   5   4   5   6
   53   80   95    6   4   6   4   6   4   5   6   6   5   6   8   8   5   9   5
   53   96  111    7   4   4   4   4   7   3   4  10   1  10   3   7   7   5   4
   53  112  127    4   3   4  10   4   3   3   5   4   1  10   4   2   2   3   4
   54    0   15    5   4   5   6   5   5   4   6   3   9   4   6   1   4   3   6
   54   16   31    4   4  10   3   4   6   3   6   3   3   4   3   6   4   2   2
   54   32   47    5   5   4   3   6   8   4   5   5   6   3   5   5   7   4   4
   54   48   63    5   5   4   5   4   6   4   6   3   4   3   6   4   6   6   4
   54   64   79    5   5   2   7   4  10   4   4   5   4   4   6   4   5   3   5
   54   80   95    4   4   6   4   5   5   4   3   8   6  10   7   7  10   2  10
   54   96  111    1   5   3   4   4   7   3   3  11   2   5   4   8   5   4   6
   54  112  127    5   5   1   5   3   6   5   4   6   6   3   4   5   5   4   6
   55    0   15    4   6   5   5   6   5   3   4   4   4   2   2   5   4   6   4
   55   16   31    4   5   6   6   5   4   5   6   5   6   6   5  10   3   6   3
   55   32   47    5   5   4   4   7   4   4   6   4   5   6   3   6   3   5   3
   55   48   63    9   4   6   4   4   5   4   4   5   7   5   5   4   5   7   3
   55   64   79    6   4   5   5   7   2   7   5   3   5   6   3   5   3   5   4
   55   80   95    4   3   5   4   6   3   5   3   7   2   6   2   6   4   5   6
   55   96  111    6   3   3   5   4   4   6   4   5   2  10   1   4   1   4   4
   55  112  127    8   3   6   3   6   3   4   7   1   4   5   5   4   4   3   5
   56    0   15    6   4   4   6   5   6   5   5   6   5   5   4   3  11   4   5
   56   16   31    3   5   5   6   3   4   6   5   9   7  11   4  10  11   7  10
   56   32   47    2   5   4   3   5   4   5   4   4   4   5   4   5   4   3   5
   56   48   63    2   4   5   7   4   1   5   3   5   5   5   5   3   5   5   2
   56   64   79    5   4   5   5   4   4   7   3   1   4   1   3   1   7   3   6
   56   80   95    3   5   1   8   3   5   4   7   2   4   2  12   3   3   4   3
   56   96  111    6   2   6   4   6   4   3   3   5   3   6   6   4   6   5   4
   56  112  127    5   5   5   3   4   3   3   3   6  10   5   4   5   4   5   6
   57    0   15    7   6   6   4   6   4   5   6   4   6   6   3   6   5   5   6
   57   16   31    3   5   4   4   9   3   5   5   1   4   4   3   4   2   4   1
   57   32   47    4   4   4   2   7   5   3  10   1   9   4   3   4   4   6   2
   57   48   63    8   3   2   6   3   4   4   5   4   5   5   4   5   4   5   2
   57   64   79    5   3   3   3   3   4   3   7   3   3   4   5   4   4   4   3
   57   80   95    4   5   3   4   5   3   3   5   4   5   5   5   5   4   5   2
   57   96  111    5   4   5   3   5   4   5   4   3   5   6   4   6   4   4   5
   57  112  127    6   4   6   6   5   4   4   6   5   5   6   5   6   4   5   5
   58    0   15    7   4   5   6   5   7   5   4   7   4   6   4   6   4   4   5
   58   16   31    5   5   5   2   4   5   3   8   5   3   7   5   4   3   5   3
   58   32   47    4   4   5   4  10   3   4   5   5   4   2   5   4   5   3   5
   58   48   63    2   5   4   7   6   4   3   4   5   3   2   2  10   2   5   4
   58   64   79    5   8   3   9   4   3   5   6   4   4   3   6   3   5   4   5
   58   80   95    5   4   4   5   5   4   4   5   4   6   4   3   4   3   5   2
   58   96  111    5   4   4   4   5   6   3   4   6   5   5   4   5   6   4   5
   58  112  127    4   5   4   4   2  12   2   5   4   4   5   4   5   5   6   5
   59    0   15    7   6   5   5   6   5   6   5   6   5   7   4   6   5   6   5
   59   16   31    4   1   1   8   3   1   1   1   5   4   7   5   6   4   5   5
   59   32   47    4   4   5   7   6   5   3   5   4   3   7   6   4   4   3   5
   59   48   63    5   4   6   3   6   4   5   4   3   3   4   5   4   4   4   4
   59   64   79    4   4   4   5   5   3   6   4   7   5   4   6   5   5   5   4
   59   80   95    5   5   4   4   5   3   5   3   6   7   4   6   3   6   5   5
   59   96  111    5   4   4   5   3   5   5   5   2   2   5   4   5   4   5   3
   59  112  127    5   5   5   4   7   4   5   5   5   5   5   6   6   3   5   4
   60    0   15    6   5   3   4   5   7   5   3   6   6   4   5   5   4   1   5
   60   16   31    5   5   5   4   5   4   5   5   5   4   4   5   5   4   6   6
   60   32   47    2   5   4   4   5   4   6   5   5   4   7   5   3   8   5   8
   60   48   63    6   3   4   4   5   5   4   4   5   2   5   2   4   4   4   4
   60   64   79    4   4   4   4   5   6   4   6   5   5   4   6   3   6   5   4
   60   80   95    4   4   6   3   5   5   3   5   7   3   3   4   4   3   7   2
   60   96  111    5   5   5   4   5   5   4   6   4   4   5   5   5   5   5  10
   60  112  127    4   4   4   5   5   5   3   6   4   6   4   5   6   4   5   6
   61    0   15    4   4   8   5   4   4   6   3   3   8   3   3   5   5   3   5
   61   16   31    6   4   5   4   6   4   4   6   5   4   3  11   7   1   5   6
   61   32   47    4   5   2   5   3   2   8   4   4   6   4   5   5   6   4   4
   61   48   63    4   8   7   3   5   8   5   5   6   5   6   4   4   4   4   4
   61   64   79    4   4   4   4   4   7   5   7   4   9   5   6   4   7   5   7
   61   80   95    4   7   3   3   5   5   3   5   5   4   5   4   6   4   3   6
   61   96  111    1   4   1   4   5   4   5   5   4   6  12  11   3   6  10   4
   61  112  127    5   5   4   4   5   5   6   5   5   6   6   6   5   4   6   5
   62    0   15    4   3  11   3   8   4   4   7   3   8   4   4   6   3   3   2
   62   16   31    6   4   4   5   4   5   4   6   3   7   2   3   5   3   4   1
   62   32   47   12   7  10  11   7   9  10   5   3   9   4   4   5   3   2   5
   62   48   63    4   7   5   8   3   4   3   8   4   5   5   4   4   4   4   4
   62   64   79    4   4   4   4   4   5   6   3   4   4   4   4   7   5   6   8
   62   80   95    5   5   3   5   4   4   5   5   6   5   5   4   5   5   5   4
   62   96  111    4   5   4   5   5   6   5   5   4   3   5   4   3   5   4   4
   62  112  127    3   6   3  11   3   5   4   4   4   4   5   5   4   5   5   6
   63    0   15    5   4   5   4   6   5   4   4   9   3   4   5   4   4   5   3
   63   16   31    5   5   7   4   6   5   6   5   6   4   6   6   3   2   4   4
   63   32   47    9   3   3   4   6   4   3   6   5   1  11   2   5   4   3   4
   63   48   63    3  12   4   5   7   7   4   3   6   5   2   4   4   4   4   4
   63   64   79    4   4   4   4   4   6   5   5   7   6   7   7   6   4   3   5
   63   80   95    5   5   3   4   5   5   4   2  10   5  11   4   6   5   4   4
   63   96  111    4   4   4   5   5   5   4   5   5   4   7   3   6   5   4   4
   63  112  127    5   5   6   4   6   5   6   5   2   5   5   6   5   4   4   4
   64    0   15    3   4   4   5   6   3   5   3   5   4   3   5   4   4   4   4
   64   16   31    3   4   2   4   4   3   5   4   4   3   4   4   4   4   4   3
   64   32   47    5   5   4   6   2   3   3   3   6   5   3   4   4   4   5   5
   64   48   63    6   4   4   5   6   4   7   6   6   4   5   4   4   4   4   4
   64   64   79    4   4   4   4   4   3   5   6   5   6   4   4   6   6   5   5
   64   80   95    4   6   3   4   8   4   5   8   3   5   2   1   4   6   6   4
   64   96  111    5   5   3   6   4   4   5   2   9   2   4   5   4   8   8   6
   64  112  127    2   6   3   7   3   6   3   5   6   5   6   4   5   4   4   8
   65    0   15    4   5   1   4   1   4   5   4   5   4   4   4   4   4   3   5
   65   16   31    4   5   3   3   4   4   2   4   4   3   4   4   4   4   4   4
   65   32   47    4   6   3   4   8   6   4   2   6   1  10   5  10   3   3   4
   65   48   63    6   5   5   6   5   5   4   6   4   5   4   4   4   4   4   4
   65   64   79    4   4   4   4   4   2   4   5   5   5   6   7   4   4   5   3
   65   80   95    5   1   5   3   7   3   6   4   5   3   3   2   3   3   6   1
   65   96  111    7  12   2   4   7   4  12   3   3   4   5   7   3   4   4   5
   65  112  127    4   5   6   4   5   5   3   8   4   4   5   6   7   5   5   4
   66    0   15    5   4   4   3   6   4   4   4   4   4   4   4   4   4   3   4
   66   16   31    6   8   3   4   6   2   9   4   3   4   5   5   2  10   3   6
   66   32   47    5   3   4   5  10   5   4   2   7   3   3   4   3   5   8   2
   66   48   63    1   3   4   6   5   6   3   5   8   4   4   4   4   4   4   4
   66   64   79    4   4   4   4   4   5   3   8   5   4   5   6   5   5   6   6
   66   80   95    3   4   4   4   4   4   6   4   2   6   2   5   4   4   4   4
   66   96  111    4   5   3   5   6   5   5   3   5   3   6   5   2   7   4   4
   66  112  127    4   4   4   4   4   4   5   3   4   1   5   4   1   5   4   4
   67    0   15    4   5   6   3   5   4   5   5   4   9   3   4   5   4   3   5
   67   16   31    5   4   5   4   4   6   4   4   4   4   6   3   6   5   5   5
   67   32   47    5   4   4   4   4   1   5   4   4   2   6   3  11   3   5   3
   67   48   63    3   5   4   4   5   5   3   5   4   9   2   3   4   4   4   4
   67   64   79    4   4   4   4   7   7   5   6   5   5   5   7   2   7   3   5
   67   80   95    4   5   4   3   4   4   4   4   4   6   4   4   5   7   2   4
   67   96  111    9   5   4   3   4   3   6   6   3   5   5   5   4   3   5   4
   67  112  127    6   4   3   4   5   6   3   4   5   4   5   5   9   4   8   3
   68    0   15    5   4   3   2   6   6   4   4   5   2   4   5   4   4   3   4
   68   16   31    1   4   1   5   5   6   4   5   4   4   3   3   3   3   4   4
   68   32   47    3   7   3   3   5   7   3   4   6   4  10   7   2  10   5   3
   68   48   63    6   3   8   3   6   5   4   4   5   5   2   6   4   4   4   4
   68   64   79    4   4   4   4   4   4   5   3   4   3   5   3   6   3   4   4
   68   80   95    3   3   3   3   6   4   4   3   4   3   7   3   8   2   5   3
   68   96  111    3   2   4   5   4   2   5   2   4   3  12   4   6   4   5   6
   68  112  127    6   3   4   4   5   6   4   4   3   4   4   7   4   5   6   5
   69    0   15    4   6   3   3   5   8   5   3   4   3   4   3   4   4   5   2
   69   16   31    5   7   4   4   6   3   6   2   2  10   2   5   1  10   4   4
   69   32   47    4   6   3   4   4   2   4   4   3   6   4   5   4   2   5   2
   69   48   63    7   3   5   4   4   5   6   2   5   4   3   5   4   3   4   2
   69   64   79    7   4   4   3   5   3   5   2   4   4   3   7   5   3   4   4
   69   80   95    3   2   4   4   4   5   4   4   4   3   5   4   5   3   4   2
   69   96  111    5   6   4   4   6   2   5   3   4   3   2   3   1   1   3   3
   69  112  127    4   6   4   4   5   5   4   4   4   4   5   5   6   4   5   5
   70    0   15    4   6   3   5   6   5   5   5   4   5   4   4   5   3   4   5
   70   16   31    5   7   4   5   5   4   5   5   4   4   5   5   5   5   5   2
   70   32   47    6   4   5   4   5   5   3   4   2   3   3   4   4   4   3   6
   70   48   63    2   4   6   3   3   4   4   5   3   3   6   5   4   3   3   6
   70   64   79    3   7   5   4   6   5   6   4   6   4   4   5   5   5   2   3
   70   80   95    5   3   7   1   1   1   3   4   4   5   5   4   4   5   4   4
   70   96  111    5   6   1   1   1   9   3   7   1   4   4   5   5   3   5   4
   70  112  127    5   4   2   6   4   3   3   2   2   3   3   3   4   4   5   5
   71    0   15    7   5   5   7   3   6   8   4   4   4   5   3   6   4   5   3
   71   16   31    6   4   5   4   7   5   4   4   6   4   6  10   4   3   9   4
   71   32   47    6   4   5   3   7   2   7   3   3   7   4   5   5   3   4   4
   71   48   63    5   5   5   6   7   4   3   5   3   6   4   6   5   5   2   5
   71   64   79    6   6   3   5   4   3   4   4   6   3   1   6   1   6   3   4
   71   80   95    3   5   3   5   5   4   4   4   6   5   5   6   4   3   5   4
   71   96  111    5   6   4   4   4   7   3   5   3   6   3   5   4   6   4   1
   71  112  127    1   2   4   5   3   3   5   5   4   5   5   4   8   4   5   4
   72    0   15    5   4   3   4   5   5   5   5   1   7   3   5   2   1   6   3
   72   16   31    5   5   3   5   3   4   6   4   4   4   4   4   5   6   4   2
   72   32   47    8   8  12   8   6   6  11   8   3   5   4   6   6   5   4   4
   72   48   63    4   3   4   1   8   4  11   6   9   9  10   8  10   6   5   5
   72   64   79   12   3   8   4  10   3  12  11   1   3   4   4   3   4   3   3
   72   80   95   10   8  10  10   3   9   7   8  10  12  11   8  10   1  11   5
   72   96  111   11   3   3   9   6   7   7   5  10  10   1   7   8  12   4   8
   72  112  127    3   3   5   6   3   5   3   5   5   5   4   4   4   4   4   4
   73    0   15    5   5   4   5   5   1   4   3   6   4   2   1   2   5   4   5
   73   16   31    4   4   4   6   4   6   4   2   5   7   4   5   3   2   5   4
   73   32   47    5   5   4   5   4   4   4   3   4   5   3   5   3   4   3   4
   73   48   63   11   7  12   8  10   5  11   9   6   4   6   4   4   5   4   4
   73   64   79    5   4   5   4   3   5   5   2  12   1   9   4  10   9   4   9
   73   80   95    8   9   4  11   4  10   1   4   1   5   6   4   3   7   3   3
   73   96  111    8   3   4   4   6   5   3   3   5  11  10   9  10   6  10  12
   73  112  127   10   1  11   3  12   6   3  12   2   3   5   4   4   3   6   4
   74    0   15   11   7   6  11   9   8   9   9   2   2   5   2   4   5   3   4
   74   16   31    4   5   5   3   5   4   5   5   5   3   5   5   3   4   4   1
   74   32   47   11  10   3   6  11  11  10  10  10   4   4   9   7  12   8   9
   74   48   63    2  12   8  11   9   5   5  10   2   7   3   3   6   1  11   1
   74   64   79   11   4   5  12   4  10  10   5   4   3   3   3   4   4   4   2
   74   80   95   12   6   6  10   7   9  11   8   9   2  10   8  10  12   3  10
   74   96  111   12   5   7  12   9  11   2   9   6   7   4  10  12   9   7  12
   74  112  127    3   3   4   4   6   4   4   2  12   3   6   5   3  11   4   8
   75    0   15    5   5  10   6   7   5  12   9  12   8  10   8   9   7   9  10
   75   16   31    2   8   5   4   5   5   4   4   4   5   5   7   3   5   5   4
   75   32   47    4   3   3   3   5   7   3   1  12   4  10   8   2  12   4   4
   75   48   63    3   5   3   6   4   5   4   3  10   7  10  11   5   5  11   7
   75   64   79    4   6   3   4   4   4   7   2   5  12   4   6  10   6  10  10
   75   80   95    6   6  10  12  10  11   2  10   5  11  11   2  11  10   5  10
   75   96  111    5   4   6   5   3   2   5   2  11   9   9  11   5   6  12   5
   75  112  127    3   5   7   3   5   4   2   4   6   5   5   6   4   5   4   5
   76    0   15   12   9   4   4  12   3   5   7   7   8  10   3   8   6  12  11
   76   16   31    1   6   1   8   2   4   3   2   9   8   8   6   3  10   8   8
   76   32   47   11   2   9   9   7   6   9  10   5   5   9   8  10   8   8  10
   76   48   63    1   6   3   3   2  12   1   3   5   5   3   6   4   4   6   2
   76   64   79    6   4   3   4   7   3   4   3  10  11   2  11   5  10   8  11
   76   80   95    9   4  12  10  11   3  11   6   2   9   8   7  11   1  10   8
   76   96  111    4   3   3   5   7   6   4   5   2   3   4   3   4   4   4   4
   76  112  127   10   3  10   6   9   5  11   8   9   6   9  10  11   3  12   4
   77    0   15   10  10   7   9   9   9   8   4   3   9   6  11   6   5  10   7
   77   16   31    3   5   5   1  12   6   2   6  10   8   9  10   8   7   2  11
   77   32   47    3   4   4   3   4   4   5   2   9   8   4   9   4  12   5   3
   77   48   63   11   6  12   3  12   6   4  10   3   4   4   4   4   3   2   5
   77   64   79    5   2   5   4   6   2   4   2   9   9   2  11   3   7  10   4
   77   80   95    1   6   4   2   5   3   3   2   8   4   8  11  11   6  11   5
   77   96  111    6  11   2  11   9   6   6   5   6  11   2  11   9   7  10   8
   77  112  127    7   9   3  11   4   3   4  12   2   4   6   6   6   1   4   3
   78    0   15   11   9   9  12   9   8   5  10   2   5   3   3   6   3   4   2
   78   16   31   11   6   7   8  10   6   5  10   1  10  10   6   8  10   3   4
   78   32   47    8   1  12   6   9  11   3   7  10   9  10  10   8  10  10   5
   78   48   63    8  12   3   2   5   4   5   1  12   1   6   5   4   9   5  11
   78   64   79    4   3   3   3   5   6   4   2   7  11   4  11   9   7   2  11
   78   80   95   10   9   9  12   8   5   5  11   1   6   4   2  10   5   4   2
   78   96  111   11   4   7  10   4  11  10   9  12   7   7  10   2   5  11  10
   78  112  127    2   5   4   2   5   2   5   4   4   4   4   4   5   4   5   4
   79    0   15    6   5   7   5   6   5   5   4   4   4   3   4   4   4   4   4
   79   16   31    5   8  10   8   5   5  10   4  12  11   6  11   9   2  12   4
   79   32   47    6  12   2   8  10   7   9   8   8  10   1   7   6  11   9   4
   79   48   63    7  11   6   6   7   3  10  10   3   5   4   4   6   3   5   2
   79   64   79    6   4   6   4   3   3   5   4   4   4   2   4   5   4   4   1
   79   80   95   12   6  10   9  10   9  10  11   5   6   6  11   7  12   3   7
   79   96  111    4   5   6   5   5   3  12  12   6  12   2   5   5  10   5   1
   79  112  127   12   8   7  10   3   6   5   3   4   5   6   7  11  10   9  12
   80    0   15    5   3   4   2   3  10   1   6   2   1  12   6   2   4   7   3
   80   16   31    6   3   4   5   3   9   3   5  10   3  11  10   4  10  11  10
   80   32   47    2   1  11  11   3   3   4   1   7  12   8   9   9  10  12   7
   80   48   63    5  12   6   6   4  10   7  10   5  10   4   5  10   7   5   5
   80   64   79    9  10   6  11   7   7   9   8  10   3   8   6   8   6   4   8
   80   80   95    8   8   3  11   7   6  12   4  11   8   4  12   2   3   4   3
   80   96  111   10   6   2  11   5   3  10  10   6  10   6  10  10   5  10   8
   80  112  127    7  10   8  10   5   8   3   3  10   7  10   2  10  10  10  10
   81    0   15    8   2   5   5   3   4   4   4   2  11   6  10   6   8   7   9
   81   16   31    5  10   4   5   9   6   3  12   8   5  12   1  12   3   9   7
   81   32   47    4   4   5   5   5   4   2   1  11   1  10   4   5  12   5   8
   81   48   63    4   2   6   4   4   5   5   2  12   5   6  10  10   8   4   8
   81   64   79   10   6   5   7  10   4   7  11   4   3  10   4   7  12   1  12
   81   80   95    2   5   3   2   6   4   3   4   3   8   4   4   4   6   4   1
   81   96  111   10   8   8   9   4   7   5  10  11   7   9   4   9   7  10  12
   81  112  127    1   5   4   4   6   3   3   1   4   4   7   6  10  11   4   4
   82    0   15    7  11   8   4  11   9   8  10   1  12   5   9  10   7  10   9
   82   16   31    3  12   7   8  10   9   9   4   5  11   3   7  11   4  12   6
   82   32   47   10   9   9   7  10   7   8   7  12   7   7  12   9   8   2   6
   82   48   63    4  11   7   7   9  12   4  11   4   3   4   5   2   6   6   1
   82   64   79    6  11   6   6   9   8   8   6   4   9   7  10   6  11   6  12
   82   80   95    3   5   3   3   3   4   4   3   4  11   7   3  11  10   6  11
   82   96  111    8   5  11  11  10   2   8   6  11   6  12   9   3   5   3   4
   82  112  127    4   3   5   2   3   4   6   3   5  10  12   4  12   4   4   4
   83    0   15    7  12   1  11   9   7   9   8   6   6   4   4   5   8  11   7
   83   16   31   12   1   9  11   3   6  12   9   8   7  10   4  10  10   7   5
   83   32   47   10   5   9  10   8  11   2  11  11   8   6   5   5  11   1   8
   83   48   63    2   7  12   6  12   5   3  10   7  12  11   9   8  10   6  11
   83   64   79   11   6   8  10  10   4   9  11   1   5   5   4   5   3   6   3
   83   80   95   10  10   5   9   8   6  12   9  11   4   6  10   8   7  10   7
   83   96  111   11  10   4   9   6  10   9   2  10   7   8   9   3  11   5  10
   83  112  127   10   9   8  11   5   7   6   4  10   7   5  12   8  11  10  10
   84    0   15    3   4   3   7   5   5   6   4   3   4   4   3   6   3   2   6
   84   16   31    2   6   4   4   6   4   4   3  12   7  12  10  11  11   7   4
   84   32   47    9   2  12  11   8  10  11   7   7  12   1  12   7  10   8   7
   84   48   63   11   4  10   3   9   4   8  11   1   4   4   3   6   2   3   2
   84   64   79    8  11   5   4   8   5  10  11   1   4   3   4   4   3   4   4
   84   80   95    5  11   2  10   8  10   4   7   6   3   4   6   4   5   5   2
   84   96  111   10  10   5  10   3  10  10   4  12  11   8   8  10   6  11   1
   84  112  127    9  12   7  10   9   5   5  11  10   8   5   9   8   7   8  11
   85    0   15    6   4   8  10   6   2   6  10  10   7   5   9   6   8   8   8
   85   16   31    2   5   5   4   4   2   4   2  11   6   3  12   9   6   2   9
   85   32   47   10   8  10   8   3  12   4   6   7   7  11   5   5  10   8   2
   85   48   63   12   8   1   7   8   7   3   3   5   4   6   5   6   5   4   1
   85   64   79    3   6   3   4   4   4   3   1  12   1  11   3   8   3  10  12
   85   80   95    8  10   7   6  10   7   6  10   8   1   3   8   3   8  10   3
   85   96  111   11   4   9   8   3  11   9   8   4   4   5   4   4   6   4   4
   85  112  127    4  11  10   9  10   6  12   3  11   6   5  10  10   7  11  10
   86    0   15    4   5   6   9  11   3   5  11   1   3   6   2   5   6   2   3
   86   16   31    5   1   3   5   4   2   8   8   9   3   8  11  10   2   4   1
   86   32   47    7   7   3  11  12   1  10   7  10   9  11  10  10  11   1  10
   86   48   63    1   4   1  11   9   3   8   5  11   5   4  10   8   7  11   2
   86   64   79    5   5  12   9  10   4   8  11  10   5   6  10   9  12   7   6
   86   80   95   10   4  10   4  10   7   9   9  10  10   1   1   4  10   2   4
   86   96  111    6   4   3   7   3   5   1   4   9   5   7  10  11   9   2   9
   86  112  127    9   2  11   8   5   9   4  11   6   9   8   7   9  10   4  11
   87    0   15    4   3   5   3   4   3   4   1  11   8  12   2  12   4  10   7
   87   16   31   10   1   9  10  12   6   4  11   2   1   8   5  10   7   7   8
   87   32   47   12   1   2   1  10   3   2   5   4   4   4   3   5   5   3   3
   87   48   63    8   5   9   4  11   8   8  11  11   4  10   2   8   6   6  10
   87   64   79   10  12   4   9  11  11  11   9   4   5   4   3   4   3   6   4
   87   80   95    5   2  12   7   2   3   4   2  11   9   5   9   3  10  11   8
   87   96  111   11   6  10   8  10   1  12  11   4   9   5  10   1  10   9  10
   87  112  127    7   5   6   3   9   5  11   2  10   8   5   6   6   3  12  10
   88    0   15    6   6   9   8   2   9  10   2  10  11   8  10  11   4  10   9
   88   16   31    1   1   2   4   2   4   2   4   3   3   3   3   5   4   2   1
   88   32   47    8   9   7  10  10   4  10   5   9   6   9   4   2  10   3   5
   88   48   63    4   5   6   3   7   2   4   6   2   3   5   4   4   4   4   2
   88   64   79    4   1   1   4   3   2   2   1  11   4   8   3   6   7  10   5
   88   80   95    5   4   4   4   6   5   4   3  10   8   6  10  10   9  10   5
   88   96  111    4   5   1   2   4   2   4   3   4   3   5   4  10   3   5  10
   88  112  127    4   2   9   6  10   8   9   1   7  10  10   9   7  10   2  11
   89    0   15    3   4   4   3   6   3   4   3   5  10   2   9   4   5   9  12
   89   16   31    6   8   6  12   7   2  11   8   1   4   5   2   6   4   1   2
   89   32   47    5   4   3   3   3   5   4   3   3   8   2   4   4   2   4   2
   89   48   63   10   4   4  10   5   5   3  12   4   3   8   4   4   3   1   4
   89   64   79    3   3   3   2   4   3   1   2  10   3   7   7  10   9   8   7
   89   80   95    4   3   6   3   7   3   4   2   9  11   3   4  10   9   5   8
   89   96  111   11   3  10   6   5   9   5   7   2   3   2   2   4   5   2   2
   89  112  127    9   2   7   7  10   4  10   7   1   4   3   2   3   2   4   4
   90    0   15    4  10  10   6   9  10   6  11   6  10  11   5   6   4   3  11
   90   16   31    1   7   3   4   4   4   4   4   5   4   4   3   4   3   4   2
   90   32   47   12   7   8  10   4  10   6  12   1   5   4   3   4   5   5   4
   90   48   63    5   3   5   4   4   3   4   6   2   5   4   5   5   4   4   2
   90   64   79   10  12   6   2  12   2  10   8   2   2   5   2   4   4   4   5
   90   80   95    3   6   5   5   4   5   6   4   5   3   1   1   1   6   5   8
   90   96  111    5   3   4   5   5   5   4   6   5   4   4   6   4   2   5   2
   90  112  127   11   3   7   7  10   8  10   9   6  10   2  10   4   6   8   4
   91    0   15    4   4   3   3   3   3   4   2   5   5   4   4   3   4   3   6
   91   16   31    3   3   4   3  10   5   6   5   4   9   5   5   5   2   8   3
   91   32   47    4   5   3   2   5   8   3   4   3   5   6   4   2   5   3   3
   91   48   63    8   4   4   3   7   4   5   6   4   4   5   7   6   5   5   1
   91   64   79   11   3  11  10  11   5   9   8   2   8   6  10   3   9   2   7
   91   80   95    2   4   4   3   8   2   4   5   4   3   4   3   3   4   3   2
   91   96  111    5   5   5   5   5   4   6   3   4   4   3   4   4   4   4   1
   91  112  127    8   9  10   8   4   8   9   3   6  10   1  11   6  10   4   4
   92    0   15    4   4   4   2   3   2  10   7   1   4   1   3   2   4   3   1
   92   16   31    5   5   4   6   3   4   5   6   4   7   4   4   6   3   5   3
   92   32   47    4   2   7   3   3   1  10   2   1   2   3   2   2   3   3   3
   92   48   63    3   4   3   4   2   5   4   3   3   3   4   4   3   4   3   2
   92   64   79    3   3   3   3   4   2   3   3   4   1   3   3   2   2   2   2
   92   80   95    3   2   2   6   1   3   1   4   7   8  10  10   3   7   6   8
   92   96  111    6  10  10   7   3   4   4   5   4   3   1   5   3   3   4   4
   92  112  127    2   6   1   5   2   2   1   6   4   3   1   3   2   4   4   4
   93    0   15    4   4   4   4   3   3   3   2   6   6   5  11   7   4   9   4
   93   16   31    3   4   4   5   4   5   3   5   4   4   4   5   4   5   5   3
   93   32   47    4   3   4   2   2   2   3   3   3   2   4   2   2   1   3   2
   93   48   63    3   4   4   3   3   4   3   4   3   4   4   6   1  10   2   3
   93   64   79    4   2   2   1  10   1   3   1   8   7   4   1   4   2   4   1
   93   80   95   10   5  10   2   8   6   7  10   4   1   4   2   2   2   3   1
   93   96  111    6   4   4   4   3   3   4   3   5   5   6   5   4   5   3   3
   93  112  127    8   1  11   1  10   8   5   5   3   8  10   4   4   4   4   4
   94    0   15    4   4   4   4   4   5  10   2   4   1   5  10   3   4  11   7
   94   16   31    3   3   3   6   3   4   5   5   2   4   4   4   3   6   4   3
   94   32   47    3   3   3   4   3   3   3   3   3   2   2   7   4   2   3   2
   94   48   63    8   8  11   2  10   5  12   7   2   4   4   4   4   4   4   1
   94   64   79   11   9  10   4  11   8   5  10   2  10   2   3   6   4  11   6
   94   80   95    1   3   1   3   2   9   1   5   2   4   3   3   4   3   2   3
   94   96  111    4   3   4   3   5   2   5   2  11   1  11   5   4  10   3  10
   94  112  127    4   2   2   3   3   3   2   2   3   5   3   4   4   4   4   4
   95    0   15    4   4   4   4   4   4  10  12   5   7   9   2   8   5  11   9
   95   16   31    2   4   3   3   4   3   4   3   4   7   3   5   4   5   4   2
   95   32   47    3   4   2   4   3   2   2   4   3   2   3   2   3   3   2   2
   95   48   63    6   3   4   3   3   3   5   3   5   8   4   8   4   4   5   3
   95   64   79    6   3   4   4   6   5   6   4   3   4   7   5  11   8   2   6
   95   80   95    7   6   9   8   4  12   1  11   9   9   6  10  12   5  11   8
   95   96  111    3   5   5   5   5   5   4   1   3   4   1   4   4   5   4   4
   95  112  127    4   6   2   6   2   4   3   3   5   4   4   4   4   4   4   4
   96    0   15    4   4   4   4   4   4   4   4   5   4   4   5   4   5   4   5
   96   16   31    5   5   4   6   5   3   8   3   5   5   5   5   5   4   5   5
   96   32   47    4   4   2   5   4   4   3   8   2   7   3   4   3   5   5   3
   96   48   63    7   5   4   4   4   1   3   3   5   4   3   6   2   3   4   3
   96   64   79    3   1   1   4   3   9   1   5   1   3   3   6   5   2   5   5
   96   80   95    3   4   5   6   4   5   5   4   3   4   2  10   4   4   5   3
   96   96  111    3   4   3   4   3   4   3   3   6   3   4   4   4   3   3   4
   96  112  127    3   3   5   3   2  12   1   5   4   4   4   4   4   4   4   4
   97    0   15    4   4   4   4   4   4   4   4   4   7   4   5   5   4   4   5
   97   16   31    4   7   4   3   1   4   3   6   4   2   1   3   4   4   4   4
   97   32   47    6   3   4   4   5   3   4   4   4   5   4   4   5   5   6   4
   97   48   63    5   4   5   3   8  10   4   3   8   6   3   3   4   3   3   3
   97   64   79    3   3   3   2   3   3   2   2   4   3   2   3   4   2   5   3
   97   80   95    6   4   5   5   4   5   4   5   2   4   4   3   3   3   3   3
   97   96  111    3   3   3   2   4   3   1   4   4   1   2   3   3   3   3   3
   97  112  127    4   3   5   6   2   5   4   4   4   4   4   4   4   4   4   4
   98    0   15    4   4   4   4   4   4   4   4   4   5   3   3   6   5   3   3
   98   16   31    4   5   5   5   5   5   3   5   4   4   2   6   4   4   3   4
   98   32   47    3   5   3   2   5   4   4   4   4   6   4   5   1   4   2   4
   98   48   63    3   7   3   2   6   4   4   2   5   4   5   4   5   6   2   6
   98   64   79    3   4   7   4   5   4   5   4   4   1   8   8   9   5   9   4
   98   80   95    5   4   5   4   5   4   6   3   7   3   5   3   9   4   4   3
   98   96  111    7   8   6  10   8   5   4  11   2   4   6   3   5   4   4   5
   98  112  127    2  10   2   4   3   7   5   4   4   4   4   4   4   4   4   4
   99    0   15    4   4   4   4   4   4   4   4   4   4   4   5   3   7   2   2
   99   16   31    6   3   6   4   6   4   4   3   4   4   4   3   4   4   6   4
   99   32   47    4   5   5   3   5   4   5   6   3  10   3   5   3   1   1   4
   99   48   63    6   4   7   1   1   3   4   4   4   7   3   6   4   4   4   6
   99   64   79    4   6   4   5   4   5   4   3   8   4   5   3   5  10   2   4
   99   80   95    6   2   5   6   6   5   4   4   4   4   2   6   3   8   3   2
   99   96  111    7   2   5   4   4   3   4   6   3   5   2   9   3   4   3   5
   99  112  127    4   4   5   5   4   5   4   4   4   4   4   4   4   4   4   4
  100    0   15    4   4   4   4   4   4   4   4   4   4   4   4   7   3   6   4
  100   16   31    6   4   4   5   4   4   7   3   5   5   4   5   5   4   4   4
  100   32   47    3   4   4   6   4   4   5   3   4   4   5   5   4   4   5   4
  100   48   63    5   6   4   2   8   5   3   1   1   4   6   1   4   5   3   4
  100   64   79    4   5   5   4   4   4   2   4   3   4   5   3   4   5   4   5
  100   80   95    3   6   2   6   4   6   5   1   4   6   3   4   5   5   2   4
  100   96  111    1   1   3   3   4   4   4   6   5   4   2  10   2   8   4   5
  100  112  127    4   5   4   2  10   4   4   4   4   4   4   4   4   4   4   4
  101    0   15    4   4   4   4   4   4   4   4   4   4   4   4   7   4   3   5
  101   16   31    5   5   4   5   5   5   5   2   5   5   5   4   4   4   4   4
  101   32   47    6   3   5   4   3   4   4   4   4   3   3   4   3   4   4   4
  101   48   63    5   3   4   6   4   5   4   4   2   5   4   3   5   1   9   3
  101   64   79    5   4   3   2   6   3   4   7   5   3   6   5   4   4   5   5
  101   80   95    4   1   4   1   5   3   3   3   4   5   2   4   5   3   7   5
  101   96  111    2   8   4   6   3   4   3   4   5   4   6   5   4   4   8   3
  101  112  127    5   5   4   7   4   4   4   4   4   4   4   4   4   4   4   4
  102    0   15    4   4   4   4   4   4   4   4   4   4   4   4   4   6   4   4
  102   16   31    4  10   3   5   6   5   5   3   5   6   3   6   5   5   3   5
  102   32   47    3   5   5   4   4   4   5   5   5   3   4   4   4   7   2   4
  102   48   63    5   3   4   5   3   6   7   2   5   4   8   3   7   1   4   4
  102   64   79    5   6   4   5   4   3   6   4   4   4   5   5   2   5   3   5
  102   80   95    2   7   4   4   4   6   4   3   4   4   6   4   7   2   4   5
  102   96  111    5   4   3   4   3   5   4   5   3   5   4   5   4   5   6   3
  102  112  127    5   5   5   4   4   4   4   4   4   4   4   4   4   4   4   4
  103    0   15    4   4   4   4   4   4   4   4   4   4   4   4   4   4   5   4
  103   16   31    6   5   5   6   5   4   7   3   4  12   2   5   5   4   4   3
  103   32   47    5   7   4   4   5   5   3   6   3   5   4   3   4   3   5   3
  103   48   63    4   6   3   7   4   3   4   5   5   5   4   4   5   7   3   5
  103   64   79    4   6   6   3   6   4   6   3   5   4   3  10   4   4   7   4
  103   80   95    4   5   4   5   7   7   5   3   5   5   3   4   4   4   5   3
  103   96  111    7   4   3   4   4   3   5   7   3   5   2   6   3   4   4   5
  103  112  127    4   5   4   4   4   4   4   4   4   4   4   4   4   4   4   4
  104    0   15    4   4   4   4   4   4   4   4   4   4   4   4   4   4   4   4
  104   16   31    5   3   5   4   6   4   5   3   5   2   4   1   9   3   5   3
  104   32   47   12   3   3   5   5   5   4   4   8   2   6   6   4   3   9   3
  104   48   63    6   4   4   5   5   5   3   6   4   4   4   5   3   4   5   4
  104   64   79    3   4   4   4   8   3   4   5   6   2   6   8   4   4   5   3
  104   80   95    5   4   5   4   6   5   4   5   5   4   9   5   6   4   7   5
  104   96  111    5   7   3   4   5   3   4   6   2   5   6   7   4   6   5   7
  104  112  127    4   4   4   4   4   4   4   4   4   4   4   4   4   4   4   4
  105    0   15    4   4   4   4   4   4   4   4   4   4   4   4   4   4   4   4
  105   16   31    1   1   1   5   5   6   4   4   3   4   3   6   5   4   4   5
  105   32   47    6   3  11   4   5  11   8  10   3   7   3  10   4   6   4   3
  105   48   63    6   3   6   2   6   4   4   4   5   4   4   6   4   5   5   4
  105   64   79    6   3   4   5   4   6   4   4   5   3   6   6   4   5   3   3
  105   80   95    5   2   8   4   5   1   4   1   2   5   7   4   5   6   4   5
  105   96  111    6   2   6   5   5   4   4   4   4   5   6   5   4   3   4   6
  105  112  127    4   4   4   4   4   4   4   4   4   4   4   4   4   4   4   4
  106    0   15    4   4   4   4   4   4   4   4   4   4   4   4   4   4   4   4
  106   16   31    4   5   3   4   6   5   6   1   7   5   3   8   4   7   4   5
  106   32   47    6   5   3   6   3   6   3   4   4   3   6   5   5   4   4   5
  106   48   63    5   6   4   4   4   5   4   4   5   5   4   3   6   4   3   6
  106   64   79    3   4   4   5   6   3   8   5   3   8   5   3   5   5   3   8
  106   80   95    3   8   4   4   4   1   4   3   7   4   5   2   4   5   5   5
  106   96  111    4   4   3   6   4   5   4   5   5   3   4   5   6   4   5   4
  106  112  127    4   4   4   4   4   4   4   4   4   4   4   4   4   4   4   4
  107    0   15    4   4   4   4   4   4   4   4   4   4   4   4   4   4   4   4
  107   16   31    4   4   5   4   5   4   3   5   6   2   5   5   5   3   4   3
  107   32   47    4   3   1   5   5   5   7   4   5   5   3   6   7   5   4   5
  107   48   63    4   5   6   5   5   4   4   2   3  12   6   1   3   3   6   3
  107   64   79    5   5   5   2   4   6   4   5   5   5   5   5   5   4   3   2
  107   80   95    6   5   5   3   5   3   4   6   4   3   8   4   5   4   6   7
  107   96  111    4   4   4   3   4   3  10   4   3   6   4   7   3   3   4   4
  107  112  127    4   4   4   4   4   4   4   4   4   4   4   4   4   4   4   4
  108    0   15    4   4   4   4   4   4   4   4   4   4   4   4   4   4   4   4
  108   16   31    4   4   4   4   6   4   3   7   4   3   5   5   4   2   1   4
  108   32   47    4   4   4   4   4   3   3   5   4   8   3   4   7   4   4   4
  108   48   63    4   3   4   4   4   4   4   2   5   3   4   4   1   4   1   2
  108   64   79    7   2   2   1   2   2   1   5   1   5   4   4   5   6   4   3
  108   80   95    9   6   4   5   8   6   7   6   5   4   5   5   4   8   3   6
  108   96  111    5   7   6   5   6   7   3   7   7   4   8   5   8   4   4   4
  108  112  127    4   4   4   4   4   4   4   4   4   4   4   4   4   4   4   4
  109    0   15    4   4   4   4   4   4   4   4   4   4   4   4   4   4   4   4
  109   16   31    4   4   4   4   5   4   5   5   5   4   4   4   4   7   3   4
  109   32   47    5   4   4   3   5   3   4   5   3   5   6   5   4   5   4   4
  109   48   63    5   5   5   3   3   6   3   4   4   3   3   6   2   2   4   8
  109   64   79    5   2   1   1   4   5   3   7   2   1   5   3   7   3   5   5
  109   80   95    7   3   6   4   6   6   6   2  12   9   7  11  11  11  11   8
  109   96  111    4   6   7   5   5   6   8   3   8   5   6   6   4   4   4   4
  109  112  127    4   4   4   4   4   4   4   4   4   4   4   4   4   4   4   4
  110    0   15    4   4   4   4   4   4   4   4   4   4   4   4   4   4   4   4
  110   16   31    4   4   4   4   4   5   6   6   3   8   4   7   5   3   4   3
  110   32   47    5   6   5   5   4   6   5   6   6   7   6   7   6   5   6   8
  110   48   63    4   3   4   4   6   4   4   4   3   8   3   3   1   5   4   5
  110   64   79    4   2   9   3   5   2   5   3   6   5   3   3   5   6   9   3
  110   80   95    5   5   3   6   7   5   5   5   4   7   4   5   4   4   7   4
  110   96  111    4   4   3   4   5   3   4   5   4   5   5   4   4   4   4   4
  110  112  127    4   4   4   4   4   4   4   4   4   4   4   4   4   4   4   4
  111    0   15    4   4   4   4   4   4   4   4   4   4   4   4   4   4   4   4
  111   16   31    4   4   4   4   4   4   9   1   4   4   6   3   6   5   8   5
  111   32   47    3   4   3   3   6   6   7   4   9  10   6   6  11   6  10   8
  111   48   63    4   5   2   2   4   2   4   2   6   3   5   5   3   5   2   5
  111   64   79    2   4   1   4   5   1   6   1   4   1   4   5   5   4   4   4
  111   80   95    5   5   2   2   1   2   4   4   4   4   6   3   5   6   4   5
  111   96  111    4   3   8   1   4   3   4   4   5   4   4   4   4   4   4   4
  111  112  127    4   4   4   4   4   4   4   4   4   4   4   4   4   4   4   4
  112    0   15    4   4   4   4   4   4   4   4   4   4   4   4   4   4   4   4
  112   16   31    4   4   4   4   4   4   4   4   6   7   5   5   6   5   3   8
  112   32   47    3   6   3   5   4   3   4   5   6   5   5   5   4   2   4   6
  112   48   63    6   3   1   5   5   3   1   3   5   6   6   4   5   3  12   5
  112   64   79    4   5   5   4   5   4   4   5   7   4   3   4   6   3   6   4
  112   80   95    5   3   5   3   8   2   4   5   4   5   4   6   5   6   5   4
  112   96  111    4   9   5   5   6   4   5   7   4   4   4   4   4   4   4   4
  112  112  127    4   4   4   4   4   4   4   4   4   4   4   4   4   4   4   4
  113    0   15    4   4   4   4   4   4   4   4   4   4   4   4   4   4   4   4
  113   16   31    4   4   4   4   4   4   4   4   5   5   3   4   4   6   5   5
  113   32   47    5   4   6   2  11   1   4   2   9   3   5   3   4   3   4   4
  113   48   63    3   7   4   4   4   3   7   5   5   5   4   7   9   3   5   4
  113   64   79    4   5   5   6  12   4   5   3   7   2   3   3   1   1   4   1
  113   80   95    4   4   4   3   2   1   3   4   7   3   5   4   6   3   5   4
  113   96  111    4   5   5   6   2   3   7   7   4   4   4   4   4   4   4   4
  113  112  127    4   4   4   4   4   4   4   4   4   4   4   4   4   4   4   4
  114    0   15    4   4   4   4   4   4   4   4   4   4   4   4   4   4   4   4
  114   16   31    4   4   4   4   4   4   4   4   4   6   4   5   5   5   5   5
  114   32   47    4   6   4   6   5   5   5   5   4   5   6   2   7   3   4   3
  114   48   63    5   3   4   4   6   9   2   4   5   3   3   4   5   5   5   4
  114   64   79    5   5   4   4   3   4   4   4   5   6   4   1   4   1   3   1
  114   80   95    3   4   5   4   4   6   4   5   5   4   3   4   7   7   5   6
  114   96  111    4   6   4   4   6   7   4   4   4   4   4   4   4   4   4   4
  114  112  127    4   4   4   4   4   4   4   4   4   4   4   4   4   4   4   4
  115    0   15    4   4   4   4   4   4   4   4   4   4   4   4   4   4   4   4
  115   16   31    4   4   4   4   4   4   4   4   4   4   6   5   4   8  10   2
  115   32   47    5   7   1   4   1   7   1   3   5   3   4   2   5   5   6   4
  115   48   63    4   7   4   4   4   5   4   4   2   5   5   4   4   4   6   4
  115   64   79    4   7   4   4   5   7   4   4   7   3   5   4   4   5   4   5
  115   80   95    6   5   4   5   5   6   4   5   7   3   6   5   5   4  12   4
  115   96  111    5   7   4   4   8   6   4   4   4   4   4   4   4   4   4   4
  115  112  127    4   4   4   4   4   4   4   4   4   4   4   4   4   4   4   4
  116    0   15    4   4   4   4   4   4   4   4   4   4   4   4   4   4   4   4
  116   16   31    4   4   4   4   4   4   4   4   4   4   4   7   3   8   4   6
  116   32   47    4   5   4   6   5   4   5   5   5   5   4   5   7   3   7   4
  116   48   63    5   5   4   6   5   6   5   4   5   6   4   7   4   6   5   5
  116   64   79    3   6   6   5   6   5   5   5   6   5   5   6   6   7   3   5
  116   80   95    6   5   5   5   4   1  10  10   2   5   3   6   4   5   4   4
  116   96  111    7   3   5   3   5   4   4   4   4   4   4   4   4   4   4   4
  116  112  127    4   4   4   4   4   4   4   4   4   4   4   4   4   4   4   4
  117    0   15    4   4   4   4   4   4   4   4   4   4   4   4   4   4   4   4
  117   16   31    4   4   4   4   4   4   4   4   4   4   4   4  10  11   2   4
  117   32   47    6   4   6   5   4   6   3   4   5   4   5   4   5   5   4   7
  117   48   63    5   4   6   5   4   5   5   5   4   5   5   6   4   6   6   5
  117   64   79    6   5   6   7   5   5   5   4   7   4   5   4   3   5   3   6
  117   80   95    4   4   1   1   7   3   5   5   4   6   3   2   5   4   4   4
  117   96  111    5   3   5   5   4   4   4   4   4   4   4   4   4   4   4   4
  117  112  127    4   4   4   4   4   4   4   4   4   4   4   4   4   4   4   4
  118    0   15    4   4   4   4   4   4   4   4   4   4   4   4   4   4   4   4
  118   16   31    4   4   4   4   4   4   4   4   4   4   4   4   4   6   5   5
  118   32   47    6   6   6   6   6   5   5   4   7   5   5   6   6   8   4  10
  118   48   63    6   4   7   5   4   6   7   7   6   5   4   5   5   6   6   6
  118   64   79    6   5   5   6   6   6   6   4   6   5   5   5   6   7   4   8
  118   80   95    3   5   5   5   5   6   4   6   5   5   4   3  11  11   1   6
  118   96  111    3   6   6   4   4   4   4   4   4   4   4   4   4   4   4   4
  118  112  127    4   4   4   4   4   4   4   4   4   4   4   4   4   4   4   4
  119    0   15    4   4   4   4   4   4   4   4   4   4   4   4   4   4   4   4
  119   16   31    4   4   4   4   4   4   4   4   4   4   4   4   4   4   5   5
  119   32   47    5   5   7   6   6   5   5   6   6   1   6   5   7   6   6   5
  119   48   63    4  11   4   6   4   6   5   6   6   6   8   5   5   6   7   5
  119   64   79    4   7   6   5   6   5   7   5   5   7   5   4   5   7   4   5
  119   80   95    4   4   5   3   6   3   6   6   4   4   5   5   7   4   6   4
  119   96  111    5   6   4   4   4   4   4   4   4   4   4   4   4   4   4   4
  119  112  127    4   4   4   4   4   4   4   4   4   4   4   4   4   4   4   4
  120    0   15    4   4   4   4   4   4   4   4   4   4   4   4   4   4   4   4
  120   16   31    4   4   4   4   4   4   4   4   4   4   4   4   4   4   4   4
  120   32   47    4   4   6   3   5   5   4   4   2   5   3   5   4   5   4   3
  120   48   63    4   4   4   6   4   7   4   5   5   5   4   7   4   7   4   4
  120   64   79    8   4   3   5   4   4   4   5   6   1   6   5   3   4   4   4
  120   80   95    3   5   4   4   5   3   5   6   3   3   6   3   3   4   4   6
  120   96  111    4   4   4   4   4   4   4   4   4   4   4   4   4   4   4   4
  120  112  127    4   4   4   4   4   4   4   4   4   4   4   4   4   4   4   4
  121    0   15    4   4   4   4   4   4   4   4   4   4   4   4   4   4   4   4
  121   16   31    4   4   4   4   4   4   4   4   4   4   4   4   4   4   4   4
  121   32   47    7   2   4   3   4   4   5   2   5   4   3   5   5   6   4   5
  121   48   63    4   5   3   2  11   4   3   6   2  11   4   5   5   3   5   3
  121   64   79    3   4   4   2   4   4   5   4   4   3   3   3   6   3   8   3
  121   80   95    7   1   6   3   5   5   3   5   4   2   7   4   4   4   7   4
  121   96  111    4   4   4   4   4   4   4   4   4   4   4   4   4   4   4   4
  121  112  127    4   4   4   4   4   4   4   4   4   4   4   4   4   4   4   4
  122    0   15    4   4   4   4   4   4   4   4   4   4   4   4   4   4   4   4
  122   16   31    4   4   4   4   4   4   4   4   4   4   4   4   4   4   4   4
  122   32   47    4   6   6   5   4   8   6   5   4   6   3   7   6   2  12   6
  122   48   63    3   6  12   4   6   6   5   6   8  12   4   4   6   6   6   5
  122   64   79    4   4   5   4   6   5   5  10   3   4   4   5   5   3   4   6
  122   80   95    4   3   4   3   4   4   2   4   4   6   1   5   4   4   5   4
  122   96  111    4   4   4   4   4   4   4   4   4   4   4   4   4   4   4   4
  122  112  127    4   4   4   4   4   4   4   4   4   4   4   4   4   4   4   4
  123    0   15    4   4   4   4   4   4   4   4   4   4   4   4   4   4   4   4
  123   16   31    4   4   4   4   4   4   4   4   4   4   4   4   4   4   4   4
  123   32   47    4   4   9   5   6   5   7   4   4   6   5   4   4   6   5   6
  123   48   63    4   5   5   5   6  11   6   4   4   5   7   8   3   6   6   7
  123   64   79    6  10   4   4   4   5   4   3   5   4   3   3   4   4   5   2
  123   80   95    6   3   5   6   5   3   4   3   4  10   3   6   5   5   4   4
  123   96  111    4   4   4   4   4   4   4   4   4   4   4   4   4   4   4   4
  123  112  127    4   4   4   4   4   4   4   4   4   4   4   4   4   4   4   4
  124    0   15    4   4   4   4   4   4   4   4   4   4   4   4   4   4   4   4
  124   16   31    4   4   4   4   4   4   4   4   4   4   4   4   4   4   4   4
  124   32   47    4   4   4   5   8   3   7   6   4   5   3   3   6   3   6   4
  124   48   63    4   4   5   5   4   7   2   4   4   4   5   3   4   4   3   6
  124   64   79    5   3   3   6   4   3   7   5   3   3   4   4  12   1  10   6
  124   80   95    3   4   3   5   5   2   5   4   2   1   4   3   7   4   4   4
  124   96  111    4   4   4   4   4   4   4   4   4   4   4   4   4   4   4   4
  124  112  127    4   4   4   4   4   4   4   4   4   4   4   4   4   4   4   4
  125    0   15    4   4   4   4   4   4   4   4   4   4   4   4   4   4   4   4
  125   16   31    4   4   4   4   4   4   4   4   4   4   4   4   4   4   4   4
  125   32   47    4   4   4   4   5   7   5   4   6   3   6   6   4   4   2   6
  125   48   63    6   3   3  10   4   5   4   4   5   5   4   4   5   3   5   4
  125   64   79    5   6   5   5   4   5   3   5   5   9   4   7   6   5   4   4
  125   80   95    4   4   7   3   3   4   4   7   2   7   4   6   4   4   4   4
  125   96  111    4   4   4   4   4   4   4   4   4   4   4   4   4   4   4   4
  125  112  127    4   4   4   4   4   4   4   4   4   4   4   4   4   4   4   4
  126    0   15    4   4   4   4   4   4   4   4   4   4   4   4   4   4   4   4
  126   16   31    4   4   4   4   4   4   4   4   4   4   4   4   4   4   4   4
  126   32   47    4   4   4   4   4   5   6   4   6   4   3   9   4   5   6   4
  126   48   63    5   5   5   5   6   7   6   6   3   4   6   5   4   3   4   5
  126   64   79    4   6   4   4   5  10   3   4   3   6   4   3   5   4   9   2
  126   80   95    5   5   5   3  12   2   5   5   7   5   6   4   4   4   4   4
  126   96  111    4   4   4   4   4   4   4   4   4   4   4   4   4   4   4   4
  126  112  127    4   4   4   4   4   4   4   4   4   4   4   4   4   4   4   4
  127    0   15    4   4   4   4   4   4   4   4   4   4   4   4   4   4   4   4
  127   16   31    4   4   4   4   4   4   4   4   4   4   4   4   4   4   4   4
  127   32   47    4   4   4   4   4   4   4   4   4   4   4   4   4   4   4   4
  127   48   63    4   4   4   4   4   4   4   4   4   4   4   4   4   4   4   4
  127   64   79    4   4   4   4   4   4   4   4   4   4   4   4   4   4   4   4
  127   80   95    4   4   4   4   4   4   4   4   4   4   4   4   4   4   4   4
  127   96  111    4   4   4   4   4   4   4   4   4   4   4   4   4   4   4   4
  127  112  127    4   4   4   4   4   4   4   4   4   4   4   4   4   4   4   4
