2.5 0.25 0.00419287
2.5 0.75 0.00462963
2.5 1.25 0.00122292
2.5 1.75 0.000262055
2.5 2.25 0
2.5 2.75 0
2.5 3.25 0
2.5 3.75 0
2.5 4.25 0
7.5 0.25 0.0242837
7.5 0.75 0.0381726
7.5 1.25 0.0214885
7.5 1.75 0.0059399
7.5 2.25 0.00104822
7.5 2.75 0
7.5 3.25 0
7.5 3.75 0
7.5 4.25 0
12.5 0.25 0.0204403
12.5 0.75 0.041492
12.5 1.25 0.0310971
12.5 1.75 0.0117925
12.5 2.25 0.00462963
12.5 2.75 0.000960867
12.5 3.25 0.000262055
12.5 3.75 0
12.5 4.25 0
17.5 0.25 0.0147624
17.5 0.75 0.0310098
17.5 1.25 0.0256813
17.5 1.75 0.0151118
17.5 2.25 0.00637666
17.5 2.75 0.00192173
17.5 3.25 0.000349406
17.5 3.75 0.000262055
17.5 4.25 0
22.5 0.25 0.0103948
22.5 0.75 0.0234102
22.5 1.25 0.0207023
22.5 1.75 0.0138889
22.5 2.25 0.00637666
22.5 2.75 0.00279525
22.5 3.25 0.000436758
22.5 3.75 8.73515e-05
22.5 4.25 0
27.5 0.25 0.0088225
27.5 0.75 0.020877
27.5 1.25 0.0167715
27.5 1.75 0.0116177
27.5 2.25 0.00637666
27.5 2.75 0.00279525
27.5 3.25 0.000873515
27.5 3.75 0.000524109
27.5 4.25 0
32.5 0.25 0.00777428
32.5 0.75 0.0164221
32.5 1.25 0.0157233
32.5 1.75 0.011181
32.5 2.25 0.0055905
32.5 2.75 0.00139762
32.5 3.25 0.000873515
32.5 3.75 0.000436758
32.5 4.25 8.73515e-05
37.5 0.25 0.00803634
37.5 0.75 0.0152865
37.5 1.25 0.0117051
37.5 1.75 0.00873515
37.5 2.25 0.0055905
37.5 2.75 0.0030573
37.5 3.25 0.00131027
37.5 3.75 0.000174703
37.5 4.25 8.73515e-05
42.5 0.25 0.00690077
42.5 0.75 0.0138015
42.5 1.25 0.0107442
42.5 1.75 0.00794899
42.5 2.25 0.00419287
42.5 2.75 0.00192173
42.5 3.25 0.00122292
42.5 3.75 0.000174703
42.5 4.25 0
47.5 0.25 0.00567785
47.5 0.75 0.012666
47.5 1.25 0.00794899
47.5 1.75 0.00803634
47.5 2.25 0.00428022
47.5 2.75 0.00165968
47.5 3.25 0.000698812
47.5 3.75 0.000436758
47.5 4.25 0.000174703
52.5 0.25 0.00515374
52.5 0.75 0.0101328
52.5 1.25 0.00917191
52.5 1.75 0.00663871
52.5 2.25 0.00323201
52.5 2.75 0.00113557
52.5 3.25 0.000262055
52.5 3.75 8.73515e-05
52.5 4.25 8.73515e-05
57.5 0.25 0.00471698
57.5 0.75 0.00856045
57.5 1.25 0.00786164
57.5 1.75 0.00532844
57.5 2.25 0.00323201
57.5 2.75 0.00139762
57.5 3.25 0.000524109
57.5 3.75 0.000262055
57.5 4.25 0.000174703
62.5 0.25 0.00497904
62.5 0.75 0.00960867
62.5 1.25 0.00716282
62.5 1.75 0.00515374
62.5 2.25 0.00253319
62.5 2.75 0.00148498
62.5 3.25 0.000436758
62.5 3.75 8.73515e-05
62.5 4.25 0.000174703
67.5 0.25 0.00393082
67.5 0.75 0.00873515
67.5 1.25 0.00567785
67.5 1.75 0.0055905
67.5 2.25 0.00218379
67.5 2.75 0.00148498
67.5 3.25 0.000262055
67.5 3.75 0.000262055
67.5 4.25 0
72.5 0.25 0.00314465
72.5 0.75 0.00672607
72.5 1.25 0.00489168
72.5 1.75 0.00384347
72.5 2.25 0.00192173
72.5 2.75 0.00113557
72.5 3.25 0.000436758
72.5 3.75 0.000174703
72.5 4.25 8.73515e-05
77.5 0.25 0.00375611
77.5 0.75 0.00620196
77.5 1.25 0.00611461
77.5 1.75 0.00410552
77.5 2.25 0.00218379
77.5 2.75 0.000786164
77.5 3.25 0.000262055
77.5 3.75 0.000262055
77.5 4.25 0
82.5 0.25 0.0028826
82.5 0.75 0.00454228
82.5 1.25 0.00366876
82.5 1.75 0.00314465
82.5 2.25 0.00192173
82.5 2.75 0.000873515
82.5 3.25 0.000436758
82.5 3.75 0
82.5 4.25 0
87.5 0.25 0.00279525
87.5 0.75 0.00515374
87.5 1.25 0.00524109
87.5 1.75 0.0028826
87.5 2.25 0.00131027
87.5 2.75 0.000786164
87.5 3.25 8.73515e-05
87.5 3.75 8.73515e-05
87.5 4.25 0.000174703
92.5 0.25 0.00253319
92.5 0.75 0.00489168
92.5 1.25 0.0030573
92.5 1.75 0.00227114
92.5 2.25 0.00148498
92.5 2.75 0.000698812
92.5 3.25 0.000174703
92.5 3.75 0.000174703
92.5 4.25 8.73515e-05
97.5 0.25 0.00165968
97.5 0.75 0.00401817
97.5 1.25 0.00349406
97.5 1.75 0.0027079
97.5 2.25 0.00139762
97.5 2.75 0.000524109
97.5 3.25 0.000174703
97.5 3.75 8.73515e-05
97.5 4.25 0
102.5 0.25 0.00183438
102.5 0.75 0.00419287
102.5 1.25 0.00314465
102.5 1.75 0.00174703
102.5 2.25 0.000960867
102.5 2.75 0.000349406
102.5 3.25 0.000524109
102.5 3.75 8.73515e-05
102.5 4.25 0
107.5 0.25 0.00200908
107.5 0.75 0.0028826
107.5 1.25 0.00340671
107.5 1.75 0.00183438
107.5 2.25 0.00139762
107.5 2.75 0.000960867
107.5 3.25 8.73515e-05
107.5 3.75 0
107.5 4.25 0
112.5 0.25 0.00227114
112.5 0.75 0.00323201
112.5 1.25 0.00235849
112.5 1.75 0.00113557
112.5 2.25 0.000524109
112.5 2.75 0.000174703
112.5 3.25 0.000349406
112.5 3.75 8.73515e-05
112.5 4.25 0
117.5 0.25 0.00183438
117.5 0.75 0.0028826
117.5 1.25 0.00192173
117.5 1.75 0.00227114
117.5 2.25 0.000698812
117.5 2.75 0.000611461
117.5 3.25 0.000524109
117.5 3.75 8.73515e-05
117.5 4.25 0
122.5 0.25 0.00104822
122.5 0.75 0.00218379
122.5 1.25 0.00165968
122.5 1.75 0.000786164
122.5 2.25 0.000960867
122.5 2.75 0.000349406
122.5 3.25 8.73515e-05
122.5 3.75 0
122.5 4.25 0
127.5 0.25 0.00122292
127.5 0.75 0.00157233
127.5 1.25 0.00165968
127.5 1.75 0.00139762
127.5 2.25 0.000524109
127.5 2.75 0.000262055
127.5 3.25 0.000174703
127.5 3.75 0
127.5 4.25 0
132.5 0.25 0.000786164
132.5 0.75 0.00183438
132.5 1.25 0.00157233
132.5 1.75 0.00113557
132.5 2.25 0.000262055
132.5 2.75 0
132.5 3.25 8.73515e-05
132.5 3.75 8.73515e-05
132.5 4.25 0
137.5 0.25 0.000698812
137.5 0.75 0.00148498
137.5 1.25 0.000960867
137.5 1.75 0.000786164
137.5 2.25 0.000698812
137.5 2.75 0.000262055
137.5 3.25 8.73515e-05
137.5 3.75 0
137.5 4.25 0
142.5 0.25 0.000436758
142.5 0.75 0.00139762
142.5 1.25 0.000873515
142.5 1.75 0.00122292
142.5 2.25 8.73515e-05
142.5 2.75 8.73515e-05
142.5 3.25 0
142.5 3.75 0
142.5 4.25 0
147.5 0.25 0.000611461
147.5 0.75 0.00131027
147.5 1.25 0.00104822
147.5 1.75 0.000436758
147.5 2.25 0.000262055
147.5 2.75 8.73515e-05
147.5 3.25 0
147.5 3.75 8.73515e-05
147.5 4.25 0
152.5 0.25 0.000262055
152.5 0.75 0.00139762
152.5 1.25 0.000873515
152.5 1.75 0.000873515
152.5 2.25 0.000436758
152.5 2.75 8.73515e-05
152.5 3.25 0.000174703
152.5 3.75 0
152.5 4.25 0
157.5 0.25 0.000262055
157.5 0.75 0.000786164
157.5 1.25 0.000524109
157.5 1.75 0.000262055
157.5 2.25 0.000349406
157.5 2.75 0.000174703
157.5 3.25 8.73515e-05
157.5 3.75 0
157.5 4.25 0
162.5 0.25 0.000436758
162.5 0.75 0.000960867
162.5 1.25 0.000524109
162.5 1.75 0.000349406
162.5 2.25 0
162.5 2.75 0
162.5 3.25 0
162.5 3.75 0
162.5 4.25 8.73515e-05
167.5 0.25 0.000174703
167.5 0.75 0.000611461
167.5 1.25 0.000786164
167.5 1.75 8.73515e-05
167.5 2.25 0.000436758
167.5 2.75 0
167.5 3.25 0
167.5 3.75 8.73515e-05
167.5 4.25 8.73515e-05
172.5 0.25 0.000349406
172.5 0.75 0.000698812
172.5 1.25 0.000436758
172.5 1.75 0.000174703
172.5 2.25 0.000349406
172.5 2.75 8.73515e-05
172.5 3.25 0
172.5 3.75 0
172.5 4.25 0
177.5 0.25 0.000174703
177.5 0.75 0.000698812
177.5 1.25 0.000436758
177.5 1.75 0.000262055
177.5 2.25 0.000262055
177.5 2.75 0
177.5 3.25 0
177.5 3.75 0
177.5 4.25 0
182.5 0.25 0.000349406
182.5 0.75 0.000786164
182.5 1.25 0.000262055
182.5 1.75 0.000436758
182.5 2.25 0
182.5 2.75 0
182.5 3.25 0
182.5 3.75 0
182.5 4.25 8.73515e-05
187.5 0.25 0.000174703
187.5 0.75 0.000174703
187.5 1.25 0.000436758
187.5 1.75 0.000174703
187.5 2.25 0
187.5 2.75 8.73515e-05
187.5 3.25 0
187.5 3.75 8.73515e-05
187.5 4.25 0
192.5 0.25 0.000436758
192.5 0.75 8.73515e-05
192.5 1.25 0.000174703
192.5 1.75 0.000174703
192.5 2.25 8.73515e-05
192.5 2.75 0
192.5 3.25 0
192.5 3.75 0
192.5 4.25 0
197.5 0.25 0.000262055
197.5 0.75 8.73515e-05
197.5 1.25 0.000524109
197.5 1.75 8.73515e-05
197.5 2.25 8.73515e-05
197.5 2.75 0.000174703
197.5 3.25 0
197.5 3.75 0
197.5 4.25 0
202.5 0.25 0.000262055
202.5 0.75 0
202.5 1.25 0.000349406
202.5 1.75 8.73515e-05
202.5 2.25 8.73515e-05
202.5 2.75 0
202.5 3.25 0
202.5 3.75 0
202.5 4.25 0
207.5 0.25 0
207.5 0.75 0.000349406
207.5 1.25 0.000174703
207.5 1.75 8.73515e-05
207.5 2.25 0
207.5 2.75 0
207.5 3.25 0
207.5 3.75 8.73515e-05
207.5 4.25 0
212.5 0.25 0
212.5 0.75 0
212.5 1.25 8.73515e-05
212.5 1.75 8.73515e-05
212.5 2.25 0
212.5 2.75 8.73515e-05
212.5 3.25 0
212.5 3.75 0
212.5 4.25 0
217.5 0.25 8.73515e-05
217.5 0.75 8.73515e-05
217.5 1.25 0
217.5 1.75 0
217.5 2.25 0
217.5 2.75 8.73515e-05
217.5 3.25 0
217.5 3.75 0
217.5 4.25 0
222.5 0.25 8.73515e-05
222.5 0.75 0
222.5 1.25 8.73515e-05
222.5 1.75 8.73515e-05
222.5 2.25 0
222.5 2.75 0
222.5 3.25 0
222.5 3.75 0
222.5 4.25 0
227.5 0.25 0
227.5 0.75 8.73515e-05
227.5 1.25 0.000174703
227.5 1.75 8.73515e-05
227.5 2.25 0
227.5 2.75 8.73515e-05
227.5 3.25 0
227.5 3.75 0
227.5 4.25 0
232.5 0.25 0.000262055
232.5 0.75 0.000349406
232.5 1.25 0
232.5 1.75 0
232.5 2.25 0
232.5 2.75 8.73515e-05
232.5 3.25 0
232.5 3.75 0
232.5 4.25 0
237.5 0.25 8.73515e-05
237.5 0.75 8.73515e-05
237.5 1.25 8.73515e-05
237.5 1.75 0
237.5 2.25 0
237.5 2.75 0
237.5 3.25 0
237.5 3.75 0
237.5 4.25 0
242.5 0.25 8.73515e-05
242.5 0.75 8.73515e-05
242.5 1.25 8.73515e-05
242.5 1.75 0
242.5 2.25 0
242.5 2.75 0
242.5 3.25 0
242.5 3.75 0
242.5 4.25 0
