# Total number of channels
NChannels= 3072

# Total number of ROBoards
NROBoards= 6

# Number of mezzanines for a full board
NROMezzaninesPerFullBoard= 4

# Number of readout boards for each station [one value for each station]
NROBoardsPerStation= 6

# Mezzanine masks to indicate the enabled mezzanines in each board [one value for each ROBoard]
ROMezzanineMasksPerBoard= f f f f f f

# FPGA map: number of FPGA per readout (DAQ) board (i.e number of TDCs per Tel62) - from run 1423 - December 2014
# "NFPGAs" has to be specified for how many readout boards the sub-detector is using   
NFPGAs= 4 4 4 4 4 4

# Number of 25ns-long slots read [one value for each mezzanine]
NSlots= 7 7 7 7 7 7 7 7 7 7 7 7 7 7 7 7 7 7 7 7 7 7 7 7

# Index of last 25ns-long slot [one value for each mezzanine]
LastSlotID= 4 4 4 4 4 4 4 4 4 4 4 4 4 4 4 4 4 4 4 4 4 4 4 4

# Flag to define the treatment of warning printouts
#0: no warnings
#1: general information event-related 
#2: general information detector-related
#3: maximum detail level
WarningsLevel= 3

# Total number of channels of the readout board (used by RecoBase/src/TDCBRawDecoder.cc)
NROChannels= 3072

# Channel map: "position ID" as a function of "readout ID",
# starting from readout ID 0, grouped by 16

# Lightbox 1:
ChRemap_0000= 1111 1112 1113 1114 1115 1116 1117 1118 1121 1122 1123 1124 1125 1126 1127 1128
ChRemap_0001= 1131 1132 1133 1134 1135 1136 1137 1138 1141 1142 1143 1144 1145 1146 1147 1148
ChRemap_0002= 1151 1152 1153 1154 1155 1156 1157 1158 1161 1162 1163 1164 1165 1166 1167 1168
ChRemap_0003= 1171 1172 1173 1174 1175 1176 1177 1178 1181 1182 1183 1184 1185 1186 1187 1188
ChRemap_0004= 2111 2112 2113 2114 2115 2116 2117 2118 2121 2122 2123 2124 2125 2126 2127 2128
ChRemap_0005= 2131 2132 2133 2134 2135 2136 2137 2138 2141 2142 2143 2144 2145 2146 2147 2148
ChRemap_0006= 2151 2152 2153 2154 2155 2156 2157 2158 2161 2162 2163 2164 2165 2166 2167 2168
ChRemap_0007= 2171 2172 2173 2174 2175 2176 2177 2178 2181 2182 2183 2184 2185 2186 2187 2188
ChRemap_0008= 3111 3112 3113 3114 3115 3116 3117 3118 3121 3122 3123 3124 3125 3126 3127 3128
ChRemap_0009= 3131 3132 3133 3134 3135 3136 3137 3138 3141 3142 3143 3144 3145 3146 3147 3148
ChRemap_0010= 3151 3152 3153 3154 3155 3156 3157 3158 3161 3162 3163 3164 3165 3166 3167 3168
ChRemap_0011= 3171 3172 3173 3174 3175 3176 3177 3178 3181 3182 3183 3184 3185 3186 3187 3188
ChRemap_0012= 4111 4112 4113 4114 4115 4116 4117 4118 4121 4122 4123 4124 4125 4126 4127 4128
ChRemap_0013= 4131 4132 4133 4134 4135 4136 4137 4138 4141 4142 4143 4144 4145 4146 4147 4148
ChRemap_0014= 4151 4152 4153 4154 4155 4156 4157 4158 4161 4162 4163 4164 4165 4166 4167 4168
ChRemap_0015= 4171 4172 4173 4174 4175 4176 4177 4178 4181 4182 4183 4184 4185 4186 4187 4188

# Lightbox 2:
ChRemap_0024= 1211 1212 1213 1214 1215 1216 1217 1218 1221 1222 1223 1224 1225 1226 1227 1228
ChRemap_0025= 1231 1232 1233 1234 1235 1236 1237 1238 1241 1242 1243 1244 1245 1246 1247 1248
ChRemap_0026= 1251 1252 1253 1254 1255 1256 1257 1258 1261 1262 1263 1264 1265 1266 1267 1268
ChRemap_0027= 1271 1272 1273 1274 1275 1276 1277 1278 1281 1282 1283 1284 1285 1286 1287 1288
ChRemap_0028= 2211 2212 2213 2214 2215 2216 2217 2218 2221 2222 2223 2224 2225 2226 2227 2228
ChRemap_0029= 2231 2232 2233 2234 2235 2236 2237 2238 2241 2242 2243 2244 2245 2246 2247 2248
ChRemap_0030= 2251 2252 2253 2254 2255 2256 2257 2258 2261 2262 2263 2264 2265 2266 2267 2268
ChRemap_0031= 2271 2272 2273 2274 2275 2276 2277 2278 2281 2282 2283 2284 2285 2286 2287 2288
ChRemap_0032= 3211 3212 3213 3214 3215 3216 3217 3218 3221 3222 3223 3224 3225 3226 3227 3228
ChRemap_0033= 3231 3232 3233 3234 3235 3236 3237 3238 3241 3242 3243 3244 3245 3246 3247 3248
ChRemap_0034= 3251 3252 3253 3254 3255 3256 3257 3258 3261 3262 3263 3264 3265 3266 3267 3268
ChRemap_0035= 3271 3272 3273 3274 3275 3276 3277 3278 3281 3282 3283 3284 3285 3286 3287 3288
ChRemap_0036= 4211 4212 4213 4214 4215 4216 4217 4218 4221 4222 4223 4224 4225 4226 4227 4228
ChRemap_0037= 4231 4232 4233 4234 4235 4236 4237 4238 4241 4242 4243 4244 4245 4246 4247 4248
ChRemap_0038= 4251 4252 4253 4254 4255 4256 4257 4258 4261 4262 4263 4264 4265 4266 4267 4268
ChRemap_0039= 4271 4272 4273 4274 4275 4276 4277 4278 4281 4282 4283 4284 4285 4286 4287 4288

# Lightbox 3:
ChRemap_0048= 1311 1312 1313 1314 1315 1316 1317 1318 1321 1322 1323 1324 1325 1326 1327 1328
ChRemap_0049= 1331 1332 1333 1334 1335 1336 1337 1338 1341 1342 1343 1344 1345 1346 1347 1348
ChRemap_0050= 1351 1352 1353 1354 1355 1356 1357 1358 1361 1362 1363 1364 1365 1366 1367 1368
ChRemap_0051= 1371 1372 1373 1374 1375 1376 1377 1378 1381 1382 1383 1384 1385 1386 1387 1388
ChRemap_0052= 2311 2312 2313 2314 2315 2316 2317 2318 2321 2322 2323 2324 2325 2326 2327 2328
ChRemap_0053= 2331 2332 2333 2334 2335 2336 2337 2338 2341 2342 2343 2344 2345 2346 2347 2348
ChRemap_0054= 2351 2352 2353 2354 2355 2356 2357 2358 2361 2362 2363 2364 2365 2366 2367 2368
ChRemap_0055= 2371 2372 2373 2374 2375 2376 2377 2378 2381 2382 2383 2384 2385 2386 2387 2388
ChRemap_0056= 3311 3312 3313 3314 3315 3316 3317 3318 3321 3322 3323 3324 3325 3326 3327 3328
ChRemap_0057= 3331 3332 3333 3334 3335 3336 3337 3338 3341 3342 3343 3344 3345 3346 3347 3348
ChRemap_0058= 3351 3352 3353 3354 3355 3356 3357 3358 3361 3362 3363 3364 3365 3366 3367 3368
ChRemap_0059= 3371 3372 3373 3374 3375 3376 3377 3378 3381 3382 3383 3384 3385 3386 3387 3388
ChRemap_0060= 4311 4312 4313 4314 4315 4316 4317 4318 4321 4322 4323 4324 4325 4326 4327 4328
ChRemap_0061= 4331 4332 4333 4334 4335 4336 4337 4338 4341 4342 4343 4344 4345 4346 4347 4348
ChRemap_0062= 4351 4352 4353 4354 4355 4356 4357 4358 4361 4362 4363 4364 4365 4366 4367 4368
ChRemap_0063= 4371 4372 4373 4374 4375 4376 4377 4378 4381 4382 4383 4384 4385 4386 4387 4388

# Lightbox 4:
ChRemap_0072= 1411 1412 1413 1414 1415 1416 1417 1418 1421 1422 1423 1424 1425 1426 1427 1428
ChRemap_0073= 1431 1432 1433 1434 1435 1436 1437 1438 1441 1442 1443 1444 1445 1446 1447 1448
ChRemap_0074= 1451 1452 1453 1454 1455 1456 1457 1458 1461 1462 1463 1464 1465 1466 1467 1468
ChRemap_0075= 1471 1472 1473 1474 1475 1476 1477 1478 1481 1482 1483 1484 1485 1486 1487 1488
ChRemap_0076= 2411 2412 2413 2414 2415 2416 2417 2418 2421 2422 2423 2424 2425 2426 2427 2428
ChRemap_0077= 2431 2432 2433 2434 2435 2436 2437 2438 2441 2442 2443 2444 2445 2446 2447 2448
ChRemap_0078= 2451 2452 2453 2454 2455 2456 2457 2458 2461 2462 2463 2464 2465 2466 2467 2468
ChRemap_0079= 2471 2472 2473 2474 2475 2476 2477 2478 2481 2482 2483 2484 2485 2486 2487 2488
ChRemap_0080= 3411 3412 3413 3414 3415 3416 3417 3418 3421 3422 3423 3424 3425 3426 3427 3428
ChRemap_0081= 3431 3432 3433 3434 3435 3436 3437 3438 3441 3442 3443 3444 3445 3446 3447 3448
ChRemap_0082= 3451 3452 3453 3454 3455 3456 3457 3458 3461 3462 3463 3464 3465 3466 3467 3468
ChRemap_0083= 3471 3472 3473 3474 3475 3476 3477 3478 3481 3482 3483 3484 3485 3486 3487 3488
ChRemap_0084= 4411 4412 4413 4414 4415 4416 4417 4418 4421 4422 4423 4424 4425 4426 4427 4428
ChRemap_0085= 4431 4432 4433 4434 4435 4436 4437 4438 4441 4442 4443 4444 4445 4446 4447 4448
ChRemap_0086= 4451 4452 4453 4454 4455 4456 4457 4458 4461 4462 4463 4464 4465 4466 4467 4468
ChRemap_0087= 4471 4472 4473 4474 4475 4476 4477 4478 4481 4482 4483 4484 4485 4486 4487 4488

# Lightbox 5:
ChRemap_0096= 1511 1512 1513 1514 1515 1516 1517 1518 1521 1522 1523 1524 1525 1526 1527 1528
ChRemap_0097= 1531 1532 1533 1534 1535 1536 1537 1538 1541 1542 1543 1544 1545 1546 1547 1548
ChRemap_0098= 1551 1552 1553 1554 1555 1556 1557 1558 1561 1562 1563 1564 1565 1566 1567 1568
ChRemap_0099= 1571 1572 1573 1574 1575 1576 1577 1578 1581 1582 1583 1584 1585 1586 1587 1588
ChRemap_0100= 2511 2512 2513 2514 2515 2516 2517 2518 2521 2522 2523 2524 2525 2526 2527 2528
ChRemap_0101= 2531 2532 2533 2534 2535 2536 2537 2538 2541 2542 2543 2544 2545 2546 2547 2548
ChRemap_0102= 2551 2552 2553 2554 2555 2556 2557 2558 2561 2562 2563 2564 2565 2566 2567 2568
ChRemap_0103= 2571 2572 2573 2574 2575 2576 2577 2578 2581 2582 2583 2584 2585 2586 2587 2588
ChRemap_0104= 3511 3512 3513 3514 3515 3516 3517 3518 3521 3522 3523 3524 3525 3526 3527 3528
ChRemap_0105= 3531 3532 3533 3534 3535 3536 3537 3538 3541 3542 3543 3544 3545 3546 3547 3548
ChRemap_0106= 3551 3552 3553 3554 3555 3556 3557 3558 3561 3562 3563 3564 3565 3566 3567 3568
ChRemap_0107= 3571 3572 3573 3574 3575 3576 3577 3578 3581 3582 3583 3584 3585 3586 3587 3588
ChRemap_0108= 4511 4512 4513 4514 4515 4516 4517 4518 4521 4522 4523 4524 4525 4526 4527 4528
ChRemap_0109= 4531 4532 4533 4534 4535 4536 4537 4538 4541 4542 4543 4544 4545 4546 4547 4548
ChRemap_0110= 4551 4552 4553 4554 4555 4556 4557 4558 4561 4562 4563 4564 4565 4566 4567 4568
ChRemap_0111= 4571 4572 4573 4574 4575 4576 4577 4578 4581 4582 4583 4584 4585 4586 4587 4588

# Lightbox 6:
ChRemap_0120= 1611 1612 1613 1614 1615 1616 1617 1618 1621 1622 1623 1624 1625 1626 1627 1628
ChRemap_0121= 1631 1632 1633 1634 1635 1636 1637 1638 1641 1642 1643 1644 1645 1646 1647 1648
ChRemap_0122= 1651 1652 1653 1654 1655 1656 1657 1658 1661 1662 1663 1664 1665 1666 1667 1668
ChRemap_0123= 1671 1672 1673 1674 1675 1676 1677 1678 1681 1682 1683 1684 1685 1686 1687 1688
ChRemap_0124= 2611 2612 2613 2614 2615 2616 2617 2618 2621 2622 2623 2624 2625 2626 2627 2628
ChRemap_0125= 2631 2632 2633 2634 2635 2636 2637 2638 2641 2642 2643 2644 2645 2646 2647 2648
ChRemap_0126= 2651 2652 2653 2654 2655 2656 2657 2658 2661 2662 2663 2664 2665 2666 2667 2668
ChRemap_0127= 2671 2672 2673 2674 2675 2676 2677 2678 2681 2682 2683 2684 2685 2686 2687 2688
ChRemap_0128= 3611 3612 3613 3614 3615 3616 3617 3618 3621 3622 3623 3624 3625 3626 3627 3628
ChRemap_0129= 3631 3632 3633 3634 3635 3636 3637 3638 3641 3642 3643 3644 3645 3646 3647 3648
ChRemap_0130= 3651 3652 3653 3654 3655 3656 3657 3658 3661 3662 3663 3664 3665 3666 3667 3668
ChRemap_0131= 3671 3672 3673 3674 3675 3676 3677 3678 3681 3682 3683 3684 3685 3686 3687 3688
ChRemap_0132= 4611 4612 4613 4614 4615 4616 4617 4618 4621 4622 4623 4624 4625 4626 4627 4628
ChRemap_0133= 4631 4632 4633 4634 4635 4636 4637 4638 4641 4642 4643 4644 4645 4646 4647 4648
ChRemap_0134= 4651 4652 4653 4654 4655 4656 4657 4658 4661 4662 4663 4664 4665 4666 4667 4668
ChRemap_0135= 4671 4672 4673 4674 4675 4676 4677 4678 4681 4682 4683 4684 4685 4686 4687 4688

# Lightbox 7:
ChRemap_0144= 1711 1712 1713 1714 1715 1716 1717 1718 1721 1722 1723 1724 1725 1726 1727 1728
ChRemap_0145= 1731 1732 1733 1734 1735 1736 1737 1738 1741 1742 1743 1744 1745 1746 1747 1748
ChRemap_0146= 1751 1752 1753 1754 1755 1756 1757 1758 1761 1762 1763 1764 1765 1766 1767 1768
ChRemap_0147= 1771 1772 1773 1774 1775 1776 1777 1778 1781 1782 1783 1784 1785 1786 1787 1788
ChRemap_0148= 2711 2712 2713 2714 2715 2716 2717 2718 2721 2722 2723 2724 2725 2726 2727 2728
ChRemap_0149= 2731 2732 2733 2734 2735 2736 2737 2738 2741 2742 2743 2744 2745 2746 2747 2748
ChRemap_0150= 2751 2752 2753 2754 2755 2756 2757 2758 2761 2762 2763 2764 2765 2766 2767 2768
ChRemap_0151= 2771 2772 2773 2774 2775 2776 2777 2778 2781 2782 2783 2784 2785 2786 2787 2788
ChRemap_0152= 3711 3712 3713 3714 3715 3716 3717 3718 3721 3722 3723 3724 3725 3726 3727 3728
ChRemap_0153= 3731 3732 3733 3734 3735 3736 3737 3738 3741 3742 3743 3744 3745 3746 3747 3748
ChRemap_0154= 3751 3752 3753 3754 3755 3756 3757 3758 3761 3762 3763 3764 3765 3766 3767 3768
ChRemap_0155= 3771 3772 3773 3774 3775 3776 3777 3778 3781 3782 3783 3784 3785 3786 3787 3788
ChRemap_0156= 4711 4712 4713 4714 4715 4716 4717 4718 4721 4722 4723 4724 4725 4726 4727 4728
ChRemap_0157= 4731 4732 4733 4734 4735 4736 4737 4738 4741 4742 4743 4744 4745 4746 4747 4748
ChRemap_0158= 4751 4752 4753 4754 4755 4756 4757 4758 4761 4762 4763 4764 4765 4766 4767 4768
ChRemap_0159= 4771 4772 4773 4774 4775 4776 4777 4778 4781 4782 4783 4784 4785 4786 4787 4788

# Lightbox 8:
ChRemap_0168= 1811 1812 1813 1814 1815 1816 1817 1818 1821 1822 1823 1824 1825 1826 1827 1828
ChRemap_0169= 1831 1832 1833 1834 1835 1836 1837 1838 1841 1842 1843 1844 1845 1846 1847 1848
ChRemap_0170= 1851 1852 1853 1854 1855 1856 1857 1858 1861 1862 1863 1864 1865 1866 1867 1868
ChRemap_0171= 1871 1872 1873 1874 1875 1876 1877 1878 1881 1882 1883 1884 1885 1886 1887 1888
ChRemap_0172= 2811 2812 2813 2814 2815 2816 2817 2818 2821 2822 2823 2824 2825 2826 2827 2828
ChRemap_0173= 2831 2832 2833 2834 2835 2836 2837 2838 2841 2842 2843 2844 2845 2846 2847 2848
ChRemap_0174= 2851 2852 2853 2854 2855 2856 2857 2858 2861 2862 2863 2864 2865 2866 2867 2868
ChRemap_0175= 2871 2872 2873 2874 2875 2876 2877 2878 2881 2882 2883 2884 2885 2886 2887 2888
ChRemap_0176= 3811 3812 3813 3814 3815 3816 3817 3818 3821 3822 3823 3824 3825 3826 3827 3828
ChRemap_0177= 3831 3832 3833 3834 3835 3836 3837 3838 3841 3842 3843 3844 3845 3846 3847 3848
ChRemap_0178= 3851 3852 3853 3854 3855 3856 3857 3858 3861 3862 3863 3864 3865 3866 3867 3868
ChRemap_0179= 3871 3872 3873 3874 3875 3876 3877 3878 3881 3882 3883 3884 3885 3886 3887 3888
ChRemap_0180= 4811 4812 4813 4814 4815 4816 4817 4818 4821 4822 4823 4824 4825 4826 4827 4828
ChRemap_0181= 4831 4832 4833 4834 4835 4836 4837 4838 4841 4842 4843 4844 4845 4846 4847 4848
ChRemap_0182= 4851 4852 4853 4854 4855 4856 4857 4858 4861 4862 4863 4864 4865 4866 4867 4868
ChRemap_0183= 4871 4872 4873 4874 4875 4876 4877 4878 4881 4882 4883 4884 4885 4886 4887 4888
