#tdc 09.0 A33-A48
ThMap_0= 50 80 50 80 50 80 50 80 50 80 50 80 50 50 50 80 
ThMap_1= 50 50 50 80 50 80 50 80 50 80 50 50 50 80 50 80 
#tdc 09.1 A17-A32
ThMap_2= 50 80 50 80 50 80 50 80 50 80 50 80 50 80 50 80 
ThMap_3= 50 80 50 80 50 80 50 80 50 80 50 80 50 80 50 80 
#tdc 09.2 A01-A16
ThMap_4= 50 80 50 80 50 80 50 80 50 80 50 80 50 80 50 80 
ThMap_5= 50 80 50 80 50 80 50 80 50 80 50 80 50 80 50 80 
#tdc 09.3
########################################################################
ThMap_6=  0 0 0 0 0 0 0 0 0 0 0 0 0 0 0 0 
ThMap_7=  0 0 0 0 0 0 0 0 0 0 0 0 0 0 0 0 
########################################################################
#tdc 04.0 B33-B48
ThMap_8= 50 80 50 80 50 80 50 80 50 80 50 80 50 80 50 80 
ThMap_9= 50 80 50 50 50 80 50 80 50 80 50 80 50 80 50 80 
#tdc 04.1 B01-B16
ThMap_10= 50 80 50 80 50 80 50 80 50 80 50 80 50 80 50 80 
ThMap_11= 50 80 50 80 50 80 50 80 50 80 50 80 50 80 50 80 
#tdc 04.2 B17-B32
ThMap_12= 50 80 50 80 50 80 50 80 50 80 50 50 50 50 50 80 
ThMap_13= 50 80 50 80 50 80 50 80 50 80 50 50 50 80 50 80 
#tdc 04.3
########################################################################
ThMap_14=  0 0 0 0 0 0 0 0 0 0 0 0 0 0 0 0 
ThMap_15=  0 0 0 0 0 0 0 0 0 0 0 0 0 0 0 0 
########################################################################
#tdc 102.0
########################################################################
ThMap_16=  0 0 0 0 0 0 0 0 0 0 0 0 0 0 0 0 
ThMap_17=  0 0 0 0 0 0 0 0 0 0 0 0 0 0 0 0 
########################################################################
#tdc 102.1 C01-C16
ThMap_18=  50 80 50 80 50 80 50 80 50 80 50 80 50 80 50 80 
ThMap_19=  50 80 50 80 50 80 50 80 50 80 50 80 50 80 50 80 
#tdc 102.2 C17-C32
ThMap_20=  50 80 50 80 50 80 50 80 50 80 50 80 50 80 50 80 
ThMap_21=  50 80 50 80 50 80 50 80 50 80 50 80 50 80 50 80 
#tdc 102.3 C33-C48
ThMap_22=  50 80 50 80 50 80 50 80 50 80 50 80 50 80 50 80 
ThMap_23=  50 80 50 80 50 80 50 80 50 80 50 80 50 80 50 80 
########################################################################
ThMap_24=  0 0 0 0 0 0 0 0 0 0 0 0 0 0 0 0 
ThMap_25=  0 0 0 0 0 0 0 0 0 0 0 0 0 0 0 0 
ThMap_26=  0 0 0 0 0 0 0 0 0 0 0 0 0 0 0 0 
ThMap_27=  0 0 0 0 0 0 0 0 0 0 0 0 0 0 0 0 
ThMap_28=  0 0 0 0 0 0 0 0 0 0 0 0 0 0 0 0 
ThMap_29=  0 0 0 0 0 0 0 0 0 0 0 0 0 0 0 0 
ThMap_50=  0 0 0 0 0 0 0 0 0 0 0 0 0 0 0 0 
ThMap_31=  0 0 0 0 0 0 0 0 0 0 0 0 0 0 0 0 
########################################################################
#tdc 17.0 D33-D48
ThMap_32= 50 80 50 80 50 80 50 80 50 80 50 80 50 80 50 80 
ThMap_33= 50 80 50 80 50 80 50 80 50 80 50 80 50 80 50 80 
#tdc 17.1 D01-D16
ThMap_34= 50 80 50 80 50 80 50 80 50 80 50 80 50 80 50 80 
ThMap_35= 50 80 50 80 50 50 50 80 50 80 50 80 50 80 50 80 
#tdc 17.2 D17-D32
ThMap_36= 50 80 50 80 50 80 50 80 50 80 50 50 50 80 50 80 
ThMap_37= 50 80 50 80 50 50 50 80 50 80 50 80 50 50 50 80 
#tdc 17.3
ThMap_38=  0 0 0 0 0 0 0 0 0 0 0 0 0 0 0 0 
ThMap_39=  0 0 0 0 0 0 0 0 0 0 0 0 0 0 0 0 
#tdc 14.0 E33-E48
ThMap_50= 50 80 50 80 50 80 50 80 50 80 50 80 50 80 50 80 
ThMap_41= 50 80 50 80 50 80 50 80 50 80 50 80 50 80 50 80 
#tdc 14.1 E01-E16
ThMap_42= 50 80 50 80 50 80 50 80 50 80 50 80 50 80 50 80 
ThMap_43= 50 80 50 80 50 80 50 80 50 80 50 80 50 80 50 80 
#tdc 14.2 E17-E32
ThMap_44= 50 80 50 80 50 80 50 80 50 80 50 80 50 80 50 80 
ThMap_45= 50 80 50 80 50 80 50 80 50 80 50 80 50 80 50 80 
#tdc 14.3
ThMap_46=  0 0 0 0 0 0 0 0 0 0 0 0 0 0 0 0 
ThMap_47=  0 0 0 0 0 0 0 0 0 0 0 0 0 0 0 0 
#tdc 105.0 F33-F48
ThMap_48= 50 80 50 80 50 80 50 80 50 80 50 80 50 80 50 80 
ThMap_49= 50 80 50 80 50 80 50 80 50 80 50 80 50 80 50 80 
#tdc 105.1 F01-F16
ThMap_50= 50 80 50 80 50 80 50 80 50 80 50 80 50 80 50 80 
ThMap_51= 50 80 50 80 50 80 50 80 50 80 50 80 50 80 50 80 
#tdc 105.2 F17-F32
ThMap_52= 50 80 50 80 50 80 50 80 50 80 50 80 50 80 50 80 
ThMap_53= 50 80 50 80 50 80 50 80 50 80 50 80 50 80 50 80 
#tdc 105.2
ThMap_54=  0 0 0 0 0 0 0 0 0 0 0 0 0 0 0 0 
ThMap_55=  0 0 0 0 0 0 0 0 0 0 0 0 0 0 0 0
########################################################################
ThMap_56=  0 0 0 0 0 0 0 0 0 0 0 0 0 0 0 0 
ThMap_57=  0 0 0 0 0 0 0 0 0 0 0 0 0 0 0 0 
ThMap_58=  0 0 0 0 0 0 0 0 0 0 0 0 0 0 0 0 
ThMap_59=  0 0 0 0 0 0 0 0 0 0 0 0 0 0 0 0 
ThMap_50=  0 0 0 0 0 0 0 0 0 0 0 0 0 0 0 0 
ThMap_61=  0 0 0 0 0 0 0 0 0 0 0 0 0 0 0 0 
ThMap_62=  0 0 0 0 0 0 0 0 0 0 0 0 0 0 0 0 
ThMap_63=  0 0 0 0 0 0 0 0 0 0 0 0 0 0 0 0 
####################################################################
