# Slewing corrections obtained with run 4740
#-----------------------------------------------------------------------------------
#SeqID 	p0       	p1			p2	     
#-----------------------------------------------------------------------------------
0      -8.52e-2	   22.2      1.091  
1      -8.284e-2    12.92      2.071		
2      -8.52e-2	   22.2      1.091
3      -8.284e-2    12.92      2.071
4      -8.52e-2	   22.2      1.091
5      -8.284e-2    12.92      2.071
6      -8.52e-2	   22.2      1.091
7      -8.284e-2    12.92      2.071
8      -8.52e-2	   22.2      1.091 
9      -8.284e-2    12.92      2.071	
10     -8.52e-2	   22.2      1.091
11     -8.284e-2    12.92      2.071
12     -8.52e-2	   22.2      1.091
13     -8.284e-2    12.92      2.071
14     -8.52e-2	   22.2      1.091
15     -8.284e-2    12.92      2.071
16     -8.52e-2	   22.2      1.091  
17     -8.284e-2    12.92      2.071	
18     -8.52e-2	   22.2      1.091
19     -8.284e-2    12.92      2.071
20     -8.52e-2	   22.2      1.091
21     -8.284e-2    12.92      2.071
22     -8.52e-2	   22.2      1.091
23     -8.284e-2    12.92      2.071
24     -8.52e-2	   22.2      1.091 
25     -8.284e-2    12.92      2.071	
26     -8.52e-2	   22.2      1.091
27     -8.284e-2    12.92      2.071
28     -8.52e-2	   22.2      1.091
29     -8.284e-2    12.92      2.071
30     -8.52e-2	   22.2      1.091
31     -8.284e-2    12.92      2.071
32     -8.52e-2	   22.2      1.091  
33     -8.284e-2    12.92      2.071	
34     -8.52e-2	   22.2      1.091
35     -8.284e-2    12.92      2.071
36     -8.52e-2	   22.2      1.091
37     -8.284e-2    12.92      2.071
38     -8.52e-2	   22.2      1.091
39     -8.284e-2    12.92      2.071
40     -8.52e-2	   22.2      1.091 
41     -8.284e-2    12.92      2.071	
42     -8.52e-2	   22.2      1.091
43     -8.284e-2    12.92      2.071
44     -8.52e-2	   22.2      1.091
45     -8.284e-2    12.92      2.071
46     -8.52e-2	   22.2      1.091
47     -8.284e-2    12.92      2.071
48     -8.52e-2	   22.2      1.091  
49     -8.284e-2    12.92      2.071	
50     -8.52e-2	   22.2      1.091
51     -8.284e-2    12.92      2.071
52     -8.52e-2	   22.2      1.091
53     -8.284e-2    12.92      2.071
54     -8.52e-2	   22.2      1.091
55     -8.284e-2    12.92      2.071
56     -8.52e-2	   22.2      1.091 
57     -8.284e-2    12.92      2.071	
58     -8.52e-2	   22.2      1.091
59     -8.284e-2    12.92      2.071
60     -8.52e-2	   22.2      1.091
61     -8.284e-2    12.92      2.071
62     -8.52e-2	   22.2      1.091
63     -8.284e-2    12.92      2.071
64     -8.52e-2	   22.2      1.091 
65     -8.284e-2    12.92      2.071	
66     -8.52e-2	   22.2      1.091
67     -8.284e-2    12.92      2.071
68     -8.52e-2	   22.2      1.091
69     -8.284e-2    12.92      2.071
70     -8.52e-2	   22.2      1.091
71     -8.284e-2    12.92      2.071
72     -8.52e-2	   22.2      1.091 
73     -8.284e-2    12.92      2.071	
74     -8.52e-2	   22.2      1.091
75     -8.284e-2    12.92      2.071
76     -8.52e-2	   22.2      1.091
77     -8.284e-2    12.92      2.071
78     -8.52e-2	   22.2      1.091
79     -8.284e-2    12.92      2.071
80     -8.52e-2	   22.2      1.091 
81     -8.284e-2    12.92      2.071	
82     -8.52e-2	   22.2      1.091
83     -8.284e-2    12.92      2.071
84     -8.52e-2	   22.2      1.091
85     -8.284e-2    12.92      2.071
86     -8.52e-2	   22.2      1.091
87     -8.284e-2    12.92      2.071
88     -8.52e-2	   22.2      1.091 
89     -8.284e-2    12.92      2.071	
90     -8.52e-2	   22.2      1.091
91     -8.284e-2    12.92      2.071
92     -8.52e-2	   22.2      1.091
93     -8.284e-2    12.92      2.071
94     -8.52e-2	   22.2      1.091
95     -8.284e-2    12.92      2.071
96     -8.52e-2	   22.2      1.091 
97     -8.284e-2    12.92      2.071	
98     -8.52e-2	   22.2      1.091
99     -8.284e-2    12.92      2.071
100    -8.52e-2	   22.2      1.091
101    -8.284e-2    12.92      2.071
102    -8.52e-2	   22.2      1.091
103    -8.284e-2    12.92      2.071
104    -8.52e-2	   22.2      1.091 
105    -8.284e-2    12.92      2.071	
106    -8.52e-2	   22.2      1.091
107    -8.284e-2    12.92      2.071
108    -8.52e-2	   22.2      1.091
109    -8.284e-2    12.92      2.071
110    -8.52e-2	   22.2      1.091
111    -8.284e-2    12.92      2.071
112    -8.52e-2	   22.2      1.091 
113    -8.284e-2    12.92      2.071	
114    -8.52e-2	   22.2      1.091
115    -8.284e-2    12.92      2.071
116    -8.52e-2	   22.2      1.091
117    -8.284e-2    12.92      2.071
118    -8.52e-2	   22.2      1.091
119    -8.284e-2    12.92      2.071
120    -8.52e-2	   22.2      1.091 
121    -8.284e-2    12.92      2.071	
122    -8.52e-2	   22.2      1.091
123    -8.284e-2    12.92      2.071
124    -8.52e-2	   22.2      1.091
125    -8.284e-2    12.92      2.071
126    -8.52e-2	   22.2      1.091
127    -8.284e-2    12.92      2.071
128    -8.52e-2	   22.2      1.091  
129    -8.284e-2    12.92      2.071	
130    -8.52e-2	   22.2      1.091
131    -8.284e-2    12.92      2.071
132    -8.52e-2	   22.2      1.091
133    -8.284e-2    12.92      2.071
134    -8.52e-2	   22.2      1.091
135    -8.284e-2    12.92      2.071
136    -8.52e-2	   22.2      1.091 
137    -8.284e-2    12.92      2.071	
138    -8.52e-2	   22.2      1.091
139    -8.284e-2    12.92      2.071
140    -8.52e-2	   22.2      1.091
141    -8.284e-2    12.92      2.071
142    -8.52e-2	   22.2      1.091
143    -8.284e-2    12.92      2.071
144    -8.52e-2	   22.2      1.091  
145    -8.284e-2    12.92      2.071	
146    -8.52e-2	   22.2      1.091
147    -8.284e-2    12.92      2.071
148    -8.52e-2	   22.2      1.091
149    -8.284e-2    12.92      2.071
150    -8.52e-2	   22.2      1.091
151    -8.284e-2    12.92      2.071
152    -8.52e-2	   22.2      1.091 
153    -8.284e-2    12.92      2.071	
154    -8.52e-2	   22.2      1.091
155    -8.284e-2    12.92      2.071
156    -8.52e-2	   22.2      1.091
157    -8.284e-2    12.92      2.071
158    -8.52e-2	   22.2      1.091
159    -8.284e-2    12.92      2.071
160    -8.52e-2	   22.2      1.091  
161    -8.284e-2    12.92      2.071	
162    -8.52e-2	   22.2      1.091
163    -8.284e-2    12.92      2.071
164    -8.52e-2	   22.2      1.091
165    -8.284e-2    12.92      2.071
166    -8.52e-2	   22.2      1.091
167    -8.284e-2    12.92      2.071
168    -8.52e-2	   22.2      1.091 
169    -8.284e-2    12.92      2.071	
170    -8.52e-2	   22.2      1.091
171    -8.284e-2    12.92      2.071
172    -8.52e-2	   22.2      1.091
173    -8.284e-2    12.92      2.071
174    -8.52e-2	   22.2      1.091
175    -8.284e-2    12.92      2.071
176    -8.52e-2	   22.2      1.091  
177    -8.284e-2    12.92      2.071	
178    -8.52e-2	   22.2      1.091
179    -8.284e-2    12.92      2.071
180    -8.52e-2	   22.2      1.091
181    -8.284e-2    12.92      2.071
182    -8.52e-2	   22.2      1.091
183    -8.284e-2    12.92      2.071
184    -8.52e-2	   22.2      1.091 
185    -8.284e-2    12.92      2.071	
186    -8.52e-2	   22.2      1.091
187    -8.284e-2    12.92      2.071
188    -8.52e-2	   22.2      1.091
189    -8.284e-2    12.92      2.071
190    -8.52e-2	   22.2      1.091
191    -8.284e-2    12.92      2.071
192    -8.52e-2	   22.2      1.091 
193    -8.284e-2    12.92      2.071	
194    -8.52e-2	   22.2      1.091
195    -8.284e-2    12.92      2.071
196    -8.52e-2	   22.2      1.091
197    -8.284e-2    12.92      2.071
198    -8.52e-2	   22.2      1.091
199    -8.284e-2    12.92      2.071
200    -8.52e-2	   22.2      1.091 
201    -8.284e-2    12.92      2.071	
202    -8.52e-2	   22.2      1.091
203    -8.284e-2    12.92      2.071
204    -8.52e-2	   22.2      1.091
205    -8.284e-2    12.92      2.071
206    -8.52e-2	   22.2      1.091
207    -8.284e-2    12.92      2.071
208    -8.52e-2	   22.2      1.091 
209    -8.284e-2    12.92      2.071	
210    -8.52e-2	   22.2      1.091
211    -8.284e-2    12.92      2.071
212    -8.52e-2	   22.2      1.091
213    -8.284e-2    12.92      2.071
214    -8.52e-2	   22.2      1.091
215    -8.284e-2    12.92      2.071
216    -8.52e-2	   22.2      1.091 
217    -8.284e-2    12.92      2.071	
218    -8.52e-2	   22.2      1.091
219    -8.284e-2    12.92      2.071
220    -8.52e-2	   22.2      1.091
221    -8.284e-2    12.92      2.071
222    -8.52e-2	   22.2      1.091
223    -8.284e-2    12.92      2.071
224    -8.52e-2	   22.2      1.091 
225    -8.284e-2    12.92      2.071	
226    -8.52e-2	   22.2      1.091
227    -8.284e-2    12.92      2.071
228    -8.52e-2	   22.2      1.091
229    -8.284e-2    12.92      2.071
230    -8.52e-2	   22.2      1.091
231    -8.284e-2    12.92      2.071
232    -8.52e-2	   22.2      1.091 
233    -8.284e-2    12.92      2.071	
234    -8.52e-2	   22.2      1.091
235    -8.284e-2    12.92      2.071
236    -8.52e-2	   22.2      1.091
237    -8.284e-2    12.92      2.071
238    -8.52e-2	   22.2      1.091
239    -8.284e-2    12.92      2.071
240    -8.52e-2	   22.2      1.091 
241    -8.284e-2    12.92      2.071	
242    -8.52e-2	   22.2      1.091
243    -8.284e-2    12.92      2.071
244    -8.52e-2	   22.2      1.091
245    -8.284e-2    12.92      2.071
246    -8.52e-2	   22.2      1.091
247    -8.284e-2    12.92      2.071
248    -8.52e-2	   22.2      1.091 
249    -8.284e-2    12.92      2.071	
250    -8.52e-2	   22.2      1.091
251    -8.284e-2    12.92      2.071
252    -8.52e-2	   22.2      1.091
253    -8.284e-2    12.92      2.071
254    -8.52e-2	   22.2      1.091
255    -8.284e-2    12.92      2.071
256    -8.52e-2	   22.2      1.091  
257    -8.284e-2    12.92      2.071	
258    -8.52e-2	   22.2      1.091
259    -8.284e-2    12.92      2.071
260    -8.52e-2	   22.2      1.091
261    -8.284e-2    12.92      2.071
262    -8.52e-2	   22.2      1.091
263    -8.284e-2    12.92      2.071
264    -8.52e-2	   22.2      1.091 
265    -8.284e-2    12.92      2.071	
266    -8.52e-2	   22.2      1.091
267    -8.284e-2    12.92      2.071
268    -8.52e-2	   22.2      1.091
269    -8.284e-2    12.92      2.071
270    -8.52e-2	   22.2      1.091
271    -8.284e-2    12.92      2.071
272    -8.52e-2	   22.2      1.091  
273    -8.284e-2    12.92      2.071	
274    -8.52e-2	   22.2      1.091
275    -8.284e-2    12.92      2.071
276    -8.52e-2	   22.2      1.091
277    -8.284e-2    12.92      2.071
278    -8.52e-2	   22.2      1.091
279    -8.284e-2    12.92      2.071
280    -8.52e-2	   22.2      1.091 
281    -8.284e-2    12.92      2.071	
282    -8.52e-2	   22.2      1.091
283    -8.284e-2    12.92      2.071
284    -8.52e-2	   22.2      1.091
285    -8.284e-2    12.92      2.071
286    -8.52e-2	   22.2      1.091
287    -8.284e-2    12.92      2.071
288    -8.52e-2	   22.2      1.091  
289    -8.284e-2    12.92      2.071	
290    -8.52e-2	   22.2      1.091
291    -8.284e-2    12.92      2.071
292    -8.52e-2	   22.2      1.091
293    -8.284e-2    12.92      2.071
294    -8.52e-2	   22.2      1.091
295    -8.284e-2    12.92      2.071
296    -8.52e-2	   22.2      1.091 
297    -8.284e-2    12.92      2.071	
298    -8.52e-2	   22.2      1.091
299    -8.284e-2    12.92      2.071
300    -8.52e-2	   22.2      1.091
301    -8.284e-2    12.92      2.071
302    -8.52e-2	   22.2      1.091
303    -8.284e-2    12.92      2.071
304    -8.52e-2	   22.2      1.091  
305    -8.284e-2    12.92      2.071	
306    -8.52e-2	   22.2      1.091
307    -8.284e-2    12.92      2.071
308    -8.52e-2	   22.2      1.091
309    -8.284e-2    12.92      2.071
310    -8.52e-2	   22.2      1.091
311    -8.284e-2    12.92      2.071
312    -8.52e-2	   22.2      1.091 
313    -8.284e-2    12.92      2.071	
314    -8.52e-2	   22.2      1.091
315    -8.284e-2    12.92      2.071
316    -8.52e-2	   22.2      1.091
317    -8.284e-2    12.92      2.071
318    -8.52e-2	   22.2      1.091
319    -8.284e-2    12.92      2.071
320    -8.52e-2	   22.2      1.091 
321    -8.284e-2    12.92      2.071	
322    -8.52e-2	   22.2      1.091
323    -8.284e-2    12.92      2.071
324    -8.52e-2	   22.2      1.091
325    -8.284e-2    12.92      2.071
326    -8.52e-2	   22.2      1.091
327    -8.284e-2    12.92      2.071
328    -8.52e-2	   22.2      1.091 
329    -8.284e-2    12.92      2.071	
330    -8.52e-2	   22.2      1.091
331    -8.284e-2    12.92      2.071
332    -8.52e-2	   22.2      1.091
333    -8.284e-2    12.92      2.071
334    -8.52e-2	   22.2      1.091
335    -8.284e-2    12.92      2.071
336    -8.52e-2	   22.2      1.091 
337    -8.284e-2    12.92      2.071	
338    -8.52e-2	   22.2      1.091
339    -8.284e-2    12.92      2.071
340    -8.52e-2	   22.2      1.091
341    -8.284e-2    12.92      2.071
342    -8.52e-2	   22.2      1.091
343    -8.284e-2    12.92      2.071
344    -8.52e-2	   22.2      1.091 
345    -8.284e-2    12.92      2.071	
346    -8.52e-2	   22.2      1.091
347    -8.284e-2    12.92      2.071
348    -8.52e-2	   22.2      1.091
349    -8.284e-2    12.92      2.071
350    -8.52e-2	   22.2      1.091
351    -8.284e-2    12.92      2.071
352    -8.52e-2	   22.2      1.091 
353    -8.284e-2    12.92      2.071	
354    -8.52e-2	   22.2      1.091
355    -8.284e-2    12.92      2.071
356    -8.52e-2	   22.2      1.091
357    -8.284e-2    12.92      2.071
358    -8.52e-2	   22.2      1.091
359    -8.284e-2    12.92      2.071
360    -8.52e-2	   22.2      1.091 
361    -8.284e-2    12.92      2.071	
362    -8.52e-2	   22.2      1.091
363    -8.284e-2    12.92      2.071
364    -8.52e-2	   22.2      1.091
365    -8.284e-2    12.92      2.071
366    -8.52e-2	   22.2      1.091
367    -8.284e-2    12.92      2.071
368    -8.52e-2	   22.2      1.091 
369    -8.284e-2    12.92      2.071	
370    -8.52e-2	   22.2      1.091
371    -8.284e-2    12.92      2.071
372    -8.52e-2	   22.2      1.091
373    -8.284e-2    12.92      2.071
374    -8.52e-2	   22.2      1.091
375    -8.284e-2    12.92      2.071
376    -8.52e-2	   22.2      1.091 
377    -8.284e-2    12.92      2.071	
378    -8.52e-2	   22.2      1.091
379    -8.284e-2    12.92      2.071
380    -8.52e-2	   22.2      1.091
381    -8.284e-2    12.92      2.071
382    -8.52e-2	   22.2      1.091
383    -8.284e-2    12.92      2.071
384    -8.52e-2	   22.2      1.091  
385    -8.284e-2    12.92      2.071	
386    -8.52e-2	   22.2      1.091
387    -8.284e-2    12.92      2.071
388    -8.52e-2	   22.2      1.091
389    -8.284e-2    12.92      2.071
390    -8.52e-2	   22.2      1.091
391    -8.284e-2    12.92      2.071
392    -8.52e-2	   22.2      1.091 
393    -8.284e-2    12.92      2.071	
394    -8.52e-2	   22.2      1.091
395    -8.284e-2    12.92      2.071
396    -8.52e-2	   22.2      1.091
397    -8.284e-2    12.92      2.071
398    -8.52e-2	   22.2      1.091
399    -8.284e-2    12.92      2.071
400    -8.52e-2	   22.2      1.091  
401    -8.284e-2    12.92      2.071	
402    -8.52e-2	   22.2      1.091
403    -8.284e-2    12.92      2.071
404    -8.52e-2	   22.2      1.091
405    -8.284e-2    12.92      2.071
406    -8.52e-2	   22.2      1.091
407    -8.284e-2    12.92      2.071
408    -8.52e-2	   22.2      1.091 
409    -8.284e-2    12.92      2.071	
410    -8.52e-2	   22.2      1.091
411    -8.284e-2    12.92      2.071
412    -8.52e-2	   22.2      1.091
413    -8.284e-2    12.92      2.071
414    -8.52e-2	   22.2      1.091
415    -8.284e-2    12.92      2.071
416    -8.52e-2	   22.2      1.091  
417    -8.284e-2    12.92      2.071	
418    -8.52e-2	   22.2      1.091
419    -8.284e-2    12.92      2.071
420    -8.52e-2	   22.2      1.091
421    -8.284e-2    12.92      2.071
422    -8.52e-2	   22.2      1.091
423    -8.284e-2    12.92      2.071
424    -8.52e-2	   22.2      1.091 
425    -8.284e-2    12.92      2.071	
426    -8.52e-2	   22.2      1.091
427    -8.284e-2    12.92      2.071
428    -8.52e-2	   22.2      1.091
429    -8.284e-2    12.92      2.071
430    -8.52e-2	   22.2      1.091
431    -8.284e-2    12.92      2.071
432    -8.52e-2	   22.2      1.091  
433    -8.284e-2    12.92      2.071	
434    -8.52e-2	   22.2      1.091
435    -8.284e-2    12.92      2.071
436    -8.52e-2	   22.2      1.091
437    -8.284e-2    12.92      2.071
438    -8.52e-2	   22.2      1.091
439    -8.284e-2    12.92      2.071
440    -8.52e-2	   22.2      1.091 
441    -8.284e-2    12.92      2.071	
442    -8.52e-2	   22.2      1.091
443    -8.284e-2    12.92      2.071
444    -8.52e-2	   22.2      1.091
445    -8.284e-2    12.92      2.071
446    -8.52e-2	   22.2      1.091
447    -8.284e-2    12.92      2.071
448    -8.52e-2	   22.2      1.091 
449    -8.284e-2    12.92      2.071	
450    -8.52e-2	   22.2      1.091
451    -8.284e-2    12.92      2.071
452    -8.52e-2	   22.2      1.091
453    -8.284e-2    12.92      2.071
454    -8.52e-2	   22.2      1.091
455    -8.284e-2    12.92      2.071
456    -8.52e-2	   22.2      1.091 
457    -8.284e-2    12.92      2.071	
458    -8.52e-2	   22.2      1.091
459    -8.284e-2    12.92      2.071
460    -8.52e-2	   22.2      1.091
461    -8.284e-2    12.92      2.071
462    -8.52e-2	   22.2      1.091
463    -8.284e-2    12.92      2.071
464    -8.52e-2	   22.2      1.091 
465    -8.284e-2    12.92      2.071	
466    -8.52e-2	   22.2      1.091
467    -8.284e-2    12.92      2.071
468    -8.52e-2	   22.2      1.091
469    -8.284e-2    12.92      2.071
470    -8.52e-2	   22.2      1.091
471    -8.284e-2    12.92      2.071
472    -8.52e-2	   22.2      1.091 
473    -8.284e-2    12.92      2.071	
474    -8.52e-2	   22.2      1.091
475    -8.284e-2    12.92      2.071
476    -8.52e-2	   22.2      1.091
477    -8.284e-2    12.92      2.071
478    -8.52e-2	   22.2      1.091
479    -8.284e-2    12.92      2.071
480    -8.52e-2	   22.2      1.091 
481    -8.284e-2    12.92      2.071	
482    -8.52e-2	   22.2      1.091
483    -8.284e-2    12.92      2.071
484    -8.52e-2	   22.2      1.091
485    -8.284e-2    12.92      2.071
486    -8.52e-2	   22.2      1.091
487    -8.284e-2    12.92      2.071
488    -8.52e-2	   22.2      1.091 
489    -8.284e-2    12.92      2.071	
490    -8.52e-2	   22.2      1.091
491    -8.284e-2    12.92      2.071
492    -8.52e-2	   22.2      1.091
493    -8.284e-2    12.92      2.071
494    -8.52e-2	   22.2      1.091
495    -8.284e-2    12.92      2.071
496    -8.52e-2	   22.2      1.091 
497    -8.284e-2    12.92      2.071	
498    -8.52e-2	   22.2      1.091
499    -8.284e-2    12.92      2.071
500    -8.52e-2	   22.2      1.091
501    -8.284e-2    12.92      2.071
502    -8.52e-2	   22.2      1.091
503    -8.284e-2    12.92      2.071
504    -8.52e-2	   22.2      1.091 
505    -8.284e-2    12.92      2.071	
506    -8.52e-2	   22.2      1.091
507    -8.284e-2    12.92      2.071
508    -8.52e-2	   22.2      1.091
509    -8.284e-2    12.92      2.071
510    -8.52e-2	   22.2      1.091
511    -8.284e-2    12.92      2.071
512    -8.52e-2	   22.2      1.091  
513    -8.284e-2    12.92      2.071	
514    -8.52e-2	   22.2      1.091
515    -8.284e-2    12.92      2.071
516    -8.52e-2	   22.2      1.091
517    -8.284e-2    12.92      2.071
518    -8.52e-2	   22.2      1.091
519    -8.284e-2    12.92      2.071
520    -8.52e-2	   22.2      1.091 
521    -8.284e-2    12.92      2.071	
522    -8.52e-2	   22.2      1.091
523    -8.284e-2    12.92      2.071
524    -8.52e-2	   22.2      1.091
525    -8.284e-2    12.92      2.071
526    -8.52e-2	   22.2      1.091
527    -8.284e-2    12.92      2.071
528    -8.52e-2	   22.2      1.091  
529    -8.284e-2    12.92      2.071	
530    -8.52e-2	   22.2      1.091
531    -8.284e-2    12.92      2.071
532    -8.52e-2	   22.2      1.091
533    -8.284e-2    12.92      2.071
534    -8.52e-2	   22.2      1.091
535    -8.284e-2    12.92      2.071
536    -8.52e-2	   22.2      1.091 
537    -8.284e-2    12.92      2.071	
538    -8.52e-2	   22.2      1.091
539    -8.284e-2    12.92      2.071
540    -8.52e-2	   22.2      1.091
541    -8.284e-2    12.92      2.071
542    -8.52e-2	   22.2      1.091
543    -8.284e-2    12.92      2.071
544    -8.52e-2	   22.2      1.091  
545    -8.284e-2    12.92      2.071	
546    -8.52e-2	   22.2      1.091
547    -8.284e-2    12.92      2.071
548    -8.52e-2	   22.2      1.091
549    -8.284e-2    12.92      2.071
550    -8.52e-2	   22.2      1.091
551    -8.284e-2    12.92      2.071
552    -8.52e-2	   22.2      1.091 
553    -8.284e-2    12.92      2.071	
554    -8.52e-2	   22.2      1.091
555    -8.284e-2    12.92      2.071
556    -8.52e-2	   22.2      1.091
557    -8.284e-2    12.92      2.071
558    -8.52e-2	   22.2      1.091
559    -8.284e-2    12.92      2.071
560    -8.52e-2	   22.2      1.091  
561    -8.284e-2    12.92      2.071	
562    -8.52e-2	   22.2      1.091
563    -8.284e-2    12.92      2.071
564    -8.52e-2	   22.2      1.091
565    -8.284e-2    12.92      2.071
566    -8.52e-2	   22.2      1.091
567    -8.284e-2    12.92      2.071
568    -8.52e-2	   22.2      1.091 
569    -8.284e-2    12.92      2.071	
570    -8.52e-2	   22.2      1.091
571    -8.284e-2    12.92      2.071
572    -8.52e-2	   22.2      1.091
573    -8.284e-2    12.92      2.071
574    -8.52e-2	   22.2      1.091
575    -8.284e-2    12.92      2.071
576    -8.52e-2	   22.2      1.091 
577    -8.284e-2    12.92      2.071	
578    -8.52e-2	   22.2      1.091
579    -8.284e-2    12.92      2.071
580    -8.52e-2	   22.2      1.091
581    -8.284e-2    12.92      2.071
582    -8.52e-2	   22.2      1.091
583    -8.284e-2    12.92      2.071
584    -8.52e-2	   22.2      1.091 
585    -8.284e-2    12.92      2.071	
586    -8.52e-2	   22.2      1.091
587    -8.284e-2    12.92      2.071
588    -8.52e-2	   22.2      1.091
589    -8.284e-2    12.92      2.071
590    -8.52e-2	   22.2      1.091
591    -8.284e-2    12.92      2.071
592    -8.52e-2	   22.2      1.091 
593    -8.284e-2    12.92      2.071	
594    -8.52e-2	   22.2      1.091
595    -8.284e-2    12.92      2.071
596    -8.52e-2	   22.2      1.091
597    -8.284e-2    12.92      2.071
598    -8.52e-2	   22.2      1.091
599    -8.284e-2    12.92      2.071
600    -8.52e-2	   22.2      1.091 
601    -8.284e-2    12.92      2.071	
602    -8.52e-2	   22.2      1.091
603    -8.284e-2    12.92      2.071
604    -8.52e-2	   22.2      1.091
605    -8.284e-2    12.92      2.071
606    -8.52e-2	   22.2      1.091
607    -8.284e-2    12.92      2.071
608    -8.52e-2	   22.2      1.091 
609    -8.284e-2    12.92      2.071	
610    -8.52e-2	   22.2      1.091
611    -8.284e-2    12.92      2.071
612    -8.52e-2	   22.2      1.091
613    -8.284e-2    12.92      2.071
614    -8.52e-2	   22.2      1.091
615    -8.284e-2    12.92      2.071
616    -8.52e-2	   22.2      1.091 
617    -8.284e-2    12.92      2.071	
618    -8.52e-2	   22.2      1.091
619    -8.284e-2    12.92      2.071
620    -8.52e-2	   22.2      1.091
621    -8.284e-2    12.92      2.071
622    -8.52e-2	   22.2      1.091
623    -8.284e-2    12.92      2.071
624    -8.52e-2	   22.2      1.091 
625    -8.284e-2    12.92      2.071	
626    -8.52e-2	   22.2      1.091
627    -8.284e-2    12.92      2.071
628    -8.52e-2	   22.2      1.091
629    -8.284e-2    12.92      2.071
630    -8.52e-2	   22.2      1.091
631    -8.284e-2    12.92      2.071
632    -8.52e-2	   22.2      1.091 
633    -8.284e-2    12.92      2.071	
634    -8.52e-2	   22.2      1.091
635    -8.284e-2    12.92      2.071
636    -8.52e-2	   22.2      1.091
637    -8.284e-2    12.92      2.071
638    -8.52e-2	   22.2      1.091
639    -8.284e-2    12.92      2.071
640    -8.52e-2	   22.2      1.091  
641    -8.284e-2    12.92      2.071	
642    -8.52e-2	   22.2      1.091
643    -8.284e-2    12.92      2.071
644    -8.52e-2	   22.2      1.091
645    -8.284e-2    12.92      2.071
646    -8.52e-2	   22.2      1.091
647    -8.284e-2    12.92      2.071
648    -8.52e-2	   22.2      1.091 
649    -8.284e-2    12.92      2.071	
650    -8.52e-2	   22.2      1.091
651    -8.284e-2    12.92      2.071
652    -8.52e-2	   22.2      1.091
653    -8.284e-2    12.92      2.071
654    -8.52e-2	   22.2      1.091
655    -8.284e-2    12.92      2.071
656    -8.52e-2	   22.2      1.091  
657    -8.284e-2    12.92      2.071	
658    -8.52e-2	   22.2      1.091
659    -8.284e-2    12.92      2.071
660    -8.52e-2	   22.2      1.091
661    -8.284e-2    12.92      2.071
662    -8.52e-2	   22.2      1.091
663    -8.284e-2    12.92      2.071
664    -8.52e-2	   22.2      1.091 
665    -8.284e-2    12.92      2.071	
666    -8.52e-2	   22.2      1.091
667    -8.284e-2    12.92      2.071
668    -8.52e-2	   22.2      1.091
669    -8.284e-2    12.92      2.071
670    -8.52e-2	   22.2      1.091
671    -8.284e-2    12.92      2.071
672    -8.52e-2	   22.2      1.091  
673    -8.284e-2    12.92      2.071	
674    -8.52e-2	   22.2      1.091
675    -8.284e-2    12.92      2.071
676    -8.52e-2	   22.2      1.091
677    -8.284e-2    12.92      2.071
678    -8.52e-2	   22.2      1.091
679    -8.284e-2    12.92      2.071
680    -8.52e-2	   22.2      1.091 
681    -8.284e-2    12.92      2.071	
682    -8.52e-2	   22.2      1.091
683    -8.284e-2    12.92      2.071
684    -8.52e-2	   22.2      1.091
685    -8.284e-2    12.92      2.071
686    -8.52e-2	   22.2      1.091
687    -8.284e-2    12.92      2.071
688    -8.52e-2	   22.2      1.091  
689    -8.284e-2    12.92      2.071	
690    -8.52e-2	   22.2      1.091
691    -8.284e-2    12.92      2.071
692    -8.52e-2	   22.2      1.091
693    -8.284e-2    12.92      2.071
694    -8.52e-2	   22.2      1.091
695    -8.284e-2    12.92      2.071
696    -8.52e-2	   22.2      1.091 
697    -8.284e-2    12.92      2.071	
698    -8.52e-2	   22.2      1.091
699    -8.284e-2    12.92      2.071
700    -8.52e-2	   22.2      1.091
701    -8.284e-2    12.92      2.071
702    -8.52e-2	   22.2      1.091
703    -8.284e-2    12.92      2.071
704    -8.52e-2	   22.2      1.091 
705    -8.284e-2    12.92      2.071	
706    -8.52e-2	   22.2      1.091
707    -8.284e-2    12.92      2.071
708    -8.52e-2	   22.2      1.091
709    -8.284e-2    12.92      2.071
710    -8.52e-2	   22.2      1.091
711    -8.284e-2    12.92      2.071
712    -8.52e-2	   22.2      1.091 
713    -8.284e-2    12.92      2.071	
714    -8.52e-2	   22.2      1.091
715    -8.284e-2    12.92      2.071
716    -8.52e-2	   22.2      1.091
717    -8.284e-2    12.92      2.071
718    -8.52e-2	   22.2      1.091
719    -8.284e-2    12.92      2.071
720    -8.52e-2	   22.2      1.091 
721    -8.284e-2    12.92      2.071	
722    -8.52e-2	   22.2      1.091
723    -8.284e-2    12.92      2.071
724    -8.52e-2	   22.2      1.091
725    -8.284e-2    12.92      2.071
726    -8.52e-2	   22.2      1.091
727    -8.284e-2    12.92      2.071
728    -8.52e-2	   22.2      1.091 
729    -8.284e-2    12.92      2.071	
730    -8.52e-2	   22.2      1.091
731    -8.284e-2    12.92      2.071
732    -8.52e-2	   22.2      1.091
733    -8.284e-2    12.92      2.071
734    -8.52e-2	   22.2      1.091
735    -8.284e-2    12.92      2.071
736    -8.52e-2	   22.2      1.091 
737    -8.284e-2    12.92      2.071	
738    -8.52e-2	   22.2      1.091
739    -8.284e-2    12.92      2.071
740    -8.52e-2	   22.2      1.091
741    -8.284e-2    12.92      2.071
742    -8.52e-2	   22.2      1.091
743    -8.284e-2    12.92      2.071
744    -8.52e-2	   22.2      1.091 
745    -8.284e-2    12.92      2.071	
746    -8.52e-2	   22.2      1.091
747    -8.284e-2    12.92      2.071
748    -8.52e-2	   22.2      1.091
749    -8.284e-2    12.92      2.071
750    -8.52e-2	   22.2      1.091
751    -8.284e-2    12.92      2.071
752    -8.52e-2	   22.2      1.091 
753    -8.284e-2    12.92      2.071	
754    -8.52e-2	   22.2      1.091
755    -8.284e-2    12.92      2.071
756    -8.52e-2	   22.2      1.091
757    -8.284e-2    12.92      2.071
758    -8.52e-2	   22.2      1.091
759    -8.284e-2    12.92      2.071
760    -8.52e-2	   22.2      1.091 
761    -8.284e-2    12.92      2.071	
762    -8.52e-2	   22.2      1.091
763    -8.284e-2    12.92      2.071
764    -8.52e-2	   22.2      1.091
765    -8.284e-2    12.92      2.071
766    -8.52e-2	   22.2      1.091
767    -8.284e-2    12.92      2.071
768    -8.52e-2	   22.2      1.091  
769    -8.284e-2    12.92      2.071	
770    -8.52e-2	   22.2      1.091
771    -8.284e-2    12.92      2.071
772    -8.52e-2	   22.2      1.091
773    -8.284e-2    12.92      2.071
774    -8.52e-2	   22.2      1.091
775    -8.284e-2    12.92      2.071
776    -8.52e-2	   22.2      1.091 
777    -8.284e-2    12.92      2.071	
778    -8.52e-2	   22.2      1.091
779    -8.284e-2    12.92      2.071
780    -8.52e-2	   22.2      1.091
781    -8.284e-2    12.92      2.071
782    -8.52e-2	   22.2      1.091
783    -8.284e-2    12.92      2.071
784    -8.52e-2	   22.2      1.091  
785    -8.284e-2    12.92      2.071	
786    -8.52e-2	   22.2      1.091
787    -8.284e-2    12.92      2.071
788    -8.52e-2	   22.2      1.091
789    -8.284e-2    12.92      2.071
790    -8.52e-2	   22.2      1.091
791    -8.284e-2    12.92      2.071
792    -8.52e-2	   22.2      1.091 
793    -8.284e-2    12.92      2.071	
794    -8.52e-2	   22.2      1.091
795    -8.284e-2    12.92      2.071
796    -8.52e-2	   22.2      1.091
797    -8.284e-2    12.92      2.071
798    -8.52e-2	   22.2      1.091
799    -8.284e-2    12.92      2.071
800    -8.52e-2	   22.2      1.091  
801    -8.284e-2    12.92      2.071	
802    -8.52e-2	   22.2      1.091
803    -8.284e-2    12.92      2.071
804    -8.52e-2	   22.2      1.091
805    -8.284e-2    12.92      2.071
806    -8.52e-2	   22.2      1.091
807    -8.284e-2    12.92      2.071
808    -8.52e-2	   22.2      1.091 
809    -8.284e-2    12.92      2.071	
810    -8.52e-2	   22.2      1.091
811    -8.284e-2    12.92      2.071
812    -8.52e-2	   22.2      1.091
813    -8.284e-2    12.92      2.071
814    -8.52e-2	   22.2      1.091
815    -8.284e-2    12.92      2.071
816    -8.52e-2	   22.2      1.091  
817    -8.284e-2    12.92      2.071	
818    -8.52e-2	   22.2      1.091
819    -8.284e-2    12.92      2.071
820    -8.52e-2	   22.2      1.091
821    -8.284e-2    12.92      2.071
822    -8.52e-2	   22.2      1.091
823    -8.284e-2    12.92      2.071
824    -8.52e-2	   22.2      1.091 
825    -8.284e-2    12.92      2.071	
826    -8.52e-2	   22.2      1.091
827    -8.284e-2    12.92      2.071
828    -8.52e-2	   22.2      1.091
829    -8.284e-2    12.92      2.071
830    -8.52e-2	   22.2      1.091
831    -8.284e-2    12.92      2.071
832    -8.52e-2	   22.2      1.091 
833    -8.284e-2    12.92      2.071	
834    -8.52e-2	   22.2      1.091
835    -8.284e-2    12.92      2.071
836    -8.52e-2	   22.2      1.091
837    -8.284e-2    12.92      2.071
838    -8.52e-2	   22.2      1.091
839    -8.284e-2    12.92      2.071
840    -8.52e-2	   22.2      1.091 
841    -8.284e-2    12.92      2.071	
842    -8.52e-2	   22.2      1.091
843    -8.284e-2    12.92      2.071
844    -8.52e-2	   22.2      1.091
845    -8.284e-2    12.92      2.071
846    -8.52e-2	   22.2      1.091
847    -8.284e-2    12.92      2.071
848    -8.52e-2	   22.2      1.091 
849    -8.284e-2    12.92      2.071	
850    -8.52e-2	   22.2      1.091
851    -8.284e-2    12.92      2.071
852    -8.52e-2	   22.2      1.091
853    -8.284e-2    12.92      2.071
854    -8.52e-2	   22.2      1.091
855    -8.284e-2    12.92      2.071
856    -8.52e-2	   22.2      1.091 
857    -8.284e-2    12.92      2.071	
858    -8.52e-2	   22.2      1.091
859    -8.284e-2    12.92      2.071
860    -8.52e-2	   22.2      1.091
861    -8.284e-2    12.92      2.071
862    -8.52e-2	   22.2      1.091
863    -8.284e-2    12.92      2.071
864    -8.52e-2	   22.2      1.091 
865    -8.284e-2    12.92      2.071	
866    -8.52e-2	   22.2      1.091
867    -8.284e-2    12.92      2.071
868    -8.52e-2	   22.2      1.091
869    -8.284e-2    12.92      2.071
870    -8.52e-2	   22.2      1.091
871    -8.284e-2    12.92      2.071
872    -8.52e-2	   22.2      1.091 
873    -8.284e-2    12.92      2.071	
874    -8.52e-2	   22.2      1.091
875    -8.284e-2    12.92      2.071
876    -8.52e-2	   22.2      1.091
877    -8.284e-2    12.92      2.071
878    -8.52e-2	   22.2      1.091
879    -8.284e-2    12.92      2.071
880    -8.52e-2	   22.2      1.091 
881    -8.284e-2    12.92      2.071	
882    -8.52e-2	   22.2      1.091
883    -8.284e-2    12.92      2.071
884    -8.52e-2	   22.2      1.091
885    -8.284e-2    12.92      2.071
886    -8.52e-2	   22.2      1.091
887    -8.284e-2    12.92      2.071
888    -8.52e-2	   22.2      1.091 
889    -8.284e-2    12.92      2.071	
890    -8.52e-2	   22.2      1.091
891    -8.284e-2    12.92      2.071
892    -8.52e-2	   22.2      1.091
893    -8.284e-2    12.92      2.071
894    -8.52e-2	   22.2      1.091
895    -8.284e-2    12.92      2.071
896    -8.52e-2	   22.2      1.091  
897    -8.284e-2    12.92      2.071	
898    -8.52e-2	   22.2      1.091
899    -8.284e-2    12.92      2.071
900    -8.52e-2	   22.2      1.091
901    -8.284e-2    12.92      2.071
902    -8.52e-2	   22.2      1.091
903    -8.284e-2    12.92      2.071
904    -8.52e-2	   22.2      1.091 
905    -8.284e-2    12.92      2.071	
906    -8.52e-2	   22.2      1.091
907    -8.284e-2    12.92      2.071
908    -8.52e-2	   22.2      1.091
909    -8.284e-2    12.92      2.071
910    -8.52e-2	   22.2      1.091
911    -8.284e-2    12.92      2.071
912    -8.52e-2	   22.2      1.091  
913    -8.284e-2    12.92      2.071	
914    -8.52e-2	   22.2      1.091
915    -8.284e-2    12.92      2.071
916    -8.52e-2	   22.2      1.091
917    -8.284e-2    12.92      2.071
918    -8.52e-2	   22.2      1.091
919    -8.284e-2    12.92      2.071
920    -8.52e-2	   22.2      1.091 
921    -8.284e-2    12.92      2.071	
922    -8.52e-2	   22.2      1.091
923    -8.284e-2    12.92      2.071
924    -8.52e-2	   22.2      1.091
925    -8.284e-2    12.92      2.071
926    -8.52e-2	   22.2      1.091
927    -8.284e-2    12.92      2.071
928    -8.52e-2	   22.2      1.091  
929    -8.284e-2    12.92      2.071	
930    -8.52e-2	   22.2      1.091
931    -8.284e-2    12.92      2.071
932    -8.52e-2	   22.2      1.091
933    -8.284e-2    12.92      2.071
934    -8.52e-2	   22.2      1.091
935    -8.284e-2    12.92      2.071
936    -8.52e-2	   22.2      1.091 
937    -8.284e-2    12.92      2.071	
938    -8.52e-2	   22.2      1.091
939    -8.284e-2    12.92      2.071
940    -8.52e-2	   22.2      1.091
941    -8.284e-2    12.92      2.071
942    -8.52e-2	   22.2      1.091
943    -8.284e-2    12.92      2.071
944    -8.52e-2	   22.2      1.091  
945    -8.284e-2    12.92      2.071	
946    -8.52e-2	   22.2      1.091
947    -8.284e-2    12.92      2.071
948    -8.52e-2	   22.2      1.091
949    -8.284e-2    12.92      2.071
950    -8.52e-2	   22.2      1.091
951    -8.284e-2    12.92      2.071
952    -8.52e-2	   22.2      1.091 
953    -8.284e-2    12.92      2.071	
954    -8.52e-2	   22.2      1.091
955    -8.284e-2    12.92      2.071
956    -8.52e-2	   22.2      1.091
957    -8.284e-2    12.92      2.071
958    -8.52e-2	   22.2      1.091
959    -8.284e-2    12.92      2.071
960    -8.52e-2	   22.2      1.091 
961    -8.284e-2    12.92      2.071	
962    -8.52e-2	   22.2      1.091
963    -8.284e-2    12.92      2.071
964    -8.52e-2	   22.2      1.091
965    -8.284e-2    12.92      2.071
966    -8.52e-2	   22.2      1.091
967    -8.284e-2    12.92      2.071
968    -8.52e-2	   22.2      1.091 
969    -8.284e-2    12.92      2.071	
970    -8.52e-2	   22.2      1.091
971    -8.284e-2    12.92      2.071
972    -8.52e-2	   22.2      1.091
973    -8.284e-2    12.92      2.071
974    -8.52e-2	   22.2      1.091
975    -8.284e-2    12.92      2.071
976    -8.52e-2	   22.2      1.091 
977    -8.284e-2    12.92      2.071	
978    -8.52e-2	   22.2      1.091
979    -8.284e-2    12.92      2.071
980    -8.52e-2	   22.2      1.091
981    -8.284e-2    12.92      2.071
982    -8.52e-2	   22.2      1.091
983    -8.284e-2    12.92      2.071
984    -8.52e-2	   22.2      1.091 
985    -8.284e-2    12.92      2.071	
986    -8.52e-2	   22.2      1.091
987    -8.284e-2    12.92      2.071
988    -8.52e-2	   22.2      1.091
989    -8.284e-2    12.92      2.071
990    -8.52e-2	   22.2      1.091
991    -8.284e-2    12.92      2.071
992    -8.52e-2	   22.2      1.091 
993    -8.284e-2    12.92      2.071	
994    -8.52e-2	   22.2      1.091
995    -8.284e-2    12.92      2.071
996    -8.52e-2	   22.2      1.091
997    -8.284e-2    12.92      2.071
998    -8.52e-2	   22.2      1.091
999    -8.284e-2    12.92      2.071
1000   -8.52e-2	   22.2      1.091 
1001   -8.284e-2    12.92      2.071	
1002   -8.52e-2	   22.2      1.091
1003   -8.284e-2    12.92      2.071
1004   -8.52e-2	   22.2      1.091
1005   -8.284e-2    12.92      2.071
1006   -8.52e-2	   22.2      1.091
1007   -8.284e-2    12.92      2.071
1008   -8.52e-2	   22.2      1.091 
1009   -8.284e-2    12.92      2.071	
1010   -8.52e-2	   22.2      1.091
1011   -8.284e-2    12.92      2.071
1012   -8.52e-2	   22.2      1.091
1013   -8.284e-2    12.92      2.071
1014   -8.52e-2	   22.2      1.091
1015   -8.284e-2    12.92      2.071
1016   -8.52e-2	   22.2      1.091 
1017   -8.284e-2    12.92      2.071	
1018   -8.52e-2	   22.2      1.091
1019   -8.284e-2    12.92      2.071
1020   -8.52e-2	   22.2      1.091
1021   -8.284e-2    12.92      2.071
1022   -8.52e-2	   22.2      1.091
1023   -8.284e-2    12.92      2.071
