REFSHAPE   500  1999     2    2015_08_19
*---  Reference shape for montecarlo data
*--- 
****
    0    0   15    1   1   1   1   1   1   1   1   1   1   1   1   1   1   1   1
    0   16   31    1   1   1   1   1   1   1   1   1   1   1   1   1   1   1   1
    0   32   47    1   1   1   1   1   1   1   1   1   1   1   1   1   1   1   1
    0   48   63    1   1   1   1   1   1   1   1   1   1   1   1   1   1   1   1
    0   64   79    1   1   1   1   1   1   1   1   1   1   1   1   1   1   1   1
    0   80   95    1   1   1   1   1   1   1   1   1   1   1   1   1   1   1   1
    0   96  111    1   1   1   1   1   1   1   1   1   1   1   1   1   1   1   1
    0  112  127    1   1   1   1   1   1   1   1   1   1   1   1   1   1   1   1
    1    0   15    1   1   1   1   1   1   1   1   1   1   1   1   1   1   1   1
    1   16   31    1   1   1   1   1   1   1   1   1   1   1   1   1   1   1   1
    1   32   47    1   1   1   1   1   1   1   1   1   1   1   1   1   1   1   1
    1   48   63    1   1   1   1   1   1   1   1   1   1   1   1   1   1   1   1
    1   64   79    1   1   1   1   1   1   1   1   1   1   1   1   1   1   1   1
    1   80   95    1   1   1   1   1   1   1   1   1   1   1   1   1   1   1   1
    1   96  111    1   1   1   1   1   1   1   1   1   1   1   1   1   1   1   1
    1  112  127    1   1   1   1   1   1   1   1   1   1   1   1   1   1   1   1
    2    0   15    1   1   1   1   1   1   1   1   1   1   1   1   1   1   1   1
    2   16   31    1   1   1   1   1   1   1   1   1   1   1   1   1   1   1   1
    2   32   47    1   1   1   1   1   1   1   1   1   1   1   1   1   1   1   1
    2   48   63    1   1   1   1   1   1   1   1   1   1   1   1   1   1   1   1
    2   64   79    1   1   1   1   1   1   1   1   1   1   1   1   1   1   1   1
    2   80   95    1   1   1   1   1   1   1   1   1   1   1   1   1   1   1   1
    2   96  111    1   1   1   1   1   1   1   1   1   1   1   1   1   1   1   1
    2  112  127    1   1   1   1   1   1   1   1   1   1   1   1   1   1   1   1
    3    0   15    1   1   1   1   1   1   1   1   1   1   1   1   1   1   1   1
    3   16   31    1   1   1   1   1   1   1   1   1   1   1   1   1   1   1   1
    3   32   47    1   1   1   1   1   1   1   1   1   1   1   1   1   1   1   1
    3   48   63    1   1   1   1   1   1   1   1   1   1   1   1   1   1   1   1
    3   64   79    1   1   1   1   1   1   1   1   1   1   1   1   1   1   1   1
    3   80   95    1   1   1   1   1   1   1   1   1   1   1   1   1   1   1   1
    3   96  111    1   1   1   1   1   1   1   1   1   1   1   1   1   1   1   1
    3  112  127    1   1   1   1   1   1   1   1   1   1   1   1   1   1   1   1
    4    0   15    1   1   1   1   1   1   1   1   1   1   1   1   1   1   1   1
    4   16   31    1   1   1   1   1   1   1   1   1   1   1   1   1   1   1   1
    4   32   47    1   1   1   1   1   1   1   1   1   1   1   1   1   1   1   1
    4   48   63    1   1   1   1   1   1   1   1   1   1   1   1   1   1   1   1
    4   64   79    1   1   1   1   1   1   1   1   1   1   1   1   1   1   1   1
    4   80   95    1   1   1   1   1   1   1   1   1   1   1   1   1   1   1   1
    4   96  111    1   1   1   1   1   1   1   1   1   1   1   1   1   1   1   1
    4  112  127    1   1   1   1   1   1   1   1   1   1   1   1   1   1   1   1
    5    0   15    1   1   1   1   1   1   1   1   1   1   1   1   1   1   1   1
    5   16   31    1   1   1   1   1   1   1   1   1   1   1   1   1   1   1   1
    5   32   47    1   1   1   1   1   1   1   1   1   1   1   1   1   1   1   1
    5   48   63    1   1   1   1   1   1   1   1   1   1   1   1   1   1   1   1
    5   64   79    1   1   1   1   1   1   1   1   1   1   1   1   1   1   1   1
    5   80   95    1   1   1   1   1   1   1   1   1   1   1   1   1   1   1   1
    5   96  111    1   1   1   1   1   1   1   1   1   1   1   1   1   1   1   1
    5  112  127    1   1   1   1   1   1   1   1   1   1   1   1   1   1   1   1
    6    0   15    1   1   1   1   1   1   1   1   1   1   1   1   1   1   1   1
    6   16   31    1   1   1   1   1   1   1   1   1   1   1   1   1   1   1   1
    6   32   47    1   1   1   1   1   1   1   1   1   1   1   1   1   1   1   1
    6   48   63    1   1   1   1   1   1   1   1   1   1   1   1   1   1   1   1
    6   64   79    1   1   1   1   1   1   1   1   1   1   1   1   1   1   1   1
    6   80   95    1   1   1   1   1   1   1   1   1   1   1   1   1   1   1   1
    6   96  111    1   1   1   1   1   1   1   1   1   1   1   1   1   1   1   1
    6  112  127    1   1   1   1   1   1   1   1   1   1   1   1   1   1   1   1
    7    0   15    1   1   1   1   1   1   1   1   1   1   1   1   1   1   1   1
    7   16   31    1   1   1   1   1   1   1   1   1   1   1   1   1   1   1   1
    7   32   47    1   1   1   1   1   1   1   1   1   1   1   1   1   1   1   1
    7   48   63    1   1   1   1   1   1   1   1   1   1   1   1   1   1   1   1
    7   64   79    1   1   1   1   1   1   1   1   1   1   1   1   1   1   1   1
    7   80   95    1   1   1   1   1   1   1   1   1   1   1   1   1   1   1   1
    7   96  111    1   1   1   1   1   1   1   1   1   1   1   1   1   1   1   1
    7  112  127    1   1   1   1   1   1   1   1   1   1   1   1   1   1   1   1
    8    0   15    1   1   1   1   1   1   1   1   1   1   1   1   1   1   1   1
    8   16   31    1   1   1   1   1   1   1   1   1   1   1   1   1   1   1   1
    8   32   47    1   1   1   1   1   1   1   1   1   1   1   1   1   1   1   1
    8   48   63    1   1   1   1   1   1   1   1   1   1   1   1   1   1   1   1
    8   64   79    1   1   1   1   1   1   1   1   1   1   1   1   1   1   1   1
    8   80   95    1   1   1   1   1   1   1   1   1   1   1   1   1   1   1   1
    8   96  111    1   1   1   1   1   1   1   1   1   1   1   1   1   1   1   1
    8  112  127    1   1   1   1   1   1   1   1   1   1   1   1   1   1   1   1
    9    0   15    1   1   1   1   1   1   1   1   1   1   1   1   1   1   1   1
    9   16   31    1   1   1   1   1   1   1   1   1   1   1   1   1   1   1   1
    9   32   47    1   1   1   1   1   1   1   1   1   1   1   1   1   1   1   1
    9   48   63    1   1   1   1   1   1   1   1   1   1   1   1   1   1   1   1
    9   64   79    1   1   1   1   1   1   1   1   1   1   1   1   1   1   1   1
    9   80   95    1   1   1   1   1   1   1   1   1   1   1   1   1   1   1   1
    9   96  111    1   1   1   1   1   1   1   1   1   1   1   1   1   1   1   1
    9  112  127    1   1   1   1   1   1   1   1   1   1   1   1   1   1   1   1
   10    0   15    1   1   1   1   1   1   1   1   1   1   1   1   1   1   1   1
   10   16   31    1   1   1   1   1   1   1   1   1   1   1   1   1   1   1   1
   10   32   47    1   1   1   1   1   1   1   1   1   1   1   1   1   1   1   1
   10   48   63    1   1   1   1   1   1   1   1   1   1   1   1   1   1   1   1
   10   64   79    1   1   1   1   1   1   1   1   1   1   1   1   1   1   1   1
   10   80   95    1   1   1   1   1   1   1   1   1   1   1   1   1   1   1   1
   10   96  111    1   1   1   1   1   1   1   1   1   1   1   1   1   1   1   1
   10  112  127    1   1   1   1   1   1   1   1   1   1   1   1   1   1   1   1
   11    0   15    1   1   1   1   1   1   1   1   1   1   1   1   1   1   1   1
   11   16   31    1   1   1   1   1   1   1   1   1   1   1   1   1   1   1   1
   11   32   47    1   1   1   1   1   1   1   1   1   1   1   1   1   1   1   1
   11   48   63    1   1   1   1   1   1   1   1   1   1   1   1   1   1   1   1
   11   64   79    1   1   1   1   1   1   1   1   1   1   1   1   1   1   1   1
   11   80   95    1   1   1   1   1   1   1   1   1   1   1   1   1   1   1   1
   11   96  111    1   1   1   1   1   1   1   1   1   1   1   1   1   1   1   1
   11  112  127    1   1   1   1   1   1   1   1   1   1   1   1   1   1   1   1
   12    0   15    1   1   1   1   1   1   1   1   1   1   1   1   1   1   1   1
   12   16   31    1   1   1   1   1   1   1   1   1   1   1   1   1   1   1   1
   12   32   47    1   1   1   1   1   1   1   1   1   1   1   1   1   1   1   1
   12   48   63    1   1   1   1   1   1   1   1   1   1   1   1   1   1   1   1
   12   64   79    1   1   1   1   1   1   1   1   1   1   1   1   1   1   1   1
   12   80   95    1   1   1   1   1   1   1   1   1   1   1   1   1   1   1   1
   12   96  111    1   1   1   1   1   1   1   1   1   1   1   1   1   1   1   1
   12  112  127    1   1   1   1   1   1   1   1   1   1   1   1   1   1   1   1
   13    0   15    1   1   1   1   1   1   1   1   1   1   1   1   1   1   1   1
   13   16   31    1   1   1   1   1   1   1   1   1   1   1   1   1   1   1   1
   13   32   47    1   1   1   1   1   1   1   1   1   1   1   1   1   1   1   1
   13   48   63    1   1   1   1   1   1   1   1   1   1   1   1   1   1   1   1
   13   64   79    1   1   1   1   1   1   1   1   1   1   1   1   1   1   1   1
   13   80   95    1   1   1   1   1   1   1   1   1   1   1   1   1   1   1   1
   13   96  111    1   1   1   1   1   1   1   1   1   1   1   1   1   1   1   1
   13  112  127    1   1   1   1   1   1   1   1   1   1   1   1   1   1   1   1
   14    0   15    1   1   1   1   1   1   1   1   1   1   1   1   1   1   1   1
   14   16   31    1   1   1   1   1   1   1   1   1   1   1   1   1   1   1   1
   14   32   47    1   1   1   1   1   1   1   1   1   1   1   1   1   1   1   1
   14   48   63    1   1   1   1   1   1   1   1   1   1   1   1   1   1   1   1
   14   64   79    1   1   1   1   1   1   1   1   1   1   1   1   1   1   1   1
   14   80   95    1   1   1   1   1   1   1   1   1   1   1   1   1   1   1   1
   14   96  111    1   1   1   1   1   1   1   1   1   1   1   1   1   1   1   1
   14  112  127    1   1   1   1   1   1   1   1   1   1   1   1   1   1   1   1
   15    0   15    1   1   1   1   1   1   1   1   1   1   1   1   1   1   1   1
   15   16   31    1   1   1   1   1   1   1   1   1   1   1   1   1   1   1   1
   15   32   47    1   1   1   1   1   1   1   1   1   1   1   1   1   1   1   1
   15   48   63    1   1   1   1   1   1   1   1   1   1   1   1   1   1   1   1
   15   64   79    1   1   1   1   1   1   1   1   1   1   1   1   1   1   1   1
   15   80   95    1   1   1   1   1   1   1   1   1   1   1   1   1   1   1   1
   15   96  111    1   1   1   1   1   1   1   1   1   1   1   1   1   1   1   1
   15  112  127    1   1   1   1   1   1   1   1   1   1   1   1   1   1   1   1
   16    0   15    1   1   1   1   1   1   1   1   1   1   1   1   1   1   1   1
   16   16   31    1   1   1   1   1   1   1   1   1   1   1   1   1   1   1   1
   16   32   47    1   1   1   1   1   1   1   1   1   1   1   1   1   1   1   1
   16   48   63    1   1   1   1   1   1   1   1   1   1   1   1   1   1   1   1
   16   64   79    1   1   1   1   1   1   1   1   1   1   1   1   1   1   1   1
   16   80   95    1   1   1   1   1   1   1   1   1   1   1   1   1   1   1   1
   16   96  111    1   1   1   1   1   1   1   1   1   1   1   1   1   1   1   1
   16  112  127    1   1   1   1   1   1   1   1   1   1   1   1   1   1   1   1
   17    0   15    1   1   1   1   1   1   1   1   1   1   1   1   1   1   1   1
   17   16   31    1   1   1   1   1   1   1   1   1   1   1   1   1   1   1   1
   17   32   47    1   1   1   1   1   1   1   1   1   1   1   1   1   1   1   1
   17   48   63    1   1   1   1   1   1   1   1   1   1   1   1   1   1   1   1
   17   64   79    1   1   1   1   1   1   1   1   1   1   1   1   1   1   1   1
   17   80   95    1   1   1   1   1   1   1   1   1   1   1   1   1   1   1   1
   17   96  111    1   1   1   1   1   1   1   1   1   1   1   1   1   1   1   1
   17  112  127    1   1   1   1   1   1   1   1   1   1   1   1   1   1   1   1
   18    0   15    1   1   1   1   1   1   1   1   1   1   1   1   1   1   1   1
   18   16   31    1   1   1   1   1   1   1   1   1   1   1   1   1   1   1   1
   18   32   47    1   1   1   1   1   1   1   1   1   1   1   1   1   1   1   1
   18   48   63    1   1   1   1   1   1   1   1   1   1   1   1   1   1   1   1
   18   64   79    1   1   1   1   1   1   1   1   1   1   1   1   1   1   1   1
   18   80   95    1   1   1   1   1   1   1   1   1   1   1   1   1   1   1   1
   18   96  111    1   1   1   1   1   1   1   1   1   1   1   1   1   1   1   1
   18  112  127    1   1   1   1   1   1   1   1   1   1   1   1   1   1   1   1
   19    0   15    1   1   1   1   1   1   1   1   1   1   1   1   1   1   1   1
   19   16   31    1   1   1   1   1   1   1   1   1   1   1   1   1   1   1   1
   19   32   47    1   1   1   1   1   1   1   1   1   1   1   1   1   1   1   1
   19   48   63    1   1   1   1   1   1   1   1   1   1   1   1   1   1   1   1
   19   64   79    1   1   1   1   1   1   1   1   1   1   1   1   1   1   1   1
   19   80   95    1   1   1   1   1   1   1   1   1   1   1   1   1   1   1   1
   19   96  111    1   1   1   1   1   1   1   1   1   1   1   1   1   1   1   1
   19  112  127    1   1   1   1   1   1   1   1   1   1   1   1   1   1   1   1
   20    0   15    1   1   1   1   1   1   1   1   1   1   1   1   1   1   1   1
   20   16   31    1   1   1   1   1   1   1   1   1   1   1   1   1   1   1   1
   20   32   47    1   1   1   1   1   1   1   1   1   1   1   1   1   1   1   1
   20   48   63    1   1   1   1   1   1   1   1   1   1   1   1   1   1   1   1
   20   64   79    1   1   1   1   1   1   1   1   1   1   1   1   1   1   1   1
   20   80   95    1   1   1   1   1   1   1   1   1   1   1   1   1   1   1   1
   20   96  111    1   1   1   1   1   1   1   1   1   1   1   1   1   1   1   1
   20  112  127    1   1   1   1   1   1   1   1   1   1   1   1   1   1   1   1
   21    0   15    1   1   1   1   1   1   1   1   1   1   1   1   1   1   1   1
   21   16   31    1   1   1   1   1   1   1   1   1   1   1   1   1   1   1   1
   21   32   47    1   1   1   1   1   1   1   1   1   1   1   1   1   1   1   1
   21   48   63    1   1   1   1   1   1   1   1   1   1   1   1   1   1   1   1
   21   64   79    1   1   1   1   1   1   1   1   1   1   1   1   1   1   1   1
   21   80   95    1   1   1   1   1   1   1   1   1   1   1   1   1   1   1   1
   21   96  111    1   1   1   1   1   1   1   1   1   1   1   1   1   1   1   1
   21  112  127    1   1   1   1   1   1   1   1   1   1   1   1   1   1   1   1
   22    0   15    1   1   1   1   1   1   1   1   1   1   1   1   1   1   1   1
   22   16   31    1   1   1   1   1   1   1   1   1   1   1   1   1   1   1   1
   22   32   47    1   1   1   1   1   1   1   1   1   1   1   1   1   1   1   1
   22   48   63    1   1   1   1   1   1   1   1   1   1   1   1   1   1   1   1
   22   64   79    1   1   1   1   1   1   1   1   1   1   1   1   1   1   1   1
   22   80   95    1   1   1   1   1   1   1   1   1   1   1   1   1   1   1   1
   22   96  111    1   1   1   1   1   1   1   1   1   1   1   1   1   1   1   1
   22  112  127    1   1   1   1   1   1   1   1   1   1   1   1   1   1   1   1
   23    0   15    1   1   1   1   1   1   1   1   1   1   1   1   1   1   1   1
   23   16   31    1   1   1   1   1   1   1   1   1   1   1   1   1   1   1   1
   23   32   47    1   1   1   1   1   1   1   1   1   1   1   1   1   1   1   1
   23   48   63    1   1   1   1   1   1   1   1   1   1   1   1   1   1   1   1
   23   64   79    1   1   1   1   1   1   1   1   1   1   1   1   1   1   1   1
   23   80   95    1   1   1   1   1   1   1   1   1   1   1   1   1   1   1   1
   23   96  111    1   1   1   1   1   1   1   1   1   1   1   1   1   1   1   1
   23  112  127    1   1   1   1   1   1   1   1   1   1   1   1   1   1   1   1
   24    0   15    1   1   1   1   1   1   1   1   1   1   1   1   1   1   1   1
   24   16   31    1   1   1   1   1   1   1   1   1   1   1   1   1   1   1   1
   24   32   47    1   1   1   1   1   1   1   1   1   1   1   1   1   1   1   1
   24   48   63    1   1   1   1   1   1   1   1   1   1   1   1   1   1   1   1
   24   64   79    1   1   1   1   1   1   1   1   1   1   1   1   1   1   1   1
   24   80   95    1   1   1   1   1   1   1   1   1   1   1   1   1   1   1   1
   24   96  111    1   1   1   1   1   1   1   1   1   1   1   1   1   1   1   1
   24  112  127    1   1   1   1   1   1   1   1   1   1   1   1   1   1   1   1
   25    0   15    1   1   1   1   1   1   1   1   1   1   1   1   1   1   1   1
   25   16   31    1   1   1   1   1   1   1   1   1   1   1   1   1   1   1   1
   25   32   47    1   1   1   1   1   1   1   1   1   1   1   1   1   1   1   1
   25   48   63    1   1   1   1   1   1   1   1   1   1   1   1   1   1   1   1
   25   64   79    1   1   1   1   1   1   1   1   1   1   1   1   1   1   1   1
   25   80   95    1   1   1   1   1   1   1   1   1   1   1   1   1   1   1   1
   25   96  111    1   1   1   1   1   1   1   1   1   1   1   1   1   1   1   1
   25  112  127    1   1   1   1   1   1   1   1   1   1   1   1   1   1   1   1
   26    0   15    1   1   1   1   1   1   1   1   1   1   1   1   1   1   1   1
   26   16   31    1   1   1   1   1   1   1   1   1   1   1   1   1   1   1   1
   26   32   47    1   1   1   1   1   1   1   1   1   1   1   1   1   1   1   1
   26   48   63    1   1   1   1   1   1   1   1   1   1   1   1   1   1   1   1
   26   64   79    1   1   1   1   1   1   1   1   1   1   1   1   1   1   1   1
   26   80   95    1   1   1   1   1   1   1   1   1   1   1   1   1   1   1   1
   26   96  111    1   1   1   1   1   1   1   1   1   1   1   1   1   1   1   1
   26  112  127    1   1   1   1   1   1   1   1   1   1   1   1   1   1   1   1
   27    0   15    1   1   1   1   1   1   1   1   1   1   1   1   1   1   1   1
   27   16   31    1   1   1   1   1   1   1   1   1   1   1   1   1   1   1   1
   27   32   47    1   1   1   1   1   1   1   1   1   1   1   1   1   1   1   1
   27   48   63    1   1   1   1   1   1   1   1   1   1   1   1   1   1   1   1
   27   64   79    1   1   1   1   1   1   1   1   1   1   1   1   1   1   1   1
   27   80   95    1   1   1   1   1   1   1   1   1   1   1   1   1   1   1   1
   27   96  111    1   1   1   1   1   1   1   1   1   1   1   1   1   1   1   1
   27  112  127    1   1   1   1   1   1   1   1   1   1   1   1   1   1   1   1
   28    0   15    1   1   1   1   1   1   1   1   1   1   1   1   1   1   1   1
   28   16   31    1   1   1   1   1   1   1   1   1   1   1   1   1   1   1   1
   28   32   47    1   1   1   1   1   1   1   1   1   1   1   1   1   1   1   1
   28   48   63    1   1   1   1   1   1   1   1   1   1   1   1   1   1   1   1
   28   64   79    1   1   1   1   1   1   1   1   1   1   1   1   1   1   1   1
   28   80   95    1   1   1   1   1   1   1   1   1   1   1   1   1   1   1   1
   28   96  111    1   1   1   1   1   1   1   1   1   1   1   1   1   1   1   1
   28  112  127    1   1   1   1   1   1   1   1   1   1   1   1   1   1   1   1
   29    0   15    1   1   1   1   1   1   1   1   1   1   1   1   1   1   1   1
   29   16   31    1   1   1   1   1   1   1   1   1   1   1   1   1   1   1   1
   29   32   47    1   1   1   1   1   1   1   1   1   1   1   1   1   1   1   1
   29   48   63    1   1   1   1   1   1   1   1   1   1   1   1   1   1   1   1
   29   64   79    1   1   1   1   1   1   1   1   1   1   1   1   1   1   1   1
   29   80   95    1   1   1   1   1   1   1   1   1   1   1   1   1   1   1   1
   29   96  111    1   1   1   1   1   1   1   1   1   1   1   1   1   1   1   1
   29  112  127    1   1   1   1   1   1   1   1   1   1   1   1   1   1   1   1
   30    0   15    1   1   1   1   1   1   1   1   1   1   1   1   1   1   1   1
   30   16   31    1   1   1   1   1   1   1   1   1   1   1   1   1   1   1   1
   30   32   47    1   1   1   1   1   1   1   1   1   1   1   1   1   1   1   1
   30   48   63    1   1   1   1   1   1   1   1   1   1   1   1   1   1   1   1
   30   64   79    1   1   1   1   1   1   1   1   1   1   1   1   1   1   1   1
   30   80   95    1   1   1   1   1   1   1   1   1   1   1   1   1   1   1   1
   30   96  111    1   1   1   1   1   1   1   1   1   1   1   1   1   1   1   1
   30  112  127    1   1   1   1   1   1   1   1   1   1   1   1   1   1   1   1
   31    0   15    1   1   1   1   1   1   1   1   1   1   1   1   1   1   1   1
   31   16   31    1   1   1   1   1   1   1   1   1   1   1   1   1   1   1   1
   31   32   47    1   1   1   1   1   1   1   1   1   1   1   1   1   1   1   1
   31   48   63    1   1   1   1   1   1   1   1   1   1   1   1   1   1   1   1
   31   64   79    1   1   1   1   1   1   1   1   1   1   1   1   1   1   1   1
   31   80   95    1   1   1   1   1   1   1   1   1   1   1   1   1   1   1   1
   31   96  111    1   1   1   1   1   1   1   1   1   1   1   1   1   1   1   1
   31  112  127    1   1   1   1   1   1   1   1   1   1   1   1   1   1   1   1
   32    0   15    1   1   1   1   1   1   1   1   1   1   1   1   1   1   1   1
   32   16   31    1   1   1   1   1   1   1   1   1   1   1   1   1   1   1   1
   32   32   47    1   1   1   1   1   1   1   1   1   1   1   1   1   1   1   1
   32   48   63    1   1   1   1   1   1   1   1   1   1   1   1   1   1   1   1
   32   64   79    1   1   1   1   1   1   1   1   1   1   1   1   1   1   1   1
   32   80   95    1   1   1   1   1   1   1   1   1   1   1   1   1   1   1   1
   32   96  111    1   1   1   1   1   1   1   1   1   1   1   1   1   1   1   1
   32  112  127    1   1   1   1   1   1   1   1   1   1   1   1   1   1   1   1
   33    0   15    1   1   1   1   1   1   1   1   1   1   1   1   1   1   1   1
   33   16   31    1   1   1   1   1   1   1   1   1   1   1   1   1   1   1   1
   33   32   47    1   1   1   1   1   1   1   1   1   1   1   1   1   1   1   1
   33   48   63    1   1   1   1   1   1   1   1   1   1   1   1   1   1   1   1
   33   64   79    1   1   1   1   1   1   1   1   1   1   1   1   1   1   1   1
   33   80   95    1   1   1   1   1   1   1   1   1   1   1   1   1   1   1   1
   33   96  111    1   1   1   1   1   1   1   1   1   1   1   1   1   1   1   1
   33  112  127    1   1   1   1   1   1   1   1   1   1   1   1   1   1   1   1
   34    0   15    1   1   1   1   1   1   1   1   1   1   1   1   1   1   1   1
   34   16   31    1   1   1   1   1   1   1   1   1   1   1   1   1   1   1   1
   34   32   47    1   1   1   1   1   1   1   1   1   1   1   1   1   1   1   1
   34   48   63    1   1   1   1   1   1   1   1   1   1   1   1   1   1   1   1
   34   64   79    1   1   1   1   1   1   1   1   1   1   1   1   1   1   1   1
   34   80   95    1   1   1   1   1   1   1   1   1   1   1   1   1   1   1   1
   34   96  111    1   1   1   1   1   1   1   1   1   1   1   1   1   1   1   1
   34  112  127    1   1   1   1   1   1   1   1   1   1   1   1   1   1   1   1
   35    0   15    1   1   1   1   1   1   1   1   1   1   1   1   1   1   1   1
   35   16   31    1   1   1   1   1   1   1   1   1   1   1   1   1   1   1   1
   35   32   47    1   1   1   1   1   1   1   1   1   1   1   1   1   1   1   1
   35   48   63    1   1   1   1   1   1   1   1   1   1   1   1   1   1   1   1
   35   64   79    1   1   1   1   1   1   1   1   1   1   1   1   1   1   1   1
   35   80   95    1   1   1   1   1   1   1   1   1   1   1   1   1   1   1   1
   35   96  111    1   1   1   1   1   1   1   1   1   1   1   1   1   1   1   1
   35  112  127    1   1   1   1   1   1   1   1   1   1   1   1   1   1   1   1
   36    0   15    1   1   1   1   1   1   1   1   1   1   1   1   1   1   1   1
   36   16   31    1   1   1   1   1   1   1   1   1   1   1   1   1   1   1   1
   36   32   47    1   1   1   1   1   1   1   1   1   1   1   1   1   1   1   1
   36   48   63    1   1   1   1   1   1   1   1   1   1   1   1   1   1   1   1
   36   64   79    1   1   1   1   1   1   1   1   1   1   1   1   1   1   1   1
   36   80   95    1   1   1   1   1   1   1   1   1   1   1   1   1   1   1   1
   36   96  111    1   1   1   1   1   1   1   1   1   1   1   1   1   1   1   1
   36  112  127    1   1   1   1   1   1   1   1   1   1   1   1   1   1   1   1
   37    0   15    1   1   1   1   1   1   1   1   1   1   1   1   1   1   1   1
   37   16   31    1   1   1   1   1   1   1   1   1   1   1   1   1   1   1   1
   37   32   47    1   1   1   1   1   1   1   1   1   1   1   1   1   1   1   1
   37   48   63    1   1   1   1   1   1   1   1   1   1   1   1   1   1   1   1
   37   64   79    1   1   1   1   1   1   1   1   1   1   1   1   1   1   1   1
   37   80   95    1   1   1   1   1   1   1   1   1   1   1   1   1   1   1   1
   37   96  111    1   1   1   1   1   1   1   1   1   1   1   1   1   1   1   1
   37  112  127    1   1   1   1   1   1   1   1   1   1   1   1   1   1   1   1
   38    0   15    1   1   1   1   1   1   1   1   1   1   1   1   1   1   1   1
   38   16   31    1   1   1   1   1   1   1   1   1   1   1   1   1   1   1   1
   38   32   47    1   1   1   1   1   1   1   1   1   1   1   1   1   1   1   1
   38   48   63    1   1   1   1   1   1   1   1   1   1   1   1   1   1   1   1
   38   64   79    1   1   1   1   1   1   1   1   1   1   1   1   1   1   1   1
   38   80   95    1   1   1   1   1   1   1   1   1   1   1   1   1   1   1   1
   38   96  111    1   1   1   1   1   1   1   1   1   1   1   1   1   1   1   1
   38  112  127    1   1   1   1   1   1   1   1   1   1   1   1   1   1   1   1
   39    0   15    1   1   1   1   1   1   1   1   1   1   1   1   1   1   1   1
   39   16   31    1   1   1   1   1   1   1   1   1   1   1   1   1   1   1   1
   39   32   47    1   1   1   1   1   1   1   1   1   1   1   1   1   1   1   1
   39   48   63    1   1   1   1   1   1   1   1   1   1   1   1   1   1   1   1
   39   64   79    1   1   1   1   1   1   1   1   1   1   1   1   1   1   1   1
   39   80   95    1   1   1   1   1   1   1   1   1   1   1   1   1   1   1   1
   39   96  111    1   1   1   1   1   1   1   1   1   1   1   1   1   1   1   1
   39  112  127    1   1   1   1   1   1   1   1   1   1   1   1   1   1   1   1
   40    0   15    1   1   1   1   1   1   1   1   1   1   1   1   1   1   1   1
   40   16   31    1   1   1   1   1   1   1   1   1   1   1   1   1   1   1   1
   40   32   47    1   1   1   1   1   1   1   1   1   1   1   1   1   1   1   1
   40   48   63    1   1   1   1   1   1   1   1   1   1   1   1   1   1   1   1
   40   64   79    1   1   1   1   1   1   1   1   1   1   1   1   1   1   1   1
   40   80   95    1   1   1   1   1   1   1   1   1   1   1   1   1   1   1   1
   40   96  111    1   1   1   1   1   1   1   1   1   1   1   1   1   1   1   1
   40  112  127    1   1   1   1   1   1   1   1   1   1   1   1   1   1   1   1
   41    0   15    1   1   1   1   1   1   1   1   1   1   1   1   1   1   1   1
   41   16   31    1   1   1   1   1   1   1   1   1   1   1   1   1   1   1   1
   41   32   47    1   1   1   1   1   1   1   1   1   1   1   1   1   1   1   1
   41   48   63    1   1   1   1   1   1   1   1   1   1   1   1   1   1   1   1
   41   64   79    1   1   1   1   1   1   1   1   1   1   1   1   1   1   1   1
   41   80   95    1   1   1   1   1   1   1   1   1   1   1   1   1   1   1   1
   41   96  111    1   1   1   1   1   1   1   1   1   1   1   1   1   1   1   1
   41  112  127    1   1   1   1   1   1   1   1   1   1   1   1   1   1   1   1
   42    0   15    1   1   1   1   1   1   1   1   1   1   1   1   1   1   1   1
   42   16   31    1   1   1   1   1   1   1   1   1   1   1   1   1   1   1   1
   42   32   47    1   1   1   1   1   1   1   1   1   1   1   1   1   1   1   1
   42   48   63    1   1   1   1   1   1   1   1   1   1   1   1   1   1   1   1
   42   64   79    1   1   1   1   1   1   1   1   1   1   1   1   1   1   1   1
   42   80   95    1   1   1   1   1   1   1   1   1   1   1   1   1   1   1   1
   42   96  111    1   1   1   1   1   1   1   1   1   1   1   1   1   1   1   1
   42  112  127    1   1   1   1   1   1   1   1   1   1   1   1   1   1   1   1
   43    0   15    1   1   1   1   1   1   1   1   1   1   1   1   1   1   1   1
   43   16   31    1   1   1   1   1   1   1   1   1   1   1   1   1   1   1   1
   43   32   47    1   1   1   1   1   1   1   1   1   1   1   1   1   1   1   1
   43   48   63    1   1   1   1   1   1   1   1   1   1   1   1   1   1   1   1
   43   64   79    1   1   1   1   1   1   1   1   1   1   1   1   1   1   1   1
   43   80   95    1   1   1   1   1   1   1   1   1   1   1   1   1   1   1   1
   43   96  111    1   1   1   1   1   1   1   1   1   1   1   1   1   1   1   1
   43  112  127    1   1   1   1   1   1   1   1   1   1   1   1   1   1   1   1
   44    0   15    1   1   1   1   1   1   1   1   1   1   1   1   1   1   1   1
   44   16   31    1   1   1   1   1   1   1   1   1   1   1   1   1   1   1   1
   44   32   47    1   1   1   1   1   1   1   1   1   1   1   1   1   1   1   1
   44   48   63    1   1   1   1   1   1   1   1   1   1   1   1   1   1   1   1
   44   64   79    1   1   1   1   1   1   1   1   1   1   1   1   1   1   1   1
   44   80   95    1   1   1   1   1   1   1   1   1   1   1   1   1   1   1   1
   44   96  111    1   1   1   1   1   1   1   1   1   1   1   1   1   1   1   1
   44  112  127    1   1   1   1   1   1   1   1   1   1   1   1   1   1   1   1
   45    0   15    1   1   1   1   1   1   1   1   1   1   1   1   1   1   1   1
   45   16   31    1   1   1   1   1   1   1   1   1   1   1   1   1   1   1   1
   45   32   47    1   1   1   1   1   1   1   1   1   1   1   1   1   1   1   1
   45   48   63    1   1   1   1   1   1   1   1   1   1   1   1   1   1   1   1
   45   64   79    1   1   1   1   1   1   1   1   1   1   1   1   1   1   1   1
   45   80   95    1   1   1   1   1   1   1   1   1   1   1   1   1   1   1   1
   45   96  111    1   1   1   1   1   1   1   1   1   1   1   1   1   1   1   1
   45  112  127    1   1   1   1   1   1   1   1   1   1   1   1   1   1   1   1
   46    0   15    1   1   1   1   1   1   1   1   1   1   1   1   1   1   1   1
   46   16   31    1   1   1   1   1   1   1   1   1   1   1   1   1   1   1   1
   46   32   47    1   1   1   1   1   1   1   1   1   1   1   1   1   1   1   1
   46   48   63    1   1   1   1   1   1   1   1   1   1   1   1   1   1   1   1
   46   64   79    1   1   1   1   1   1   1   1   1   1   1   1   1   1   1   1
   46   80   95    1   1   1   1   1   1   1   1   1   1   1   1   1   1   1   1
   46   96  111    1   1   1   1   1   1   1   1   1   1   1   1   1   1   1   1
   46  112  127    1   1   1   1   1   1   1   1   1   1   1   1   1   1   1   1
   47    0   15    1   1   1   1   1   1   1   1   1   1   1   1   1   1   1   1
   47   16   31    1   1   1   1   1   1   1   1   1   1   1   1   1   1   1   1
   47   32   47    1   1   1   1   1   1   1   1   1   1   1   1   1   1   1   1
   47   48   63    1   1   1   1   1   1   1   1   1   1   1   1   1   1   1   1
   47   64   79    1   1   1   1   1   1   1   1   1   1   1   1   1   1   1   1
   47   80   95    1   1   1   1   1   1   1   1   1   1   1   1   1   1   1   1
   47   96  111    1   1   1   1   1   1   1   1   1   1   1   1   1   1   1   1
   47  112  127    1   1   1   1   1   1   1   1   1   1   1   1   1   1   1   1
   48    0   15    1   1   1   1   1   1   1   1   1   1   1   1   1   1   1   1
   48   16   31    1   1   1   1   1   1   1   1   1   1   1   1   1   1   1   1
   48   32   47    1   1   1   1   1   1   1   1   1   1   1   1   1   1   1   1
   48   48   63    1   1   1   1   1   1   1   1   1   1   1   1   1   1   1   1
   48   64   79    1   1   1   1   1   1   1   1   1   1   1   1   1   1   1   1
   48   80   95    1   1   1   1   1   1   1   1   1   1   1   1   1   1   1   1
   48   96  111    1   1   1   1   1   1   1   1   1   1   1   1   1   1   1   1
   48  112  127    1   1   1   1   1   1   1   1   1   1   1   1   1   1   1   1
   49    0   15    1   1   1   1   1   1   1   1   1   1   1   1   1   1   1   1
   49   16   31    1   1   1   1   1   1   1   1   1   1   1   1   1   1   1   1
   49   32   47    1   1   1   1   1   1   1   1   1   1   1   1   1   1   1   1
   49   48   63    1   1   1   1   1   1   1   1   1   1   1   1   1   1   1   1
   49   64   79    1   1   1   1   1   1   1   1   1   1   1   1   1   1   1   1
   49   80   95    1   1   1   1   1   1   1   1   1   1   1   1   1   1   1   1
   49   96  111    1   1   1   1   1   1   1   1   1   1   1   1   1   1   1   1
   49  112  127    1   1   1   1   1   1   1   1   1   1   1   1   1   1   1   1
   50    0   15    1   1   1   1   1   1   1   1   1   1   1   1   1   1   1   1
   50   16   31    1   1   1   1   1   1   1   1   1   1   1   1   1   1   1   1
   50   32   47    1   1   1   1   1   1   1   1   1   1   1   1   1   1   1   1
   50   48   63    1   1   1   1   1   1   1   1   1   1   1   1   1   1   1   1
   50   64   79    1   1   1   1   1   1   1   1   1   1   1   1   1   1   1   1
   50   80   95    1   1   1   1   1   1   1   1   1   1   1   1   1   1   1   1
   50   96  111    1   1   1   1   1   1   1   1   1   1   1   1   1   1   1   1
   50  112  127    1   1   1   1   1   1   1   1   1   1   1   1   1   1   1   1
   51    0   15    1   1   1   1   1   1   1   1   1   1   1   1   1   1   1   1
   51   16   31    1   1   1   1   1   1   1   1   1   1   1   1   1   1   1   1
   51   32   47    1   1   1   1   1   1   1   1   1   1   1   1   1   1   1   1
   51   48   63    1   1   1   1   1   1   1   1   1   1   1   1   1   1   1   1
   51   64   79    1   1   1   1   1   1   1   1   1   1   1   1   1   1   1   1
   51   80   95    1   1   1   1   1   1   1   1   1   1   1   1   1   1   1   1
   51   96  111    1   1   1   1   1   1   1   1   1   1   1   1   1   1   1   1
   51  112  127    1   1   1   1   1   1   1   1   1   1   1   1   1   1   1   1
   52    0   15    1   1   1   1   1   1   1   1   1   1   1   1   1   1   1   1
   52   16   31    1   1   1   1   1   1   1   1   1   1   1   1   1   1   1   1
   52   32   47    1   1   1   1   1   1   1   1   1   1   1   1   1   1   1   1
   52   48   63    1   1   1   1   1   1   1   1   1   1   1   1   1   1   1   1
   52   64   79    1   1   1   1   1   1   1   1   1   1   1   1   1   1   1   1
   52   80   95    1   1   1   1   1   1   1   1   1   1   1   1   1   1   1   1
   52   96  111    1   1   1   1   1   1   1   1   1   1   1   1   1   1   1   1
   52  112  127    1   1   1   1   1   1   1   1   1   1   1   1   1   1   1   1
   53    0   15    1   1   1   1   1   1   1   1   1   1   1   1   1   1   1   1
   53   16   31    1   1   1   1   1   1   1   1   1   1   1   1   1   1   1   1
   53   32   47    1   1   1   1   1   1   1   1   1   1   1   1   1   1   1   1
   53   48   63    1   1   1   1   1   1   1   1   1   1   1   1   1   1   1   1
   53   64   79    1   1   1   1   1   1   1   1   1   1   1   1   1   1   1   1
   53   80   95    1   1   1   1   1   1   1   1   1   1   1   1   1   1   1   1
   53   96  111    1   1   1   1   1   1   1   1   1   1   1   1   1   1   1   1
   53  112  127    1   1   1   1   1   1   1   1   1   1   1   1   1   1   1   1
   54    0   15    1   1   1   1   1   1   1   1   1   1   1   1   1   1   1   1
   54   16   31    1   1   1   1   1   1   1   1   1   1   1   1   1   1   1   1
   54   32   47    1   1   1   1   1   1   1   1   1   1   1   1   1   1   1   1
   54   48   63    1   1   1   1   1   1   1   1   1   1   1   1   1   1   1   1
   54   64   79    1   1   1   1   1   1   1   1   1   1   1   1   1   1   1   1
   54   80   95    1   1   1   1   1   1   1   1   1   1   1   1   1   1   1   1
   54   96  111    1   1   1   1   1   1   1   1   1   1   1   1   1   1   1   1
   54  112  127    1   1   1   1   1   1   1   1   1   1   1   1   1   1   1   1
   55    0   15    1   1   1   1   1   1   1   1   1   1   1   1   1   1   1   1
   55   16   31    1   1   1   1   1   1   1   1   1   1   1   1   1   1   1   1
   55   32   47    1   1   1   1   1   1   1   1   1   1   1   1   1   1   1   1
   55   48   63    1   1   1   1   1   1   1   1   1   1   1   1   1   1   1   1
   55   64   79    1   1   1   1   1   1   1   1   1   1   1   1   1   1   1   1
   55   80   95    1   1   1   1   1   1   1   1   1   1   1   1   1   1   1   1
   55   96  111    1   1   1   1   1   1   1   1   1   1   1   1   1   1   1   1
   55  112  127    1   1   1   1   1   1   1   1   1   1   1   1   1   1   1   1
   56    0   15    1   1   1   1   1   1   1   1   1   1   1   1   1   1   1   1
   56   16   31    1   1   1   1   1   1   1   1   1   1   1   1   1   1   1   1
   56   32   47    1   1   1   1   1   1   1   1   1   1   1   1   1   1   1   1
   56   48   63    1   1   1   1   1   1   1   1   1   1   1   1   1   1   1   1
   56   64   79    1   1   1   1   1   1   1   1   1   1   1   1   1   1   1   1
   56   80   95    1   1   1   1   1   1   1   1   1   1   1   1   1   1   1   1
   56   96  111    1   1   1   1   1   1   1   1   1   1   1   1   1   1   1   1
   56  112  127    1   1   1   1   1   1   1   1   1   1   1   1   1   1   1   1
   57    0   15    1   1   1   1   1   1   1   1   1   1   1   1   1   1   1   1
   57   16   31    1   1   1   1   1   1   1   1   1   1   1   1   1   1   1   1
   57   32   47    1   1   1   1   1   1   1   1   1   1   1   1   1   1   1   1
   57   48   63    1   1   1   1   1   1   1   1   1   1   1   1   1   1   1   1
   57   64   79    1   1   1   1   1   1   1   1   1   1   1   1   1   1   1   1
   57   80   95    1   1   1   1   1   1   1   1   1   1   1   1   1   1   1   1
   57   96  111    1   1   1   1   1   1   1   1   1   1   1   1   1   1   1   1
   57  112  127    1   1   1   1   1   1   1   1   1   1   1   1   1   1   1   1
   58    0   15    1   1   1   1   1   1   1   1   1   1   1   1   1   1   1   1
   58   16   31    1   1   1   1   1   1   1   1   1   1   1   1   1   1   1   1
   58   32   47    1   1   1   1   1   1   1   1   1   1   1   1   1   1   1   1
   58   48   63    1   1   1   1   1   1   1   1   1   1   1   1   1   1   1   1
   58   64   79    1   1   1   1   1   1   1   1   1   1   1   1   1   1   1   1
   58   80   95    1   1   1   1   1   1   1   1   1   1   1   1   1   1   1   1
   58   96  111    1   1   1   1   1   1   1   1   1   1   1   1   1   1   1   1
   58  112  127    1   1   1   1   1   1   1   1   1   1   1   1   1   1   1   1
   59    0   15    1   1   1   1   1   1   1   1   1   1   1   1   1   1   1   1
   59   16   31    1   1   1   1   1   1   1   1   1   1   1   1   1   1   1   1
   59   32   47    1   1   1   1   1   1   1   1   1   1   1   1   1   1   1   1
   59   48   63    1   1   1   1   1   1   1   1   1   1   1   1   1   1   1   1
   59   64   79    1   1   1   1   1   1   1   1   1   1   1   1   1   1   1   1
   59   80   95    1   1   1   1   1   1   1   1   1   1   1   1   1   1   1   1
   59   96  111    1   1   1   1   1   1   1   1   1   1   1   1   1   1   1   1
   59  112  127    1   1   1   1   1   1   1   1   1   1   1   1   1   1   1   1
   60    0   15    1   1   1   1   1   1   1   1   1   1   1   1   1   1   1   1
   60   16   31    1   1   1   1   1   1   1   1   1   1   1   1   1   1   1   1
   60   32   47    1   1   1   1   1   1   1   1   1   1   1   1   1   1   1   1
   60   48   63    1   1   1   1   1   1   1   1   1   1   1   1   1   1   1   1
   60   64   79    1   1   1   1   1   1   1   1   1   1   1   1   1   1   1   1
   60   80   95    1   1   1   1   1   1   1   1   1   1   1   1   1   1   1   1
   60   96  111    1   1   1   1   1   1   1   1   1   1   1   1   1   1   1   1
   60  112  127    1   1   1   1   1   1   1   1   1   1   1   1   1   1   1   1
   61    0   15    1   1   1   1   1   1   1   1   1   1   1   1   1   1   1   1
   61   16   31    1   1   1   1   1   1   1   1   1   1   1   1   1   1   1   1
   61   32   47    1   1   1   1   1   1   1   1   1   1   1   1   1   1   1   1
   61   48   63    1   1   1   1   1   1   1   1   1   1   1   1   1   1   1   1
   61   64   79    1   1   1   1   1   1   1   1   1   1   1   1   1   1   1   1
   61   80   95    1   1   1   1   1   1   1   1   1   1   1   1   1   1   1   1
   61   96  111    1   1   1   1   1   1   1   1   1   1   1   1   1   1   1   1
   61  112  127    1   1   1   1   1   1   1   1   1   1   1   1   1   1   1   1
   62    0   15    1   1   1   1   1   1   1   1   1   1   1   1   1   1   1   1
   62   16   31    1   1   1   1   1   1   1   1   1   1   1   1   1   1   1   1
   62   32   47    1   1   1   1   1   1   1   1   1   1   1   1   1   1   1   1
   62   48   63    1   1   1   1   1   1   1   1   1   1   1   1   1   1   1   1
   62   64   79    1   1   1   1   1   1   1   1   1   1   1   1   1   1   1   1
   62   80   95    1   1   1   1   1   1   1   1   1   1   1   1   1   1   1   1
   62   96  111    1   1   1   1   1   1   1   1   1   1   1   1   1   1   1   1
   62  112  127    1   1   1   1   1   1   1   1   1   1   1   1   1   1   1   1
   63    0   15    1   1   1   1   1   1   1   1   1   1   1   1   1   1   1   1
   63   16   31    1   1   1   1   1   1   1   1   1   1   1   1   1   1   1   1
   63   32   47    1   1   1   1   1   1   1   1   1   1   1   1   1   1   1   1
   63   48   63    1   1   1   1   1   1   1   1   1   1   1   1   1   1   1   1
   63   64   79    1   1   1   1   1   1   1   1   1   1   1   1   1   1   1   1
   63   80   95    1   1   1   1   1   1   1   1   1   1   1   1   1   1   1   1
   63   96  111    1   1   1   1   1   1   1   1   1   1   1   1   1   1   1   1
   63  112  127    1   1   1   1   1   1   1   1   1   1   1   1   1   1   1   1
   64    0   15    1   1   1   1   1   1   1   1   1   1   1   1   1   1   1   1
   64   16   31    1   1   1   1   1   1   1   1   1   1   1   1   1   1   1   1
   64   32   47    1   1   1   1   1   1   1   1   1   1   1   1   1   1   1   1
   64   48   63    1   1   1   1   1   1   1   1   1   1   1   1   1   1   1   1
   64   64   79    1   1   1   1   1   1   1   1   1   1   1   1   1   1   1   1
   64   80   95    1   1   1   1   1   1   1   1   1   1   1   1   1   1   1   1
   64   96  111    1   1   1   1   1   1   1   1   1   1   1   1   1   1   1   1
   64  112  127    1   1   1   1   1   1   1   1   1   1   1   1   1   1   1   1
   65    0   15    1   1   1   1   1   1   1   1   1   1   1   1   1   1   1   1
   65   16   31    1   1   1   1   1   1   1   1   1   1   1   1   1   1   1   1
   65   32   47    1   1   1   1   1   1   1   1   1   1   1   1   1   1   1   1
   65   48   63    1   1   1   1   1   1   1   1   1   1   1   1   1   1   1   1
   65   64   79    1   1   1   1   1   1   1   1   1   1   1   1   1   1   1   1
   65   80   95    1   1   1   1   1   1   1   1   1   1   1   1   1   1   1   1
   65   96  111    1   1   1   1   1   1   1   1   1   1   1   1   1   1   1   1
   65  112  127    1   1   1   1   1   1   1   1   1   1   1   1   1   1   1   1
   66    0   15    1   1   1   1   1   1   1   1   1   1   1   1   1   1   1   1
   66   16   31    1   1   1   1   1   1   1   1   1   1   1   1   1   1   1   1
   66   32   47    1   1   1   1   1   1   1   1   1   1   1   1   1   1   1   1
   66   48   63    1   1   1   1   1   1   1   1   1   1   1   1   1   1   1   1
   66   64   79    1   1   1   1   1   1   1   1   1   1   1   1   1   1   1   1
   66   80   95    1   1   1   1   1   1   1   1   1   1   1   1   1   1   1   1
   66   96  111    1   1   1   1   1   1   1   1   1   1   1   1   1   1   1   1
   66  112  127    1   1   1   1   1   1   1   1   1   1   1   1   1   1   1   1
   67    0   15    1   1   1   1   1   1   1   1   1   1   1   1   1   1   1   1
   67   16   31    1   1   1   1   1   1   1   1   1   1   1   1   1   1   1   1
   67   32   47    1   1   1   1   1   1   1   1   1   1   1   1   1   1   1   1
   67   48   63    1   1   1   1   1   1   1   1   1   1   1   1   1   1   1   1
   67   64   79    1   1   1   1   1   1   1   1   1   1   1   1   1   1   1   1
   67   80   95    1   1   1   1   1   1   1   1   1   1   1   1   1   1   1   1
   67   96  111    1   1   1   1   1   1   1   1   1   1   1   1   1   1   1   1
   67  112  127    1   1   1   1   1   1   1   1   1   1   1   1   1   1   1   1
   68    0   15    1   1   1   1   1   1   1   1   1   1   1   1   1   1   1   1
   68   16   31    1   1   1   1   1   1   1   1   1   1   1   1   1   1   1   1
   68   32   47    1   1   1   1   1   1   1   1   1   1   1   1   1   1   1   1
   68   48   63    1   1   1   1   1   1   1   1   1   1   1   1   1   1   1   1
   68   64   79    1   1   1   1   1   1   1   1   1   1   1   1   1   1   1   1
   68   80   95    1   1   1   1   1   1   1   1   1   1   1   1   1   1   1   1
   68   96  111    1   1   1   1   1   1   1   1   1   1   1   1   1   1   1   1
   68  112  127    1   1   1   1   1   1   1   1   1   1   1   1   1   1   1   1
   69    0   15    1   1   1   1   1   1   1   1   1   1   1   1   1   1   1   1
   69   16   31    1   1   1   1   1   1   1   1   1   1   1   1   1   1   1   1
   69   32   47    1   1   1   1   1   1   1   1   1   1   1   1   1   1   1   1
   69   48   63    1   1   1   1   1   1   1   1   1   1   1   1   1   1   1   1
   69   64   79    1   1   1   1   1   1   1   1   1   1   1   1   1   1   1   1
   69   80   95    1   1   1   1   1   1   1   1   1   1   1   1   1   1   1   1
   69   96  111    1   1   1   1   1   1   1   1   1   1   1   1   1   1   1   1
   69  112  127    1   1   1   1   1   1   1   1   1   1   1   1   1   1   1   1
   70    0   15    1   1   1   1   1   1   1   1   1   1   1   1   1   1   1   1
   70   16   31    1   1   1   1   1   1   1   1   1   1   1   1   1   1   1   1
   70   32   47    1   1   1   1   1   1   1   1   1   1   1   1   1   1   1   1
   70   48   63    1   1   1   1   1   1   1   1   1   1   1   1   1   1   1   1
   70   64   79    1   1   1   1   1   1   1   1   1   1   1   1   1   1   1   1
   70   80   95    1   1   1   1   1   1   1   1   1   1   1   1   1   1   1   1
   70   96  111    1   1   1   1   1   1   1   1   1   1   1   1   1   1   1   1
   70  112  127    1   1   1   1   1   1   1   1   1   1   1   1   1   1   1   1
   71    0   15    1   1   1   1   1   1   1   1   1   1   1   1   1   1   1   1
   71   16   31    1   1   1   1   1   1   1   1   1   1   1   1   1   1   1   1
   71   32   47    1   1   1   1   1   1   1   1   1   1   1   1   1   1   1   1
   71   48   63    1   1   1   1   1   1   1   1   1   1   1   1   1   1   1   1
   71   64   79    1   1   1   1   1   1   1   1   1   1   1   1   1   1   1   1
   71   80   95    1   1   1   1   1   1   1   1   1   1   1   1   1   1   1   1
   71   96  111    1   1   1   1   1   1   1   1   1   1   1   1   1   1   1   1
   71  112  127    1   1   1   1   1   1   1   1   1   1   1   1   1   1   1   1
   72    0   15    1   1   1   1   1   1   1   1   1   1   1   1   1   1   1   1
   72   16   31    1   1   1   1   1   1   1   1   1   1   1   1   1   1   1   1
   72   32   47    1   1   1   1   1   1   1   1   1   1   1   1   1   1   1   1
   72   48   63    1   1   1   1   1   1   1   1   1   1   1   1   1   1   1   1
   72   64   79    1   1   1   1   1   1   1   1   1   1   1   1   1   1   1   1
   72   80   95    1   1   1   1   1   1   1   1   1   1   1   1   1   1   1   1
   72   96  111    1   1   1   1   1   1   1   1   1   1   1   1   1   1   1   1
   72  112  127    1   1   1   1   1   1   1   1   1   1   1   1   1   1   1   1
   73    0   15    1   1   1   1   1   1   1   1   1   1   1   1   1   1   1   1
   73   16   31    1   1   1   1   1   1   1   1   1   1   1   1   1   1   1   1
   73   32   47    1   1   1   1   1   1   1   1   1   1   1   1   1   1   1   1
   73   48   63    1   1   1   1   1   1   1   1   1   1   1   1   1   1   1   1
   73   64   79    1   1   1   1   1   1   1   1   1   1   1   1   1   1   1   1
   73   80   95    1   1   1   1   1   1   1   1   1   1   1   1   1   1   1   1
   73   96  111    1   1   1   1   1   1   1   1   1   1   1   1   1   1   1   1
   73  112  127    1   1   1   1   1   1   1   1   1   1   1   1   1   1   1   1
   74    0   15    1   1   1   1   1   1   1   1   1   1   1   1   1   1   1   1
   74   16   31    1   1   1   1   1   1   1   1   1   1   1   1   1   1   1   1
   74   32   47    1   1   1   1   1   1   1   1   1   1   1   1   1   1   1   1
   74   48   63    1   1   1   1   1   1   1   1   1   1   1   1   1   1   1   1
   74   64   79    1   1   1   1   1   1   1   1   1   1   1   1   1   1   1   1
   74   80   95    1   1   1   1   1   1   1   1   1   1   1   1   1   1   1   1
   74   96  111    1   1   1   1   1   1   1   1   1   1   1   1   1   1   1   1
   74  112  127    1   1   1   1   1   1   1   1   1   1   1   1   1   1   1   1
   75    0   15    1   1   1   1   1   1   1   1   1   1   1   1   1   1   1   1
   75   16   31    1   1   1   1   1   1   1   1   1   1   1   1   1   1   1   1
   75   32   47    1   1   1   1   1   1   1   1   1   1   1   1   1   1   1   1
   75   48   63    1   1   1   1   1   1   1   1   1   1   1   1   1   1   1   1
   75   64   79    1   1   1   1   1   1   1   1   1   1   1   1   1   1   1   1
   75   80   95    1   1   1   1   1   1   1   1   1   1   1   1   1   1   1   1
   75   96  111    1   1   1   1   1   1   1   1   1   1   1   1   1   1   1   1
   75  112  127    1   1   1   1   1   1   1   1   1   1   1   1   1   1   1   1
   76    0   15    1   1   1   1   1   1   1   1   1   1   1   1   1   1   1   1
   76   16   31    1   1   1   1   1   1   1   1   1   1   1   1   1   1   1   1
   76   32   47    1   1   1   1   1   1   1   1   1   1   1   1   1   1   1   1
   76   48   63    1   1   1   1   1   1   1   1   1   1   1   1   1   1   1   1
   76   64   79    1   1   1   1   1   1   1   1   1   1   1   1   1   1   1   1
   76   80   95    1   1   1   1   1   1   1   1   1   1   1   1   1   1   1   1
   76   96  111    1   1   1   1   1   1   1   1   1   1   1   1   1   1   1   1
   76  112  127    1   1   1   1   1   1   1   1   1   1   1   1   1   1   1   1
   77    0   15    1   1   1   1   1   1   1   1   1   1   1   1   1   1   1   1
   77   16   31    1   1   1   1   1   1   1   1   1   1   1   1   1   1   1   1
   77   32   47    1   1   1   1   1   1   1   1   1   1   1   1   1   1   1   1
   77   48   63    1   1   1   1   1   1   1   1   1   1   1   1   1   1   1   1
   77   64   79    1   1   1   1   1   1   1   1   1   1   1   1   1   1   1   1
   77   80   95    1   1   1   1   1   1   1   1   1   1   1   1   1   1   1   1
   77   96  111    1   1   1   1   1   1   1   1   1   1   1   1   1   1   1   1
   77  112  127    1   1   1   1   1   1   1   1   1   1   1   1   1   1   1   1
   78    0   15    1   1   1   1   1   1   1   1   1   1   1   1   1   1   1   1
   78   16   31    1   1   1   1   1   1   1   1   1   1   1   1   1   1   1   1
   78   32   47    1   1   1   1   1   1   1   1   1   1   1   1   1   1   1   1
   78   48   63    1   1   1   1   1   1   1   1   1   1   1   1   1   1   1   1
   78   64   79    1   1   1   1   1   1   1   1   1   1   1   1   1   1   1   1
   78   80   95    1   1   1   1   1   1   1   1   1   1   1   1   1   1   1   1
   78   96  111    1   1   1   1   1   1   1   1   1   1   1   1   1   1   1   1
   78  112  127    1   1   1   1   1   1   1   1   1   1   1   1   1   1   1   1
   79    0   15    1   1   1   1   1   1   1   1   1   1   1   1   1   1   1   1
   79   16   31    1   1   1   1   1   1   1   1   1   1   1   1   1   1   1   1
   79   32   47    1   1   1   1   1   1   1   1   1   1   1   1   1   1   1   1
   79   48   63    1   1   1   1   1   1   1   1   1   1   1   1   1   1   1   1
   79   64   79    1   1   1   1   1   1   1   1   1   1   1   1   1   1   1   1
   79   80   95    1   1   1   1   1   1   1   1   1   1   1   1   1   1   1   1
   79   96  111    1   1   1   1   1   1   1   1   1   1   1   1   1   1   1   1
   79  112  127    1   1   1   1   1   1   1   1   1   1   1   1   1   1   1   1
   80    0   15    1   1   1   1   1   1   1   1   1   1   1   1   1   1   1   1
   80   16   31    1   1   1   1   1   1   1   1   1   1   1   1   1   1   1   1
   80   32   47    1   1   1   1   1   1   1   1   1   1   1   1   1   1   1   1
   80   48   63    1   1   1   1   1   1   1   1   1   1   1   1   1   1   1   1
   80   64   79    1   1   1   1   1   1   1   1   1   1   1   1   1   1   1   1
   80   80   95    1   1   1   1   1   1   1   1   1   1   1   1   1   1   1   1
   80   96  111    1   1   1   1   1   1   1   1   1   1   1   1   1   1   1   1
   80  112  127    1   1   1   1   1   1   1   1   1   1   1   1   1   1   1   1
   81    0   15    1   1   1   1   1   1   1   1   1   1   1   1   1   1   1   1
   81   16   31    1   1   1   1   1   1   1   1   1   1   1   1   1   1   1   1
   81   32   47    1   1   1   1   1   1   1   1   1   1   1   1   1   1   1   1
   81   48   63    1   1   1   1   1   1   1   1   1   1   1   1   1   1   1   1
   81   64   79    1   1   1   1   1   1   1   1   1   1   1   1   1   1   1   1
   81   80   95    1   1   1   1   1   1   1   1   1   1   1   1   1   1   1   1
   81   96  111    1   1   1   1   1   1   1   1   1   1   1   1   1   1   1   1
   81  112  127    1   1   1   1   1   1   1   1   1   1   1   1   1   1   1   1
   82    0   15    1   1   1   1   1   1   1   1   1   1   1   1   1   1   1   1
   82   16   31    1   1   1   1   1   1   1   1   1   1   1   1   1   1   1   1
   82   32   47    1   1   1   1   1   1   1   1   1   1   1   1   1   1   1   1
   82   48   63    1   1   1   1   1   1   1   1   1   1   1   1   1   1   1   1
   82   64   79    1   1   1   1   1   1   1   1   1   1   1   1   1   1   1   1
   82   80   95    1   1   1   1   1   1   1   1   1   1   1   1   1   1   1   1
   82   96  111    1   1   1   1   1   1   1   1   1   1   1   1   1   1   1   1
   82  112  127    1   1   1   1   1   1   1   1   1   1   1   1   1   1   1   1
   83    0   15    1   1   1   1   1   1   1   1   1   1   1   1   1   1   1   1
   83   16   31    1   1   1   1   1   1   1   1   1   1   1   1   1   1   1   1
   83   32   47    1   1   1   1   1   1   1   1   1   1   1   1   1   1   1   1
   83   48   63    1   1   1   1   1   1   1   1   1   1   1   1   1   1   1   1
   83   64   79    1   1   1   1   1   1   1   1   1   1   1   1   1   1   1   1
   83   80   95    1   1   1   1   1   1   1   1   1   1   1   1   1   1   1   1
   83   96  111    1   1   1   1   1   1   1   1   1   1   1   1   1   1   1   1
   83  112  127    1   1   1   1   1   1   1   1   1   1   1   1   1   1   1   1
   84    0   15    1   1   1   1   1   1   1   1   1   1   1   1   1   1   1   1
   84   16   31    1   1   1   1   1   1   1   1   1   1   1   1   1   1   1   1
   84   32   47    1   1   1   1   1   1   1   1   1   1   1   1   1   1   1   1
   84   48   63    1   1   1   1   1   1   1   1   1   1   1   1   1   1   1   1
   84   64   79    1   1   1   1   1   1   1   1   1   1   1   1   1   1   1   1
   84   80   95    1   1   1   1   1   1   1   1   1   1   1   1   1   1   1   1
   84   96  111    1   1   1   1   1   1   1   1   1   1   1   1   1   1   1   1
   84  112  127    1   1   1   1   1   1   1   1   1   1   1   1   1   1   1   1
   85    0   15    1   1   1   1   1   1   1   1   1   1   1   1   1   1   1   1
   85   16   31    1   1   1   1   1   1   1   1   1   1   1   1   1   1   1   1
   85   32   47    1   1   1   1   1   1   1   1   1   1   1   1   1   1   1   1
   85   48   63    1   1   1   1   1   1   1   1   1   1   1   1   1   1   1   1
   85   64   79    1   1   1   1   1   1   1   1   1   1   1   1   1   1   1   1
   85   80   95    1   1   1   1   1   1   1   1   1   1   1   1   1   1   1   1
   85   96  111    1   1   1   1   1   1   1   1   1   1   1   1   1   1   1   1
   85  112  127    1   1   1   1   1   1   1   1   1   1   1   1   1   1   1   1
   86    0   15    1   1   1   1   1   1   1   1   1   1   1   1   1   1   1   1
   86   16   31    1   1   1   1   1   1   1   1   1   1   1   1   1   1   1   1
   86   32   47    1   1   1   1   1   1   1   1   1   1   1   1   1   1   1   1
   86   48   63    1   1   1   1   1   1   1   1   1   1   1   1   1   1   1   1
   86   64   79    1   1   1   1   1   1   1   1   1   1   1   1   1   1   1   1
   86   80   95    1   1   1   1   1   1   1   1   1   1   1   1   1   1   1   1
   86   96  111    1   1   1   1   1   1   1   1   1   1   1   1   1   1   1   1
   86  112  127    1   1   1   1   1   1   1   1   1   1   1   1   1   1   1   1
   87    0   15    1   1   1   1   1   1   1   1   1   1   1   1   1   1   1   1
   87   16   31    1   1   1   1   1   1   1   1   1   1   1   1   1   1   1   1
   87   32   47    1   1   1   1   1   1   1   1   1   1   1   1   1   1   1   1
   87   48   63    1   1   1   1   1   1   1   1   1   1   1   1   1   1   1   1
   87   64   79    1   1   1   1   1   1   1   1   1   1   1   1   1   1   1   1
   87   80   95    1   1   1   1   1   1   1   1   1   1   1   1   1   1   1   1
   87   96  111    1   1   1   1   1   1   1   1   1   1   1   1   1   1   1   1
   87  112  127    1   1   1   1   1   1   1   1   1   1   1   1   1   1   1   1
   88    0   15    1   1   1   1   1   1   1   1   1   1   1   1   1   1   1   1
   88   16   31    1   1   1   1   1   1   1   1   1   1   1   1   1   1   1   1
   88   32   47    1   1   1   1   1   1   1   1   1   1   1   1   1   1   1   1
   88   48   63    1   1   1   1   1   1   1   1   1   1   1   1   1   1   1   1
   88   64   79    1   1   1   1   1   1   1   1   1   1   1   1   1   1   1   1
   88   80   95    1   1   1   1   1   1   1   1   1   1   1   1   1   1   1   1
   88   96  111    1   1   1   1   1   1   1   1   1   1   1   1   1   1   1   1
   88  112  127    1   1   1   1   1   1   1   1   1   1   1   1   1   1   1   1
   89    0   15    1   1   1   1   1   1   1   1   1   1   1   1   1   1   1   1
   89   16   31    1   1   1   1   1   1   1   1   1   1   1   1   1   1   1   1
   89   32   47    1   1   1   1   1   1   1   1   1   1   1   1   1   1   1   1
   89   48   63    1   1   1   1   1   1   1   1   1   1   1   1   1   1   1   1
   89   64   79    1   1   1   1   1   1   1   1   1   1   1   1   1   1   1   1
   89   80   95    1   1   1   1   1   1   1   1   1   1   1   1   1   1   1   1
   89   96  111    1   1   1   1   1   1   1   1   1   1   1   1   1   1   1   1
   89  112  127    1   1   1   1   1   1   1   1   1   1   1   1   1   1   1   1
   90    0   15    1   1   1   1   1   1   1   1   1   1   1   1   1   1   1   1
   90   16   31    1   1   1   1   1   1   1   1   1   1   1   1   1   1   1   1
   90   32   47    1   1   1   1   1   1   1   1   1   1   1   1   1   1   1   1
   90   48   63    1   1   1   1   1   1   1   1   1   1   1   1   1   1   1   1
   90   64   79    1   1   1   1   1   1   1   1   1   1   1   1   1   1   1   1
   90   80   95    1   1   1   1   1   1   1   1   1   1   1   1   1   1   1   1
   90   96  111    1   1   1   1   1   1   1   1   1   1   1   1   1   1   1   1
   90  112  127    1   1   1   1   1   1   1   1   1   1   1   1   1   1   1   1
   91    0   15    1   1   1   1   1   1   1   1   1   1   1   1   1   1   1   1
   91   16   31    1   1   1   1   1   1   1   1   1   1   1   1   1   1   1   1
   91   32   47    1   1   1   1   1   1   1   1   1   1   1   1   1   1   1   1
   91   48   63    1   1   1   1   1   1   1   1   1   1   1   1   1   1   1   1
   91   64   79    1   1   1   1   1   1   1   1   1   1   1   1   1   1   1   1
   91   80   95    1   1   1   1   1   1   1   1   1   1   1   1   1   1   1   1
   91   96  111    1   1   1   1   1   1   1   1   1   1   1   1   1   1   1   1
   91  112  127    1   1   1   1   1   1   1   1   1   1   1   1   1   1   1   1
   92    0   15    1   1   1   1   1   1   1   1   1   1   1   1   1   1   1   1
   92   16   31    1   1   1   1   1   1   1   1   1   1   1   1   1   1   1   1
   92   32   47    1   1   1   1   1   1   1   1   1   1   1   1   1   1   1   1
   92   48   63    1   1   1   1   1   1   1   1   1   1   1   1   1   1   1   1
   92   64   79    1   1   1   1   1   1   1   1   1   1   1   1   1   1   1   1
   92   80   95    1   1   1   1   1   1   1   1   1   1   1   1   1   1   1   1
   92   96  111    1   1   1   1   1   1   1   1   1   1   1   1   1   1   1   1
   92  112  127    1   1   1   1   1   1   1   1   1   1   1   1   1   1   1   1
   93    0   15    1   1   1   1   1   1   1   1   1   1   1   1   1   1   1   1
   93   16   31    1   1   1   1   1   1   1   1   1   1   1   1   1   1   1   1
   93   32   47    1   1   1   1   1   1   1   1   1   1   1   1   1   1   1   1
   93   48   63    1   1   1   1   1   1   1   1   1   1   1   1   1   1   1   1
   93   64   79    1   1   1   1   1   1   1   1   1   1   1   1   1   1   1   1
   93   80   95    1   1   1   1   1   1   1   1   1   1   1   1   1   1   1   1
   93   96  111    1   1   1   1   1   1   1   1   1   1   1   1   1   1   1   1
   93  112  127    1   1   1   1   1   1   1   1   1   1   1   1   1   1   1   1
   94    0   15    1   1   1   1   1   1   1   1   1   1   1   1   1   1   1   1
   94   16   31    1   1   1   1   1   1   1   1   1   1   1   1   1   1   1   1
   94   32   47    1   1   1   1   1   1   1   1   1   1   1   1   1   1   1   1
   94   48   63    1   1   1   1   1   1   1   1   1   1   1   1   1   1   1   1
   94   64   79    1   1   1   1   1   1   1   1   1   1   1   1   1   1   1   1
   94   80   95    1   1   1   1   1   1   1   1   1   1   1   1   1   1   1   1
   94   96  111    1   1   1   1   1   1   1   1   1   1   1   1   1   1   1   1
   94  112  127    1   1   1   1   1   1   1   1   1   1   1   1   1   1   1   1
   95    0   15    1   1   1   1   1   1   1   1   1   1   1   1   1   1   1   1
   95   16   31    1   1   1   1   1   1   1   1   1   1   1   1   1   1   1   1
   95   32   47    1   1   1   1   1   1   1   1   1   1   1   1   1   1   1   1
   95   48   63    1   1   1   1   1   1   1   1   1   1   1   1   1   1   1   1
   95   64   79    1   1   1   1   1   1   1   1   1   1   1   1   1   1   1   1
   95   80   95    1   1   1   1   1   1   1   1   1   1   1   1   1   1   1   1
   95   96  111    1   1   1   1   1   1   1   1   1   1   1   1   1   1   1   1
   95  112  127    1   1   1   1   1   1   1   1   1   1   1   1   1   1   1   1
   96    0   15    1   1   1   1   1   1   1   1   1   1   1   1   1   1   1   1
   96   16   31    1   1   1   1   1   1   1   1   1   1   1   1   1   1   1   1
   96   32   47    1   1   1   1   1   1   1   1   1   1   1   1   1   1   1   1
   96   48   63    1   1   1   1   1   1   1   1   1   1   1   1   1   1   1   1
   96   64   79    1   1   1   1   1   1   1   1   1   1   1   1   1   1   1   1
   96   80   95    1   1   1   1   1   1   1   1   1   1   1   1   1   1   1   1
   96   96  111    1   1   1   1   1   1   1   1   1   1   1   1   1   1   1   1
   96  112  127    1   1   1   1   1   1   1   1   1   1   1   1   1   1   1   1
   97    0   15    1   1   1   1   1   1   1   1   1   1   1   1   1   1   1   1
   97   16   31    1   1   1   1   1   1   1   1   1   1   1   1   1   1   1   1
   97   32   47    1   1   1   1   1   1   1   1   1   1   1   1   1   1   1   1
   97   48   63    1   1   1   1   1   1   1   1   1   1   1   1   1   1   1   1
   97   64   79    1   1   1   1   1   1   1   1   1   1   1   1   1   1   1   1
   97   80   95    1   1   1   1   1   1   1   1   1   1   1   1   1   1   1   1
   97   96  111    1   1   1   1   1   1   1   1   1   1   1   1   1   1   1   1
   97  112  127    1   1   1   1   1   1   1   1   1   1   1   1   1   1   1   1
   98    0   15    1   1   1   1   1   1   1   1   1   1   1   1   1   1   1   1
   98   16   31    1   1   1   1   1   1   1   1   1   1   1   1   1   1   1   1
   98   32   47    1   1   1   1   1   1   1   1   1   1   1   1   1   1   1   1
   98   48   63    1   1   1   1   1   1   1   1   1   1   1   1   1   1   1   1
   98   64   79    1   1   1   1   1   1   1   1   1   1   1   1   1   1   1   1
   98   80   95    1   1   1   1   1   1   1   1   1   1   1   1   1   1   1   1
   98   96  111    1   1   1   1   1   1   1   1   1   1   1   1   1   1   1   1
   98  112  127    1   1   1   1   1   1   1   1   1   1   1   1   1   1   1   1
   99    0   15    1   1   1   1   1   1   1   1   1   1   1   1   1   1   1   1
   99   16   31    1   1   1   1   1   1   1   1   1   1   1   1   1   1   1   1
   99   32   47    1   1   1   1   1   1   1   1   1   1   1   1   1   1   1   1
   99   48   63    1   1   1   1   1   1   1   1   1   1   1   1   1   1   1   1
   99   64   79    1   1   1   1   1   1   1   1   1   1   1   1   1   1   1   1
   99   80   95    1   1   1   1   1   1   1   1   1   1   1   1   1   1   1   1
   99   96  111    1   1   1   1   1   1   1   1   1   1   1   1   1   1   1   1
   99  112  127    1   1   1   1   1   1   1   1   1   1   1   1   1   1   1   1
  100    0   15    1   1   1   1   1   1   1   1   1   1   1   1   1   1   1   1
  100   16   31    1   1   1   1   1   1   1   1   1   1   1   1   1   1   1   1
  100   32   47    1   1   1   1   1   1   1   1   1   1   1   1   1   1   1   1
  100   48   63    1   1   1   1   1   1   1   1   1   1   1   1   1   1   1   1
  100   64   79    1   1   1   1   1   1   1   1   1   1   1   1   1   1   1   1
  100   80   95    1   1   1   1   1   1   1   1   1   1   1   1   1   1   1   1
  100   96  111    1   1   1   1   1   1   1   1   1   1   1   1   1   1   1   1
  100  112  127    1   1   1   1   1   1   1   1   1   1   1   1   1   1   1   1
  101    0   15    1   1   1   1   1   1   1   1   1   1   1   1   1   1   1   1
  101   16   31    1   1   1   1   1   1   1   1   1   1   1   1   1   1   1   1
  101   32   47    1   1   1   1   1   1   1   1   1   1   1   1   1   1   1   1
  101   48   63    1   1   1   1   1   1   1   1   1   1   1   1   1   1   1   1
  101   64   79    1   1   1   1   1   1   1   1   1   1   1   1   1   1   1   1
  101   80   95    1   1   1   1   1   1   1   1   1   1   1   1   1   1   1   1
  101   96  111    1   1   1   1   1   1   1   1   1   1   1   1   1   1   1   1
  101  112  127    1   1   1   1   1   1   1   1   1   1   1   1   1   1   1   1
  102    0   15    1   1   1   1   1   1   1   1   1   1   1   1   1   1   1   1
  102   16   31    1   1   1   1   1   1   1   1   1   1   1   1   1   1   1   1
  102   32   47    1   1   1   1   1   1   1   1   1   1   1   1   1   1   1   1
  102   48   63    1   1   1   1   1   1   1   1   1   1   1   1   1   1   1   1
  102   64   79    1   1   1   1   1   1   1   1   1   1   1   1   1   1   1   1
  102   80   95    1   1   1   1   1   1   1   1   1   1   1   1   1   1   1   1
  102   96  111    1   1   1   1   1   1   1   1   1   1   1   1   1   1   1   1
  102  112  127    1   1   1   1   1   1   1   1   1   1   1   1   1   1   1   1
  103    0   15    1   1   1   1   1   1   1   1   1   1   1   1   1   1   1   1
  103   16   31    1   1   1   1   1   1   1   1   1   1   1   1   1   1   1   1
  103   32   47    1   1   1   1   1   1   1   1   1   1   1   1   1   1   1   1
  103   48   63    1   1   1   1   1   1   1   1   1   1   1   1   1   1   1   1
  103   64   79    1   1   1   1   1   1   1   1   1   1   1   1   1   1   1   1
  103   80   95    1   1   1   1   1   1   1   1   1   1   1   1   1   1   1   1
  103   96  111    1   1   1   1   1   1   1   1   1   1   1   1   1   1   1   1
  103  112  127    1   1   1   1   1   1   1   1   1   1   1   1   1   1   1   1
  104    0   15    1   1   1   1   1   1   1   1   1   1   1   1   1   1   1   1
  104   16   31    1   1   1   1   1   1   1   1   1   1   1   1   1   1   1   1
  104   32   47    1   1   1   1   1   1   1   1   1   1   1   1   1   1   1   1
  104   48   63    1   1   1   1   1   1   1   1   1   1   1   1   1   1   1   1
  104   64   79    1   1   1   1   1   1   1   1   1   1   1   1   1   1   1   1
  104   80   95    1   1   1   1   1   1   1   1   1   1   1   1   1   1   1   1
  104   96  111    1   1   1   1   1   1   1   1   1   1   1   1   1   1   1   1
  104  112  127    1   1   1   1   1   1   1   1   1   1   1   1   1   1   1   1
  105    0   15    1   1   1   1   1   1   1   1   1   1   1   1   1   1   1   1
  105   16   31    1   1   1   1   1   1   1   1   1   1   1   1   1   1   1   1
  105   32   47    1   1   1   1   1   1   1   1   1   1   1   1   1   1   1   1
  105   48   63    1   1   1   1   1   1   1   1   1   1   1   1   1   1   1   1
  105   64   79    1   1   1   1   1   1   1   1   1   1   1   1   1   1   1   1
  105   80   95    1   1   1   1   1   1   1   1   1   1   1   1   1   1   1   1
  105   96  111    1   1   1   1   1   1   1   1   1   1   1   1   1   1   1   1
  105  112  127    1   1   1   1   1   1   1   1   1   1   1   1   1   1   1   1
  106    0   15    1   1   1   1   1   1   1   1   1   1   1   1   1   1   1   1
  106   16   31    1   1   1   1   1   1   1   1   1   1   1   1   1   1   1   1
  106   32   47    1   1   1   1   1   1   1   1   1   1   1   1   1   1   1   1
  106   48   63    1   1   1   1   1   1   1   1   1   1   1   1   1   1   1   1
  106   64   79    1   1   1   1   1   1   1   1   1   1   1   1   1   1   1   1
  106   80   95    1   1   1   1   1   1   1   1   1   1   1   1   1   1   1   1
  106   96  111    1   1   1   1   1   1   1   1   1   1   1   1   1   1   1   1
  106  112  127    1   1   1   1   1   1   1   1   1   1   1   1   1   1   1   1
  107    0   15    1   1   1   1   1   1   1   1   1   1   1   1   1   1   1   1
  107   16   31    1   1   1   1   1   1   1   1   1   1   1   1   1   1   1   1
  107   32   47    1   1   1   1   1   1   1   1   1   1   1   1   1   1   1   1
  107   48   63    1   1   1   1   1   1   1   1   1   1   1   1   1   1   1   1
  107   64   79    1   1   1   1   1   1   1   1   1   1   1   1   1   1   1   1
  107   80   95    1   1   1   1   1   1   1   1   1   1   1   1   1   1   1   1
  107   96  111    1   1   1   1   1   1   1   1   1   1   1   1   1   1   1   1
  107  112  127    1   1   1   1   1   1   1   1   1   1   1   1   1   1   1   1
  108    0   15    1   1   1   1   1   1   1   1   1   1   1   1   1   1   1   1
  108   16   31    1   1   1   1   1   1   1   1   1   1   1   1   1   1   1   1
  108   32   47    1   1   1   1   1   1   1   1   1   1   1   1   1   1   1   1
  108   48   63    1   1   1   1   1   1   1   1   1   1   1   1   1   1   1   1
  108   64   79    1   1   1   1   1   1   1   1   1   1   1   1   1   1   1   1
  108   80   95    1   1   1   1   1   1   1   1   1   1   1   1   1   1   1   1
  108   96  111    1   1   1   1   1   1   1   1   1   1   1   1   1   1   1   1
  108  112  127    1   1   1   1   1   1   1   1   1   1   1   1   1   1   1   1
  109    0   15    1   1   1   1   1   1   1   1   1   1   1   1   1   1   1   1
  109   16   31    1   1   1   1   1   1   1   1   1   1   1   1   1   1   1   1
  109   32   47    1   1   1   1   1   1   1   1   1   1   1   1   1   1   1   1
  109   48   63    1   1   1   1   1   1   1   1   1   1   1   1   1   1   1   1
  109   64   79    1   1   1   1   1   1   1   1   1   1   1   1   1   1   1   1
  109   80   95    1   1   1   1   1   1   1   1   1   1   1   1   1   1   1   1
  109   96  111    1   1   1   1   1   1   1   1   1   1   1   1   1   1   1   1
  109  112  127    1   1   1   1   1   1   1   1   1   1   1   1   1   1   1   1
  110    0   15    1   1   1   1   1   1   1   1   1   1   1   1   1   1   1   1
  110   16   31    1   1   1   1   1   1   1   1   1   1   1   1   1   1   1   1
  110   32   47    1   1   1   1   1   1   1   1   1   1   1   1   1   1   1   1
  110   48   63    1   1   1   1   1   1   1   1   1   1   1   1   1   1   1   1
  110   64   79    1   1   1   1   1   1   1   1   1   1   1   1   1   1   1   1
  110   80   95    1   1   1   1   1   1   1   1   1   1   1   1   1   1   1   1
  110   96  111    1   1   1   1   1   1   1   1   1   1   1   1   1   1   1   1
  110  112  127    1   1   1   1   1   1   1   1   1   1   1   1   1   1   1   1
  111    0   15    1   1   1   1   1   1   1   1   1   1   1   1   1   1   1   1
  111   16   31    1   1   1   1   1   1   1   1   1   1   1   1   1   1   1   1
  111   32   47    1   1   1   1   1   1   1   1   1   1   1   1   1   1   1   1
  111   48   63    1   1   1   1   1   1   1   1   1   1   1   1   1   1   1   1
  111   64   79    1   1   1   1   1   1   1   1   1   1   1   1   1   1   1   1
  111   80   95    1   1   1   1   1   1   1   1   1   1   1   1   1   1   1   1
  111   96  111    1   1   1   1   1   1   1   1   1   1   1   1   1   1   1   1
  111  112  127    1   1   1   1   1   1   1   1   1   1   1   1   1   1   1   1
  112    0   15    1   1   1   1   1   1   1   1   1   1   1   1   1   1   1   1
  112   16   31    1   1   1   1   1   1   1   1   1   1   1   1   1   1   1   1
  112   32   47    1   1   1   1   1   1   1   1   1   1   1   1   1   1   1   1
  112   48   63    1   1   1   1   1   1   1   1   1   1   1   1   1   1   1   1
  112   64   79    1   1   1   1   1   1   1   1   1   1   1   1   1   1   1   1
  112   80   95    1   1   1   1   1   1   1   1   1   1   1   1   1   1   1   1
  112   96  111    1   1   1   1   1   1   1   1   1   1   1   1   1   1   1   1
  112  112  127    1   1   1   1   1   1   1   1   1   1   1   1   1   1   1   1
  113    0   15    1   1   1   1   1   1   1   1   1   1   1   1   1   1   1   1
  113   16   31    1   1   1   1   1   1   1   1   1   1   1   1   1   1   1   1
  113   32   47    1   1   1   1   1   1   1   1   1   1   1   1   1   1   1   1
  113   48   63    1   1   1   1   1   1   1   1   1   1   1   1   1   1   1   1
  113   64   79    1   1   1   1   1   1   1   1   1   1   1   1   1   1   1   1
  113   80   95    1   1   1   1   1   1   1   1   1   1   1   1   1   1   1   1
  113   96  111    1   1   1   1   1   1   1   1   1   1   1   1   1   1   1   1
  113  112  127    1   1   1   1   1   1   1   1   1   1   1   1   1   1   1   1
  114    0   15    1   1   1   1   1   1   1   1   1   1   1   1   1   1   1   1
  114   16   31    1   1   1   1   1   1   1   1   1   1   1   1   1   1   1   1
  114   32   47    1   1   1   1   1   1   1   1   1   1   1   1   1   1   1   1
  114   48   63    1   1   1   1   1   1   1   1   1   1   1   1   1   1   1   1
  114   64   79    1   1   1   1   1   1   1   1   1   1   1   1   1   1   1   1
  114   80   95    1   1   1   1   1   1   1   1   1   1   1   1   1   1   1   1
  114   96  111    1   1   1   1   1   1   1   1   1   1   1   1   1   1   1   1
  114  112  127    1   1   1   1   1   1   1   1   1   1   1   1   1   1   1   1
  115    0   15    1   1   1   1   1   1   1   1   1   1   1   1   1   1   1   1
  115   16   31    1   1   1   1   1   1   1   1   1   1   1   1   1   1   1   1
  115   32   47    1   1   1   1   1   1   1   1   1   1   1   1   1   1   1   1
  115   48   63    1   1   1   1   1   1   1   1   1   1   1   1   1   1   1   1
  115   64   79    1   1   1   1   1   1   1   1   1   1   1   1   1   1   1   1
  115   80   95    1   1   1   1   1   1   1   1   1   1   1   1   1   1   1   1
  115   96  111    1   1   1   1   1   1   1   1   1   1   1   1   1   1   1   1
  115  112  127    1   1   1   1   1   1   1   1   1   1   1   1   1   1   1   1
  116    0   15    1   1   1   1   1   1   1   1   1   1   1   1   1   1   1   1
  116   16   31    1   1   1   1   1   1   1   1   1   1   1   1   1   1   1   1
  116   32   47    1   1   1   1   1   1   1   1   1   1   1   1   1   1   1   1
  116   48   63    1   1   1   1   1   1   1   1   1   1   1   1   1   1   1   1
  116   64   79    1   1   1   1   1   1   1   1   1   1   1   1   1   1   1   1
  116   80   95    1   1   1   1   1   1   1   1   1   1   1   1   1   1   1   1
  116   96  111    1   1   1   1   1   1   1   1   1   1   1   1   1   1   1   1
  116  112  127    1   1   1   1   1   1   1   1   1   1   1   1   1   1   1   1
  117    0   15    1   1   1   1   1   1   1   1   1   1   1   1   1   1   1   1
  117   16   31    1   1   1   1   1   1   1   1   1   1   1   1   1   1   1   1
  117   32   47    1   1   1   1   1   1   1   1   1   1   1   1   1   1   1   1
  117   48   63    1   1   1   1   1   1   1   1   1   1   1   1   1   1   1   1
  117   64   79    1   1   1   1   1   1   1   1   1   1   1   1   1   1   1   1
  117   80   95    1   1   1   1   1   1   1   1   1   1   1   1   1   1   1   1
  117   96  111    1   1   1   1   1   1   1   1   1   1   1   1   1   1   1   1
  117  112  127    1   1   1   1   1   1   1   1   1   1   1   1   1   1   1   1
  118    0   15    1   1   1   1   1   1   1   1   1   1   1   1   1   1   1   1
  118   16   31    1   1   1   1   1   1   1   1   1   1   1   1   1   1   1   1
  118   32   47    1   1   1   1   1   1   1   1   1   1   1   1   1   1   1   1
  118   48   63    1   1   1   1   1   1   1   1   1   1   1   1   1   1   1   1
  118   64   79    1   1   1   1   1   1   1   1   1   1   1   1   1   1   1   1
  118   80   95    1   1   1   1   1   1   1   1   1   1   1   1   1   1   1   1
  118   96  111    1   1   1   1   1   1   1   1   1   1   1   1   1   1   1   1
  118  112  127    1   1   1   1   1   1   1   1   1   1   1   1   1   1   1   1
  119    0   15    1   1   1   1   1   1   1   1   1   1   1   1   1   1   1   1
  119   16   31    1   1   1   1   1   1   1   1   1   1   1   1   1   1   1   1
  119   32   47    1   1   1   1   1   1   1   1   1   1   1   1   1   1   1   1
  119   48   63    1   1   1   1   1   1   1   1   1   1   1   1   1   1   1   1
  119   64   79    1   1   1   1   1   1   1   1   1   1   1   1   1   1   1   1
  119   80   95    1   1   1   1   1   1   1   1   1   1   1   1   1   1   1   1
  119   96  111    1   1   1   1   1   1   1   1   1   1   1   1   1   1   1   1
  119  112  127    1   1   1   1   1   1   1   1   1   1   1   1   1   1   1   1
  120    0   15    1   1   1   1   1   1   1   1   1   1   1   1   1   1   1   1
  120   16   31    1   1   1   1   1   1   1   1   1   1   1   1   1   1   1   1
  120   32   47    1   1   1   1   1   1   1   1   1   1   1   1   1   1   1   1
  120   48   63    1   1   1   1   1   1   1   1   1   1   1   1   1   1   1   1
  120   64   79    1   1   1   1   1   1   1   1   1   1   1   1   1   1   1   1
  120   80   95    1   1   1   1   1   1   1   1   1   1   1   1   1   1   1   1
  120   96  111    1   1   1   1   1   1   1   1   1   1   1   1   1   1   1   1
  120  112  127    1   1   1   1   1   1   1   1   1   1   1   1   1   1   1   1
  121    0   15    1   1   1   1   1   1   1   1   1   1   1   1   1   1   1   1
  121   16   31    1   1   1   1   1   1   1   1   1   1   1   1   1   1   1   1
  121   32   47    1   1   1   1   1   1   1   1   1   1   1   1   1   1   1   1
  121   48   63    1   1   1   1   1   1   1   1   1   1   1   1   1   1   1   1
  121   64   79    1   1   1   1   1   1   1   1   1   1   1   1   1   1   1   1
  121   80   95    1   1   1   1   1   1   1   1   1   1   1   1   1   1   1   1
  121   96  111    1   1   1   1   1   1   1   1   1   1   1   1   1   1   1   1
  121  112  127    1   1   1   1   1   1   1   1   1   1   1   1   1   1   1   1
  122    0   15    1   1   1   1   1   1   1   1   1   1   1   1   1   1   1   1
  122   16   31    1   1   1   1   1   1   1   1   1   1   1   1   1   1   1   1
  122   32   47    1   1   1   1   1   1   1   1   1   1   1   1   1   1   1   1
  122   48   63    1   1   1   1   1   1   1   1   1   1   1   1   1   1   1   1
  122   64   79    1   1   1   1   1   1   1   1   1   1   1   1   1   1   1   1
  122   80   95    1   1   1   1   1   1   1   1   1   1   1   1   1   1   1   1
  122   96  111    1   1   1   1   1   1   1   1   1   1   1   1   1   1   1   1
  122  112  127    1   1   1   1   1   1   1   1   1   1   1   1   1   1   1   1
  123    0   15    1   1   1   1   1   1   1   1   1   1   1   1   1   1   1   1
  123   16   31    1   1   1   1   1   1   1   1   1   1   1   1   1   1   1   1
  123   32   47    1   1   1   1   1   1   1   1   1   1   1   1   1   1   1   1
  123   48   63    1   1   1   1   1   1   1   1   1   1   1   1   1   1   1   1
  123   64   79    1   1   1   1   1   1   1   1   1   1   1   1   1   1   1   1
  123   80   95    1   1   1   1   1   1   1   1   1   1   1   1   1   1   1   1
  123   96  111    1   1   1   1   1   1   1   1   1   1   1   1   1   1   1   1
  123  112  127    1   1   1   1   1   1   1   1   1   1   1   1   1   1   1   1
  124    0   15    1   1   1   1   1   1   1   1   1   1   1   1   1   1   1   1
  124   16   31    1   1   1   1   1   1   1   1   1   1   1   1   1   1   1   1
  124   32   47    1   1   1   1   1   1   1   1   1   1   1   1   1   1   1   1
  124   48   63    1   1   1   1   1   1   1   1   1   1   1   1   1   1   1   1
  124   64   79    1   1   1   1   1   1   1   1   1   1   1   1   1   1   1   1
  124   80   95    1   1   1   1   1   1   1   1   1   1   1   1   1   1   1   1
  124   96  111    1   1   1   1   1   1   1   1   1   1   1   1   1   1   1   1
  124  112  127    1   1   1   1   1   1   1   1   1   1   1   1   1   1   1   1
  125    0   15    1   1   1   1   1   1   1   1   1   1   1   1   1   1   1   1
  125   16   31    1   1   1   1   1   1   1   1   1   1   1   1   1   1   1   1
  125   32   47    1   1   1   1   1   1   1   1   1   1   1   1   1   1   1   1
  125   48   63    1   1   1   1   1   1   1   1   1   1   1   1   1   1   1   1
  125   64   79    1   1   1   1   1   1   1   1   1   1   1   1   1   1   1   1
  125   80   95    1   1   1   1   1   1   1   1   1   1   1   1   1   1   1   1
  125   96  111    1   1   1   1   1   1   1   1   1   1   1   1   1   1   1   1
  125  112  127    1   1   1   1   1   1   1   1   1   1   1   1   1   1   1   1
  126    0   15    1   1   1   1   1   1   1   1   1   1   1   1   1   1   1   1
  126   16   31    1   1   1   1   1   1   1   1   1   1   1   1   1   1   1   1
  126   32   47    1   1   1   1   1   1   1   1   1   1   1   1   1   1   1   1
  126   48   63    1   1   1   1   1   1   1   1   1   1   1   1   1   1   1   1
  126   64   79    1   1   1   1   1   1   1   1   1   1   1   1   1   1   1   1
  126   80   95    1   1   1   1   1   1   1   1   1   1   1   1   1   1   1   1
  126   96  111    1   1   1   1   1   1   1   1   1   1   1   1   1   1   1   1
  126  112  127    1   1   1   1   1   1   1   1   1   1   1   1   1   1   1   1
  127    0   15    1   1   1   1   1   1   1   1   1   1   1   1   1   1   1   1
  127   16   31    1   1   1   1   1   1   1   1   1   1   1   1   1   1   1   1
  127   32   47    1   1   1   1   1   1   1   1   1   1   1   1   1   1   1   1
  127   48   63    1   1   1   1   1   1   1   1   1   1   1   1   1   1   1   1
  127   64   79    1   1   1   1   1   1   1   1   1   1   1   1   1   1   1   1
  127   80   95    1   1   1   1   1   1   1   1   1   1   1   1   1   1   1   1
  127   96  111    1   1   1   1   1   1   1   1   1   1   1   1   1   1   1   1
  127  112  127    1   1   1   1   1   1   1   1   1   1   1   1   1   1   1   1
