0.130156159
0.130222723
0.130308181
0.130481735
0.130664736
0.130955815
0.131249309
0.131654888
0.132077575
0.132605821
0.133195266
0.133830026
0.134529471
0.135328814
0.136200547
0.137112886
0.138230294
0.139384046
0.140735939
0.142185494
0.143804833
0.14558655
0.147558764
0.149792895
0.152200431
0.154870778
0.157724023
0.161191866
0.165026516
0.169442281
0.174240679
0.179732233
0.18592155
0.19322142
0.20239222
0.212193295
0.224111348
0.237825677
0.256235152
0.278396904
0.311622381
0.363216847
0.426264524
0.545927882
0.595219851
2.2965641
32.6868935
15.6516514
9.93925381
6.13681412
1.71749997
1.71831679
1.71950567
1.72176409
1.72422683
1.7280134
1.73197544
1.73725748
1.74285722
1.749663
1.75737584
1.76562881
1.77490699
1.78545809
1.79712892
1.80922985
1.82393324
1.83904743
1.85684562
1.87579298
1.89705729
1.9205116
1.94648349
1.97567189
2.00716162
2.04275012
2.08065987
2.12601924
2.17605233
2.23389697
2.29642987
2.36856198
2.45053792
2.54691815
2.66488504
2.79094267
2.94619894
3.12644148
3.36053872
3.64681768
3.90204644
4.52487326
5.25001764
6.5791235
8.44455242
16.0553646
26.162075
14.5950527
9.52099991
5.80377769
2.9072237
2.90843368
2.91061807
2.91435122
2.91865611
2.92491078
2.93186927
2.94061518
2.95015621
2.96121311
2.97408462
2.98771024
3.00354958
3.02142072
3.0416472
3.06230521
3.08707738
3.11235356
3.14236379
3.17393327
3.20963597
3.24918246
3.29300046
3.34159589
3.3941195
3.45535207
3.52025867
3.59592795
3.67903376
3.77578378
3.87946892
4.00068235
4.14033318
4.30371904
4.49505806
4.69936752
4.95705509
5.26046371
5.60322142
6.06817722
6.7462039
7.72356176
8.94433117
10.9502125
13.6338482
20.0716343
19.4045467
12.9880552
8.72607899
4.80315828
3.01627111
3.01726031
3.01978755
3.02352166
3.02819514
3.03445315
3.04204512
3.05082536
3.06081581
3.07159019
3.08466172
3.09828162
3.11491895
3.13347244
3.1551671
3.17687035
3.20239258
3.22815037
3.25910091
3.29108858
3.32768512
3.36847973
3.41370559
3.46287966
3.5161984
3.58122849
3.64969683
3.72653222
3.81031585
3.90888166
4.01320076
4.13768148
4.2839179
4.45364189
4.63954926
4.83791113
5.0977931
5.40987825
5.76519585
6.22460508
6.88678885
7.75491333
9.0406599
10.7155962
12.6455069
15.7222099
14.8970776
11.2151995
7.67764711
3.73050499
3.01544809
3.0162189
3.01890683
3.02248383
3.02734423
3.03342891
3.04115868
3.0497582
3.05972815
3.07009506
3.0828588
3.09622312
3.11297321
3.13145137
3.15358162
3.1755693
3.20086265
3.2262826
3.25681496
3.28820491
3.32431912
3.36488938
3.40955472
3.45744896
3.50983095
3.57577515
3.64527464
3.72080088
3.8019371
3.89779639
3.99936104
4.12293386
4.26959038
4.43530083
4.60825253
4.79594564
5.04794359
5.35446453
5.68896389
6.11820936
6.72493505
7.48676443
8.63828087
9.86132336
11.3232975
12.712018
12.0238028
9.59676456
6.68899488
3.27437854
3.01437545
3.01501083
3.01770282
3.0211122
3.02611756
3.03213501
3.03963995
3.04823637
3.05802655
3.06844091
3.08090019
3.09441423
3.11113381
3.12940907
3.15154433
3.17382503
3.198838
3.22412992
3.25395703
3.28503251
3.32065368
3.36103868
3.40473175
3.4513979
3.50323343
3.56916928
3.6394918
3.7143507
3.79277682
3.88490367
3.98461676
4.10775995
4.25336885
4.40943861
4.56997395
4.75182676
4.99576044
5.29222775
5.62256765
6.0180788
6.5501709
7.24039078
8.05856991
9.13540173
10.133543
10.7283783
10.0282011
8.22802067
5.8555994
3.07866096
3.01304555
3.01360345
3.01619315
3.01951981
3.0246985
3.03071237
3.03780937
3.04643846
3.05584049
3.06639934
3.07888675
3.09269142
3.10926628
3.12713242
3.14897728
3.17140794
3.19619012
3.22121835
3.25048494
3.28111386
3.31619334
3.35624576
3.3989954
3.44459057
3.49519134
3.56054878
3.63135624
3.70543408
3.78158498
3.87096357
3.96837544
4.08824587
4.23007822
4.37814522
4.52932072
4.70270872
4.93328285
5.21760988
5.54368305
5.89720869
6.34975815
6.94168806
7.58076572
8.44443893
9.11359978
9.29936504
8.52670574
7.15531301
4.94798183
2.58413124
3.01141262
3.01194811
3.01433349
3.01770616
3.02310705
3.02917433
3.03573489
3.04436922
3.05315089
3.06383395
3.07682562
3.090976
3.10728574
3.12450218
3.14579177
3.16815281
3.19278121
3.21727991
3.24629283
3.27618814
3.31065583
3.3501451
3.39213991
3.43684053
3.4850893
3.5493753
3.62023258
3.69311428
3.76762938
3.85598493
3.95013714
4.062572
4.1972537
4.34150267
4.48750877
4.64719534
4.85723448
5.12767792
5.44284725
5.74291229
6.11020851
6.63195086
7.25233698
7.70282888
8.2325201
8.20797539
7.39813042
6.12132406
4.16251421
2.03907275
3.00951242
3.01007175
3.01224971
3.01568913
3.02109861
3.02720356
3.03350449
3.04194784
3.05019116
3.06102729
3.07442856
3.08870292
3.10475445
3.12166095
3.14250445
3.1645484
3.18891191
3.21302104
3.24162698
3.27083158
3.30466533
3.3434968
3.38468862
3.427876
3.47399831
3.53749657
3.60795212
3.67901278
3.75121689
3.83735585
3.92825079
4.03514099
4.16338968
4.3020668
4.4418025
4.59074497
4.78553581
5.03783989
5.32577753
5.5782485
5.87974644
6.34357643
6.85314798
7.02942514
7.40309429
7.20785475
6.50308418
5.20867205
3.67354321
1.70438111
3.00731158
3.00794339
3.00994778
3.01343584
3.0185101
3.02460241
3.03111386
3.03907275
3.04700279
3.05804968
3.07151747
3.0855515
3.10140395
3.11860299
3.13927341
3.16071224
3.18461156
3.20863724
3.23649096
3.26517773
3.2983644
3.336483
3.37671852
3.41739583
3.46214938
3.52543759
3.59496784
3.66339421
3.7320118
3.81349945
3.90150189
4.00718546
4.13133192
4.26029158
4.39051533
4.53484344
4.72460699
4.95335388
5.19255972
5.41007423
5.68145943
6.10069132
6.36462069
6.44228315
6.6269908
6.32570648
5.79824877
4.64666653
3.35904098
1.61161268
3.00485992
3.00553679
3.0074687
3.01086473
3.01559711
3.02159548
3.02824187
3.0359025
3.04377627
3.05492401
3.06813383
3.08185625
3.09749436
3.11486554
3.13528967
3.15623927
3.17974997
3.20349002
3.23066401
3.25874758
3.29110026
3.32851171
3.36752701
3.40614891
3.44912767
3.51150465
3.5797379
3.64536643
3.71073151
3.78827953
3.87284255
3.97529793
4.09428835
4.215137
4.33744764
4.47357368
4.65271568
4.85614252
5.04824209
5.23871803
5.48502016
5.83442926
5.96105862
6.00235605
6.04057837
5.68295288
5.21489763
4.2598896
3.0322938
1.62937462
3.00212574
3.00278258
3.00478411
3.00787759
3.01240969
3.01819539
3.02466059
3.03243971
3.04057574
3.05162477
3.06420159
3.07764912
3.09302425
3.11011934
3.13006806
3.15083265
3.17415619
3.19715619
3.22390437
3.25117159
3.28239822
3.31912208
3.3565743
3.39426374
3.43451619
3.49461412
3.56117296
3.62408662
3.68725157
3.76294518
3.84305763
3.93731093
4.04843855
4.16524124
4.2834363
4.403265
4.55847311
4.73531866
4.89140034
5.06289101
5.27469444
5.49208879
5.5871563
5.64589405
5.56132936
5.20049191
4.6613555
3.90283275
2.73101592
1.64322114
2.99912071
2.99972034
3.00182199
3.00469112
3.00902128
3.01457763
3.0208385
3.02874041
3.03718615
3.04793262
3.0599184
3.0730536
3.08819199
3.10504222
3.12457371
3.14500165
3.16798162
3.19034958
3.21652126
3.24285984
3.27302647
3.3087945
3.34494305
3.38112187
3.41882372
3.47683215
3.54182625
3.60194302
3.66228104
3.73466992
3.81028152
3.89808607
4.00190163
4.11156416
4.22086668
4.32508326
4.45824528
4.60926723
4.73582172
4.88847113
5.05839062
5.16036081
5.2223587
5.29820967
5.08621216
4.74617863
4.16807461
3.52322888
2.48968053
1.55533934
2.99577975
2.99629784
2.99847889
3.00136113
3.00541663
3.01076913
3.01693463
3.02477169
3.03345799
3.0436542
3.05529165
3.06803441
3.08299971
3.09986162
3.11917424
3.13887477
3.16116214
3.18328404
3.20851111
3.23383021
3.26317573
3.29753757
3.33295918
3.36614394
3.40202308
3.45890307
3.52265477
3.57977486
3.63576388
3.70151734
3.7729764
3.85942435
3.95813751
4.05378008
4.14447212
4.2376709
4.35827637
4.48577738
4.58861971
4.71879911
4.84264565
4.89162636
4.92378998
4.97319174
4.71782303
4.38407564
3.8041563
3.15897965
2.34361124
1.48508215
2.99218893
2.99272227
2.99493217
2.99777889
3.00167251
3.00686955
3.01286125
3.02061105
3.02934551
3.03908348
3.05035663
3.06273651
3.07750821
3.09418368
3.11307216
3.13214445
3.15384269
3.17568684
3.19999623
3.22436976
3.25266314
3.28580046
3.31991434
3.35030031
3.38455939
3.44037104
3.50169349
3.55537534
3.60783696
3.66835904
3.73543572
3.81771111
3.91054749
3.99428058
4.06872034
4.15070581
4.2582159
4.36807632
4.45555496
4.55865717
4.63362694
4.64189339
4.66583776
4.67356777
4.49691868
4.16134691
3.55875111
2.90416956
2.30250907
1.49277747
2.98832846
2.98905253
2.99121666
2.99382329
2.99778461
3.00290442
3.00852489
3.0162394
3.02472425
3.03428912
3.045048
3.05715609
3.07166314
3.08767295
3.10567832
3.12448668
3.14595199
3.16726542
3.19089484
3.21449113
3.24121547
3.27365732
3.30515671
3.33385301
3.36651063
3.42082715
3.47747064
3.52704096
3.57817149
3.63757944
3.69975805
3.77039695
3.85473585
3.93363714
4.00096178
4.06937933
4.15785503
4.25873184
4.34264803
4.41281462
4.43992376
4.40636969
4.41657257
4.37983179
4.27798986
3.97699785
3.36521292
2.71881795
2.21372581
1.51383829
2.98429108
2.98512101
2.98725414
2.98965216
2.99364924
2.99863434
3.00399899
3.01155806
3.01978207
3.0291779
3.03952432
3.05130219
3.06545663
3.08087492
3.09806371
3.11641145
3.13754773
3.15839052
3.18132544
3.20396662
3.2292943
3.26053739
3.28960824
3.31732059
3.34910941
3.40108633
3.45285845
3.49867535
3.54796982
3.60591125
3.66384411
3.72413111
3.79896092
3.87258315
3.93515325
3.99307752
4.06449986
4.15545368
4.23250294
4.27365398
4.26459694
4.2193985
4.20549774
4.1038847
3.99971366
3.7969048
3.19397664
2.588063
2.07535791
1.51179373
2.98006487
2.98075151
2.98292589
2.9852829
2.98913097
2.99383569
2.99926114
3.0064106
3.01452017
3.02360392
3.03380823
3.04509044
3.0587697
3.07399893
3.09073925
3.10806727
3.12850618
3.14912605
3.1712029
3.19247174
3.21699667
3.24583077
3.27354288
3.3009541
3.33321881
3.3815341
3.42931724
3.47243309
3.51774192
3.57126307
3.62637568
3.68281341
3.74788976
3.8114748
3.86842537
3.92262626
3.98412561
4.05904341
4.11646461
4.13827372
4.1181488
4.06371403
4.02774477
3.88808298
3.74092984
3.5970428
3.07553363
2.52982473
1.99299622
1.45749867
2.97573042
2.97617245
2.97837281
2.9807117
2.98433399
2.98878956
2.99427056
3.00102997
3.00897956
3.01779604
3.02778983
3.03857446
3.05181193
3.06671238
3.08292222
3.09934902
3.119169
3.13947558
3.16061091
3.18064499
3.20410705
3.2307179
3.2573204
3.28456616
3.31729984
3.36142898
3.40545344
3.44641113
3.48724031
3.53602171
3.58801126
3.64207578
3.69850302
3.751616
3.80273438
3.85307217
3.90572166
3.96369076
3.99965811
4.00539589
3.98211479
3.92277551
3.84663153
3.70149398
3.54205489
3.38169408
3.01297045
2.49238968
1.95987391
1.43338811
2.97129488
2.97145176
2.97360396
2.97586226
2.97922683
2.98357821
2.98891616
2.99547124
3.00308466
3.0118041
3.02129245
3.03168321
3.04460621
3.05867052
3.07396269
3.09005356
3.10963535
3.12930489
3.14943099
3.16874909
3.19028759
3.21576834
3.24109912
3.26801729
3.30037355
3.34009671
3.38028193
3.41946268
3.45617867
3.50142241
3.54886889
3.59938407
3.6493361
3.69411731
3.73963046
3.78178525
3.82312727
3.8659811
3.88484097
3.87561512
3.84969664
3.79154801
3.6855824
3.52106881
3.36301899
3.18046951
2.92376828
2.43922973
1.94622231
1.44152212
2.96656728
2.96648955
2.96854377
2.97076726
2.97392392
2.97817564
2.98333192
2.98970747
2.99699593
3.00551796
3.01453161
3.02453947
3.03704524
3.05033088
3.06476903
3.08044338
3.0996449
3.11871076
3.13791895
3.15642524
3.17620087
3.20060658
3.2246902
3.25082469
3.28184485
3.31755757
3.35436702
3.39149904
3.4247601
3.46667433
3.50908828
3.55518889
3.59922814
3.63751793
3.67607546
3.70751429
3.73697519
3.76581931
3.77212906
3.75320101
3.7221067
3.65443063
3.55008078
3.37769032
3.20029044
2.98673511
2.75771785
2.36742806
1.91936851
1.46004832
2.96130705
2.96112394
2.96303058
2.9653523
2.96842575
2.9724865
2.97751832
2.98363543
2.99074197
2.99874306
3.00754213
3.0171237
3.02891684
3.041888
3.05585814
3.07057095
3.0888505
3.10759068
3.12610984
3.14326167
3.16217971
3.18489575
3.20788646
3.23241901
3.26071453
3.29336405
3.32781553
3.36211514
3.39299631
3.4311645
3.46848774
3.50927162
3.54713559
3.58116174
3.60986495
3.62823796
3.64647317
3.66239119
3.6623354
3.64346075
3.60415912
3.52306485
3.41084218
3.25669432
3.07270432
2.85091639
2.60172033
2.27891946
1.87370729
1.54222357
2.9558053
2.95554781
2.95718122
2.95971799
2.96273637
2.96660328
2.97151709
2.97736597
2.98425126
2.99176526
3.00030684
3.00946617
3.02061296
3.03320003
3.04663825
3.06044865
3.07789564
3.09618354
3.11391115
3.12982464
3.14784122
3.1689086
3.19065356
3.21345472
3.23873091
3.2690084
3.30110621
3.33248925
3.36131573
3.39536405
3.42826247
3.46335125
3.49561262
3.52471304
3.54253197
3.54854059
3.5579052
3.56489563
3.55950093
3.53892231
3.48997784
3.39992023
3.28124237
3.13871789
2.96109343
2.74518228
2.4880228
2.18925738
1.83617342
1.59278619
2.95016766
2.94980478
2.95094371
2.95384192
2.95677686
2.9605155
2.96527362
2.97089076
2.97736287
2.98470879
2.9927063
3.00148988
3.01234388
3.02405787
3.03653431
3.0499742
3.06717372
3.08453035
3.10108471
3.11640167
3.13276839
3.15271926
3.17278767
3.1941607
3.21681333
3.24550581
3.27450895
3.30335569
3.33005023
3.3594861
3.38940382
3.41866183
3.44673276
3.46793914
3.47469306
3.47159219
3.47652817
3.48230481
3.4695971
3.43654776
3.37529707
3.28405762
3.17038894
3.03293419
2.85964775
2.64518881
2.39914608
2.12515998
1.81179583
1.59805083
2.94432902
2.94385147
2.94465971
2.947788
2.95063996
2.95428181
2.9588449
2.96422338
2.97028351
2.97742963
2.9849112
2.99328804
3.00388551
3.01478672
3.02631211
3.03927469
3.05606604
3.07251
3.08796406
3.10258889
3.11735535
3.13618159
3.154526
3.17460418
3.19509912
3.22210741
3.24783993
3.27418947
3.29843855
3.32376838
3.35070872
3.37486982
3.39860725
3.41190219
3.40933037
3.39923739
3.40053344
3.40666819
3.38724685
3.3407855
3.26710629
3.17449284
3.06743312
2.93302178
2.76384497
2.55550981
2.32614303
2.07557607
1.78798282
1.59514761
2.93813276
2.9375515
2.93858075
2.94153357
2.94430995
2.94788885
2.95219302
2.95727181
2.96308088
2.96970558
2.97696614
2.98481941
2.99495816
3.00558281
3.01653361
3.02834606
3.04389596
3.05984545
3.07467771
3.08787632
3.10175633
3.1190083
3.13586283
3.15469265
3.17376018
3.19825006
3.22090364
3.24452662
3.26569629
3.28844309
3.31129575
3.3320539
3.35006118
3.35768986
3.34991145
3.3349452
3.33095336
3.33483028
3.31140637
3.2579875
3.17382908
3.07235622
2.9697125
2.8371129
2.67275834
2.47965336
2.26911664
2.03976011
1.75771964
1.57158709
2.9317205
2.93122935
2.93262005
2.93516564
2.93787122
2.94133472
2.94537926
2.95014548
2.95571136
2.96180844
2.96880651
2.97611403
2.98577285
2.99610901
3.0065279
3.01722813
3.03156495
3.04692864
3.06105185
3.07285023
3.08586431
3.10152006
3.11694646
3.13456964
3.15233421
3.17404819
3.19382882
3.21455097
3.23279738
3.2530551
3.2719512
3.2893846
3.30161691
3.30458474
3.29294276
3.27399373
3.26505017
3.26543999
3.23777342
3.17920136
3.08808947
2.97808051
2.87594771
2.74620962
2.58841205
2.41128087
2.21985865
2.0116663
1.73630834
1.55271423
2.92510486
2.92516923
2.92674685
2.92870903
2.9313364
2.9345243
2.93837333
2.94285154
2.94803476
2.95389247
2.96026111
2.96706176
2.97637677
2.98591304
2.99556947
3.00586081
3.01978946
3.03396893
3.04674602
3.05786204
3.06942773
3.08382463
3.09775901
3.11423874
3.13036323
3.14943051
3.16664624
3.18426466
3.20051265
3.21717644
3.23338008
3.24623919
3.25375938
3.25253963
3.23655081
3.21394324
3.20225763
3.19871211
3.16388631
3.0987339
3.00711131
2.89585257
2.78726339
2.66333628
2.51610065
2.34877801
2.17568135
1.99000132
1.74076211
1.56232119
2.91839814
2.91909313
2.92078495
2.92219186
2.92465591
2.92756724
2.93121123
2.93541312
2.94020367
2.94582295
2.95155239
2.95784926
2.96665645
2.97535467
2.98431325
2.99428535
3.00775361
3.02072024
3.03218675
3.04266214
3.05275035
3.06595063
3.07837367
3.09362173
3.10797596
3.1245532
3.13931751
3.15407419
3.16841459
3.18161559
3.19509649
3.2032249
3.20652628
3.20144033
3.18177247
3.15649271
3.14230466
3.13348293
3.09235859
3.02173638
2.93114519
2.82186055
2.70708585
2.58815932
2.45088315
2.29071879
2.13144779
1.96430254
1.74543583
1.57764649
2.91165781
2.91272283
2.91452193
2.91560888
2.91769814
2.9204886
2.9238441
2.92777777
2.9322772
2.93738246
2.94281673
2.94857001
2.95631719
2.96459079
2.97323203
2.98244143
2.99450922
3.0067749
3.01763487
3.02687526
3.03598928
3.04781604
3.05874038
3.07247758
3.08507323
3.09942222
3.1117115
3.1244216
3.13616991
3.147295
3.15677691
3.16096759
3.16028738
3.15168691
3.13054609
3.10476923
3.0865829
3.06943369
3.02695751
2.95521426
2.86346745
2.75691199
2.642977
2.52479053
2.39175272
2.23836875
2.0823195
1.92294586
1.7265898
1.58028245
2.90486717
2.90615106
2.90803766
2.90895295
2.91062117
2.91328526
2.91635704
2.92001247
2.92423534
2.9287951
2.93396521
2.93920064
2.94588566
2.95370626
2.96205878
2.97049856
2.98111105
2.9925735
3.00279307
3.01077104
3.01903892
3.02948093
3.03897834
3.05106854
3.06197071
3.07416892
3.08403325
3.0947926
3.10401893
3.11320806
3.11859322
3.1192596
3.11484599
3.10311675
3.08117986
3.05539417
3.03300357
3.00746298
2.96487093
2.89428258
2.80144358
2.69682646
2.58558846
2.46792555
2.33779955
2.1907897
2.03442049
1.87616086
1.69338048
1.56705987
2.89797497
2.89936686
2.90128446
2.90217304
2.90352774
2.9058702
2.90876412
2.91210938
2.91597247
2.92021298
2.92482638
2.92966127
2.93587565
2.94270611
2.95042944
2.95857
2.96860027
2.97843289
2.98714733
2.99445033
3.00166941
3.01087689
3.01912355
3.0295043
3.03887129
3.04885674
3.05645442
3.0646503
3.072263
3.07842064
3.08078599
3.07818437
3.07042718
3.05624866
3.03296614
3.00617123
2.98062348
2.94974232
2.90513444
2.8368957
2.74562573
2.64034939
2.52931428
2.41572547
2.29133081
2.1496675
1.99479461
1.83108664
1.64698803
1.52576005
2.89101219
2.89243436
2.89434338
2.89529324
2.89637351
2.89835763
2.90106797
2.90410757
2.90759492
2.91154838
2.9155736
2.92003632
2.92592692
2.93175101
2.93870354
2.94662642
2.95604253
2.96399879
2.97114682
2.97792912
2.98409772
2.99218059
2.99919891
3.00791049
3.01580024
3.02360725
3.02889729
3.03455281
3.04071498
3.04381347
3.04360294
3.03787494
3.02705908
3.01074076
2.98569918
2.95689344
2.92854047
2.89404202
2.8466413
2.78063679
2.69257951
2.58635902
2.47494912
2.36746955
2.25062037
2.11343813
1.95995092
1.79038703
1.6023308
1.48171091
2.88396835
2.88532567
2.88717175
2.88827252
2.88905716
2.89082122
2.89319801
2.89599776
2.8991456
2.902632
2.90634513
2.91037083
2.91563535
2.92104435
2.92724609
2.93461561
2.94228315
2.94865012
2.95508027
2.96108627
2.96644926
2.97352076
2.97917151
2.98639274
2.99279189
2.99859214
3.0012784
3.00517941
3.00927496
3.01053786
3.00771594
2.99894595
2.98543954
2.96705484
2.9397788
2.9073801
2.87596321
2.83903503
2.78893161
2.72369885
2.64022112
2.53528643
2.42486334
2.32504296
2.21730518
2.08352375
1.92866969
1.75937867
1.5767957
1.46165311
2.87686276
2.87808943
2.87988925
2.88111973
2.8816328
2.88324189
2.88525748
2.88779926
2.89063072
2.89361572
2.89706326
2.90065455
2.90525222
2.91036224
2.91583371
2.92250681
2.92820597
2.93315363
2.93899322
2.94419479
2.94891858
2.95491648
2.95917273
2.96487737
2.96995211
2.97382927
2.97393012
2.97614622
2.97812152
2.97810912
2.97274542
2.96108103
2.94505787
2.9247508
2.89494348
2.85838747
2.82414293
2.78608441
2.73368502
2.66807771
2.58952022
2.48810649
2.37904477
2.28482413
2.18595958
2.05616879
1.89922261
1.73318958
1.56096327
1.4536742
2.86967516
2.87069869
2.87256193
2.8737545
2.87409306
2.87556195
2.87732172
2.87948442
2.88200068
2.88462377
2.88758588
2.89083982
2.89505506
2.89942169
2.90418911
2.91018748
2.91477609
2.91840124
2.9228878
2.92756891
2.93181539
2.93640757
2.93938971
2.94326687
2.94752836
2.94950819
2.94745874
2.94715786
2.94766545
2.94644499
2.93880534
2.92457771
2.90608215
2.88421392
2.85157394
2.81117249
2.77514696
2.73834705
2.6847012
2.6172204
2.54298258
2.44865394
2.3403399
2.24379492
2.15122747
2.02842212
1.87084198
1.70897508
1.54920638
1.45025039
2.86243367
2.86328673
2.86507821
2.8661654
2.86646771
2.8678124
2.86937284
2.87113142
2.87330866
2.87561512
2.87804246
2.8809526
2.88477898
2.88825583
2.89231372
2.89779425
2.90174651
2.90398431
2.9069674
2.91128016
2.91493511
2.91804814
2.91970301
2.92173028
2.92554045
2.92587423
2.92179346
2.91882992
2.91806078
2.91546941
2.90577197
2.88911724
2.86833
2.84539485
2.81040001
2.7669363
2.72927117
2.69364452
2.63906837
2.56937742
2.49808764
2.41163206
2.30504227
2.20333719
2.11450601
1.99872744
1.8427223
1.68691409
1.53900898
1.44775414
2.85513186
2.85602403
2.85714889
2.85816765
2.85872841
2.8599906
2.86136055
2.86281919
2.8645792
2.86650825
2.86858416
2.87099195
2.8739593
2.87674522
2.88005877
2.88546491
2.8889842
2.88950133
2.89163017
2.89564753
2.89813972
2.90001988
2.90000987
2.90055537
2.9043293
2.90375543
2.89736724
2.89249754
2.89011812
2.88558531
2.87414551
2.85500789
2.83243728
2.8094697
2.77402687
2.7294724
2.68911648
2.65105772
2.59501195
2.52409911
2.45236301
2.37139845
2.27044964
2.16589808
2.07650542
1.96371663
1.81402361
1.66916156
1.52871466
1.44275069
2.84772491
2.84874773
2.84909153
2.85000706
2.85090184
2.85208917
2.85328865
2.85451126
2.8558495
2.85736179
2.85913467
2.86100221
2.86295533
2.86513805
2.8677702
2.87322068
2.87634015
2.87519979
2.87689376
2.88031292
2.88145518
2.88210344
2.8804493
2.87965488
2.88328433
2.88197351
2.87341762
2.8670938
2.86297774
2.85639429
2.84329057
2.82187009
2.79764676
2.7747941
2.73978996
2.69519877
2.65217519
2.61027455
2.55274177
2.4813633
2.40774083
2.32968903
2.23503613
2.13017654
2.03866196
1.92743826
1.78677595
1.65374792
1.5187062
1.43713915
2.84005141
2.84119034
2.84131098
2.84194374
2.8429563
2.84403229
2.84512091
2.84614015
2.84716368
2.84823036
2.84956646
2.85102558
2.85220671
2.85372114
2.85595226
2.86115313
2.86369991
2.86164713
2.86322236
2.86493969
2.86503124
2.86402869
2.86134791
2.85908842
2.86157513
2.85892391
2.8491292
2.84162688
2.83590651
2.82779551
2.81280804
2.78987145
2.7636385
2.73976707
2.70515108
2.66096854
2.61701345
2.57235718
2.51416111
2.4431951
2.36817122
2.28841662
2.19610071
2.0953083
2.00304556
1.89507377
1.76526999
1.63954842
1.50998628
1.43356419
2.83228922
2.8335166
2.83364105
2.83395171
2.83494091
2.83587646
2.83685899
2.83771706
2.83849502
2.83912277
2.83996344
2.84105444
2.84163237
2.84249187
2.84443402
2.84922051
2.85120392
2.84875154
2.85002661
2.84962344
2.8486793
2.84600496
2.84260821
2.8390069
2.83975101
2.83537579
2.82487202
2.81632996
2.80899644
2.79958344
2.782866
2.75874162
2.73049927
2.70494127
2.67039704
2.62679267
2.58274055
2.53588009
2.47739077
2.40732479
2.33161998
2.24897695
2.15724802
2.0617795
1.96969223
1.86603916
1.74692607
1.62608123
1.50214398
1.43046546
2.82465816
2.82594514
2.82585168
2.82602096
2.8268888
2.82762551
2.82843161
2.82922506
2.82980466
2.83006144
2.83043909
2.83107138
2.83118916
2.83155775
2.83311582
2.83746099
2.8392272
2.8368659
2.83668375
2.83460617
2.83212805
2.82843423
2.82433605
2.82006001
2.81871629
2.8123529
2.80138016
2.79183841
2.78262496
2.77174282
2.75422525
2.72874212
2.69914484
2.67156839
2.63615465
2.59307361
2.54880905
2.4995923
2.44067287
2.37176061
2.29684973
2.21488929
2.12464833
2.03164411
1.94035125
1.84167731
1.7297827
1.61330974
1.49517787
1.42544758
2.81707835
2.81837749
2.81800437
2.81814671
2.81884456
2.81930566
2.81991649
2.8206594
2.8210814
2.82101297
2.82095957
2.82110405
2.82083273
2.82078576
2.82186961
2.82564163
2.82733727
2.82527709
2.82316637
2.81972647
2.81566381
2.81119752
2.80636573
2.80161595
2.79815769
2.7898922
2.77838874
2.76785731
2.75688219
2.74448133
2.72631717
2.69934201
2.66879797
2.63937044
2.60272455
2.55991483
2.51551723
2.46440911
2.40497851
2.33715343
2.26364255
2.18423438
2.09600568
2.00378776
1.91352916
1.819803
1.71362329
1.60178566
1.48923123
1.42016292
2.80940962
2.81060815
2.81019473
2.81037951
2.81088972
2.81089354
2.8113811
2.81195188
2.81227684
2.81191778
2.81148052
2.81121039
2.81055856
2.81005645
2.81053185
2.81327128
2.81474972
2.81288409
2.80933666
2.80477118
2.799927
2.79432011
2.78864384
2.78288484
2.77779198
2.76841044
2.75574899
2.74419785
2.73243666
2.71867347
2.69864154
2.67005086
2.63881969
2.60871744
2.57127714
2.52792525
2.48405743
2.43316674
2.37323952
2.3058145
2.23319244
2.15619755
2.06996393
1.97799718
1.88859463
1.79856503
1.69920385
1.59366214
1.48553407
1.4176892
2.80161953
2.80276108
2.8024652
2.80271173
2.80297208
2.80246282
2.80284691
2.80317068
2.80338407
2.80277634
2.80202246
2.8013711
2.80032182
2.79935288
2.79919815
2.80073142
2.8017323
2.7998836
2.79532981
2.78988671
2.78455997
2.77770996
2.7710495
2.7640152
2.75763917
2.747334
2.73319483
2.72072101
2.70867229
2.6935339
2.67117023
2.64105606
2.60925651
2.57911634
2.54095364
2.49653363
2.4535439
2.40409207
2.34386635
2.27642989
2.20452452
2.1298902
2.04591107
1.95448458
1.86552429
1.77795768
1.68575239
1.5870074
1.48256373
1.41652
2.79354286
2.79504561
2.79495573
2.79521441
2.79500628
2.79415011
2.79433966
2.79438949
2.79430342
2.7935524
2.79264235
2.79156947
2.79006815
2.788692
2.7881012
2.7887187
2.78854609
2.7862668
2.78126264
2.77545929
2.76908255
2.76140952
2.75345182
2.74527621
2.73798561
2.72582555
2.71026945
2.69733047
2.68487883
2.66794634
2.6440897
2.61305356
2.580652
2.55052257
2.51089239
2.46500826
2.4228828
2.37520766
2.31542587
2.24783111
2.17718053
2.10532904
2.02478361
1.93592286
1.84621835
1.75889492
1.67258537
1.57910657
1.47780931
1.41447997
2.78554082
2.78742337
2.78755474
2.78777814
2.78706956
2.7859931
2.78590393
2.78562832
2.78513861
2.78428054
2.7833035
2.78181505
2.77983546
2.77805972
2.77707243
2.77692389
2.77535844
2.77240062
2.76721811
2.76126695
2.7536366
2.74535561
2.73598194
2.72671819
2.71876931
2.70449853
2.68762493
2.67428184
2.66131306
2.64255667
2.61763382
2.58593535
2.55293322
2.52285147
2.48154402
2.43412185
2.39262533
2.34660101
2.28767776
2.22019815
2.15118003
2.08200073
2.00526714
1.92013097
1.82952428
1.74145484
1.65975952
1.57036543
1.47200191
1.41178226
2.7785368
2.77986646
2.78009486
2.78021216
2.77938342
2.7781961
2.77770329
2.77693152
2.77605343
2.77498722
2.7739408
2.7721796
2.76973701
2.76746511
2.76575613
2.76473713
2.76247835
2.75883389
2.75337505
2.74697256
2.73865485
2.72962999
2.71907306
2.70858908
2.7002337
2.68508244
2.6670804
2.65249038
2.63891268
2.61918187
2.59290433
2.56020284
2.52670741
2.49683952
2.4547627
2.40632463
2.36456251
2.3190887
2.26104069
2.19509053
2.12798214
2.05998993
1.98590589
1.90464139
1.81522524
1.72729301
1.64788687
1.56132698
1.46616662
1.40866768
2.77195191
2.77229142
2.77250981
2.77247405
2.77173591
2.77052021
2.76959682
2.7682929
2.76705694
2.76572037
2.76454592
2.76257539
2.75972772
2.75691724
2.75434089
2.75235486
2.7497592
2.74545121
2.73962784
2.73263073
2.72400284
2.71424103
2.70276999
2.69108176
2.68220806
2.66692424
2.64813948
2.6318171
2.61732697
2.59702778
2.56939149
2.53575754
2.50187278
2.47199059
2.42982936
2.38105249
2.33833098
2.29248238
2.23542738
2.17181206
2.1065352
2.03880239
1.96648479
1.88886309
1.80215514
1.71534503
1.6367501
1.55217314
1.46039045
1.40532815
2.76457477
2.7644732
2.76454425
2.7643249
2.76359701
2.76244211
2.76128101
2.7597506
2.7582407
2.75661373
2.7550714
2.75281215
2.74976397
2.74648643
2.74326491
2.7402029
2.73692656
2.73201656
2.72575974
2.71840405
2.70959783
2.69952679
2.68771195
2.67529035
2.66476679
2.64936256
2.63084769
2.61288071
2.59632754
2.57501388
2.54688883
2.51361179
2.4795177
2.44813871
2.40653205
2.35903287
2.31455326
2.26706743
2.21159363
2.15024018
2.0858171
2.01806283
1.94669104
1.871557
1.78883338
1.70502591
1.62644565
1.54309654
1.45474124
1.40192628
2.7566967
2.75652933
2.75635433
2.75592685
2.75513983
2.75409245
2.75283718
2.75128889
2.7495656
2.74765539
2.74560356
2.74300838
2.73988271
2.73622108
2.73249483
2.72835636
2.72409844
2.71864009
2.71191216
2.70435524
2.6954422
2.68535542
2.67358875
2.66078877
2.64800715
2.6324265
2.61473703
2.59534597
2.57600164
2.55330634
2.52535105
2.49328041
2.45915008
2.42539096
2.38466406
2.33932042
2.29278421
2.24299455
2.18916774
2.1298697
2.06584644
1.99803662
1.92716718
1.85376096
1.77535808
1.69534981
1.61670303
1.53441417
1.4492811
1.39849782
2.74890852
2.74869037
2.74817967
2.74751735
2.74663949
2.74567008
2.74441862
2.74294496
2.74106264
2.73892856
2.73638034
2.73348022
2.73028183
2.72640705
2.72214508
2.71722031
2.71167135
2.70572567
2.69851589
2.6907866
2.68182921
2.67186284
2.6603775
2.64751148
2.6329217
2.61704564
2.59979129
2.57965755
2.55736613
2.53296995
2.50574827
2.47513914
2.44129515
2.4052701
2.36525631
2.32169104
2.27385592
2.22206473
2.16847587
2.11069274
2.04773021
1.98029172
1.91001868
1.83800948
1.7622124
1.68458939
1.6074214
1.52742338
1.44442403
1.39513063
2.74134779
2.74097323
2.74010229
2.73919344
2.7382381
2.73732257
2.7360847
2.73467946
2.73266149
2.73034334
2.72734523
2.72416425
2.72087812
2.71684194
2.71203208
2.70646811
2.69956422
2.6931572
2.68548083
2.67755747
2.66858244
2.65878797
2.64766121
2.63480663
2.6188004
2.60256863
2.58550954
2.56489134
2.5397718
2.51364303
2.48732209
2.45820618
2.42480493
2.38679242
2.34732056
2.30518365
2.25650263
2.20297456
2.14883947
2.09213972
2.03057885
1.96395528
1.89449906
1.82369816
1.7493186
1.67314219
1.5985254
1.52160215
1.44017816
1.39204991
2.73451185
2.73349237
2.73241663
2.73129773
2.73038816
2.72953558
2.72806478
2.72647071
2.72426438
2.72175622
2.71845579
2.7150135
2.71158481
2.7071178
2.70185018
2.69541883
2.68779111
2.68084717
2.67280483
2.66454291
2.65549517
2.64578009
2.63474941
2.62138271
2.60427928
2.58774233
2.57112575
2.54913664
2.52211785
2.49501133
2.46878409
2.44077182
2.4076128
2.36838675
2.32920814
2.28824806
2.23843956
2.18332338
2.12927485
2.07315707
2.01243424
1.94752598
1.87958658
1.8098712
1.73656571
1.66192102
1.59024715
1.51634789
1.43715692
1.39024115
2.72804642
2.72617102
2.72503018
2.72374225
2.72291994
2.72212124
2.720263
2.7183063
2.7158761
2.71317482
2.70967317
2.70599532
2.70236278
2.69732618
2.69164014
2.6842041
2.6762495
2.66876721
2.6604569
2.65177202
2.64254785
2.63275337
2.62150741
2.60729933
2.58939004
2.57251978
2.55637574
2.53254318
2.50437069
2.47685528
2.45012474
2.42273951
2.38962054
2.34986329
2.3107717
2.27063823
2.21962404
2.16326284
2.10984898
2.05399823
1.9937073
1.93105292
1.86508191
1.79635584
1.72406471
1.65123343
1.58250177
1.51139605
1.43491673
1.38921797
2.72099137
2.71887732
2.71786094
2.71649218
2.71551752
2.71469784
2.71251845
2.71019697
2.70754385
2.70466828
2.70098543
2.69716597
2.69320035
2.68784332
2.68161273
2.67331529
2.66486001
2.65710425
2.64869046
2.639642
2.6298902
2.61948919
2.60731888
2.59246635
2.57430696
2.55673838
2.54017663
2.51530695
2.48668933
2.45906615
2.43160844
2.40366673
2.37031031
2.33098888
2.29173422
2.25126386
2.19981074
2.14365268
2.09125614
2.03561759
1.97576475
1.91516924
1.85116363
1.78328061
1.71250319
1.64238095
1.57556438
1.50645173
1.43272984
1.3879714
2.71351385
2.71161056
2.71083546
2.70945477
2.70815372
2.70722485
2.70479774
2.70215154
2.69928479
2.6962409
2.69240117
2.68847346
2.68409514
2.67856836
2.67174625
2.66271687
2.65362668
2.64574885
2.63732481
2.62797856
2.61748552
2.60613871
2.59265757
2.57727218
2.55917335
2.54068589
2.52305889
2.4978559
2.46931481
2.44166374
2.41334963
2.38415694
2.35038471
2.31204486
2.2724576
2.23092222
2.17976761
2.12484431
2.07345223
2.01800728
1.95876038
1.89992166
1.83768094
1.77062809
1.70178032
1.63477075
1.56903648
1.50126874
1.43032074
1.38655376
2.70617223
2.70444584
2.70388961
2.70253158
2.70093298
2.69967961
2.6970799
2.69426584
2.69124103
2.68797779
2.68406916
2.6798594
2.67509675
2.66919613
2.66206717
2.65239072
2.64279556
2.63457441
2.6260469
2.61653066
2.60545635
2.59326577
2.57899857
2.56274676
2.54434347
2.52515125
2.50635862
2.4814074
2.45342374
2.42518568
2.39595246
2.36609054
2.33188295
2.29402971
2.25407267
2.21181011
2.16209817
2.10864234
2.05684352
2.00160193
1.94374657
1.88592768
1.82446349
1.75876951
1.69220972
1.6271534
1.56185627
1.49482775
1.42675054
1.38542485
2.69898129
2.69736886
2.69697046
2.69567013
2.69381571
2.69210339
2.68939567
2.68653178
2.6833775
2.67986727
2.67592001
2.67130947
2.6662035
2.65980196
2.65255952
2.64229465
2.63236642
2.62373757
2.61492276
2.60524988
2.59371328
2.58082962
2.5662396
2.54897714
2.52990246
2.51013088
2.49023414
2.46585226
2.43865919
2.40949941
2.37940788
2.3493948
2.31481266
2.27688003
2.23650527
2.19391108
2.14632344
2.09441996
2.04135966
1.98627937
1.93021941
1.87292671
1.81159961
1.74759483
1.68339789
1.61932743
1.55408978
1.48753369
1.42225242
1.38412714
2.69189167
2.69036722
2.68994117
2.68875909
2.68670535
2.68462515
2.68192291
2.67903161
2.67569947
2.6720016
2.6678164
2.66288161
2.65749478
2.65082693
2.64334273
2.63256168
2.62269235
2.61436462
2.60455704
2.59425831
2.58213925
2.56885481
2.55423307
2.53666139
2.51645327
2.4957695
2.47528553
2.45116019
2.42428279
2.39471531
2.36434603
2.33438444
2.29981303
2.26081419
2.21982837
2.17743182
2.13133669
2.08103418
2.02779484
1.97255552
1.91739297
1.86077499
1.79998279
1.73723114
1.6744951
1.61085868
1.54578602
1.48045945
1.41708577
1.38037539
2.68489885
2.68344164
2.68285513
2.68180561
2.67960238
2.67726183
2.67463803
2.6717155
2.66817069
2.66431665
2.65976119
2.65457535
2.64893913
2.64218163
2.63436651
2.62313938
2.61358261
2.60608649
2.59484673
2.58352828
2.5707159
2.5572114
2.54271984
2.52536106
2.50365663
2.48183584
2.46124434
2.43711567
2.41015887
2.38060379
2.3503828
2.32057285
2.28622913
2.24543262
2.20375776
2.16205072
2.11691999
2.06820774
2.01564407
1.95994043
1.90497518
1.84932733
1.78945923
1.72746146
1.66560292
1.60227823
1.53747499
1.47388256
1.41168392
1.37497497
2.67814493
2.67667389
2.67598104
2.67486334
2.67258167
2.67013836
2.66754723
2.66451883
2.66080546
2.6566875
2.65190148
2.64649677
2.64054179
2.63355899
2.62562132
2.61410522
2.6046288
2.59781408
2.58575344
2.57317805
2.55961537
2.54567051
2.53119683
2.5138638
2.4903326
2.46768284
2.4475739
2.42351437
2.39639544
2.36681008
2.33666492
2.30697823
2.27238703
2.22963834
2.18762922
2.14746284
2.1034441
2.05601501
2.00378108
1.94722426
1.89247823
1.83868778
1.78001261
1.71790624
1.65763974
1.59606528
1.53149366
1.4690218
1.4076277
1.37094986
2.67156768
2.67004657
2.66928506
2.66793108
2.66565633
2.66322494
2.66061497
2.65741706
2.65356493
2.64911342
2.64421582
2.6385982
2.63226867
2.62495399
2.6170404
2.60537863
2.59571457
2.58930349
2.57699561
2.5631485
2.54888034
2.5342834
2.51967621
2.50215721
2.47677779
2.45354319
2.4341948
2.41027069
2.38302135
2.35339737
2.32319784
2.29354906
2.25837207
2.21382833
2.17179227
2.13363242
2.09079957
2.04431248
1.99207389
1.93453395
1.8801173
1.82872605
1.77130389
1.70863044
1.65070975
1.59194386
1.52749491
1.46547401
1.40466118
1.36822212
2.66493654
2.66356921
2.66259503
2.66097808
2.6589551
2.65653753
2.65382481
2.65045452
2.64640188
2.64177084
2.63668299
2.63078213
2.62407684
2.61657977
2.60847044
2.59683943
2.58660412
2.57980633
2.56754136
2.55341816
2.53900743
2.52363443
2.50854492
2.49077702
2.46506858
2.44106269
2.42143965
2.39755917
2.37058091
2.3413651
2.31087184
2.28088307
2.24555397
2.20069861
2.15876937
2.1214149
2.07909775
2.03284502
1.98080313
1.92333376
1.8694123
1.81940055
1.76244557
1.70052552
1.64581263
1.58925438
1.52447855
1.46199381
1.40171576
1.36588335
2.65829301
2.65721846
2.65590525
2.65404773
2.65244937
2.65002799
2.64714909
2.64360976
2.63931608
2.63463092
2.62927985
2.62306213
2.61598849
2.60840225
2.59988546
2.58844352
2.5774157
2.56957412
2.5575006
2.54390669
2.52981877
2.51364422
2.49777913
2.47968459
2.45494747
2.43009353
2.40928364
2.38531613
2.35889578
2.3304565
2.29952741
2.26887321
2.23372412
2.18982983
2.14814138
2.11049294
2.06807709
2.0214963
1.96988392
1.91344965
1.86013651
1.81040025
1.75328207
1.69343734
1.6424197
1.58727574
1.52186584
1.45837104
1.3986181
1.36364686
2.65202761
2.65099835
2.64934802
2.6474328
2.64609075
2.64364409
2.64059472
2.63686538
2.63243723
2.62760019
2.62204099
2.61569524
2.60825419
2.60027623
2.59124351
2.5802002
2.56892157
2.55980039
2.54769635
2.53443646
2.5206883
2.50412345
2.48736501
2.46852684
2.44498348
2.42015958
2.39798069
2.37355447
2.34739137
2.31966972
2.28864098
2.25719309
2.22165489
2.17916322
2.13819718
2.09986448
2.05695724
2.00996304
1.95885623
1.90410829
1.85140133
1.80043554
1.74328804
1.68674529
1.63845372
1.58338261
1.51781392
1.4543649
1.39519393
1.36086667
2.64610147
2.64489126
2.64293885
2.64112425
2.63985562
2.63735938
2.63414669
2.63021541
2.62574172
2.62066078
2.61495423
2.60863566
2.60084581
2.59223199
2.58264327
2.57211018
2.56102347
2.55056429
2.53821921
2.52501702
2.51154399
2.49495411
2.47728252
2.45741129
2.43503714
2.41097069
2.38744831
2.36228728
2.3360734
2.30891371
2.27809072
2.24582553
2.20946407
2.16856241
2.12857771
2.08931899
2.04571104
1.99839389
1.94791007
1.89520299
1.84292459
1.78961205
1.73269784
1.68011963
1.63338935
1.57743382
1.51242292
1.45005345
1.39152539
1.35763466
2.64023328
2.63890624
2.63682961
2.63508797
2.63378716
2.63118792
2.62781525
2.62376261
2.61915112
2.61390972
2.60807252
2.60165358
2.59365082
2.5847137
2.57480764
2.56433892
2.55292964
2.54166389
2.52915359
2.51594853
2.50256968
2.48593593
2.46779275
2.44740915
2.42566705
2.40197897
2.37771082
2.35205722
2.3256762
2.29860115
2.26794267
2.23526955
2.19894195
2.15920711
2.11903763
2.0785296
2.03462219
1.98783815
1.93866956
1.88713539
1.8340553
1.77882397
1.72264278
1.67228281
1.62485588
1.5687865
1.50648618
1.44579625
1.38805091
1.35467851
2.63438249
2.63302994
2.63098192
2.62928271
2.62786674
2.62512016
2.62160087
2.61748791
2.61265612
2.60733271
2.60137081
2.59472823
2.58663082
2.57767248
2.56767893
2.55686331
2.5446279
2.53303051
2.52043319
2.50720716
2.49375367
2.47701073
2.45881391
2.43842769
2.41683197
2.39307928
2.3686173
2.34273672
2.31613636
2.28872299
2.25813127
2.2254374
2.18994427
2.15096688
2.10963392
2.06771564
2.02392673
1.97840679
1.93106198
1.87977111
1.82484567
1.76833987
1.71323395
1.66328943
1.61338973
1.55808532
1.5001837
1.44163465
1.38485992
1.35208094
2.62864208
2.62728977
2.6252327
2.62369847
2.62209034
2.61919045
2.6155715
2.6113255
2.60638142
2.60092235
2.59479666
2.58804917
2.57982445
2.57073069
2.56066728
2.54965067
2.53686738
2.52470994
2.51189184
2.49863648
2.48499036
2.46812534
2.4499886
2.42962861
2.40812516
2.38433361
2.35975838
2.33376551
2.30701423
2.2791605
2.24846768
2.21582556
2.18087149
2.14275026
2.10120487
2.05862784
2.01522708
1.97060955
1.92423391
1.87248242
1.81598544
1.75907898
1.70449209
1.65373909
1.60230362
1.54813468
1.49332047
1.43742812
1.38238859
1.35006702
2.62301755
2.62168169
2.61956763
2.61830258
2.61643672
2.61339307
2.60971308
2.60526776
2.60031819
2.59466171
2.58834028
2.5816052
2.57319283
2.56381464
2.55366492
2.54265404
2.52967358
2.51670408
2.50353575
2.49024439
2.47632289
2.45933747
2.44129801
2.4209125
2.39951706
2.37577534
2.35108328
2.32505918
2.29824185
2.26993728
2.23900509
2.20642257
2.17160368
2.13446355
2.09373808
2.05124688
2.00839782
1.96419859
1.9178313
1.86509347
1.80748308
1.75086462
1.69621277
1.64389491
1.59213674
1.53924274
1.4860543
1.43328393
1.38064194
1.34859538
2.61750555
2.61624002
2.6142323
2.61304092
2.61089969
2.60777187
2.60397816
2.59944677
2.59439898
2.58858609
2.58212924
2.57526255
2.56656575
2.55693531
2.54670477
2.53574681
2.52268219
2.50925708
2.49584603
2.48248506
2.46834612
2.45124125
2.43321681
2.41276598
2.39140463
2.36770058
2.3429513
2.31699204
2.29023004
2.26165891
2.23053956
2.19795632
2.16323662
2.12669063
2.08677721
2.0446043
2.00197577
1.95781708
1.91070855
1.85694838
1.79881573
1.74209237
1.68733263
1.63458908
1.58307588
1.53103185
1.47945511
1.43019688
1.37985361
1.34778404
2.61209965
2.6109705
2.609231
2.60788536
2.60547495
2.60231376
2.59835744
2.59385824
2.58860826
2.58268714
2.57615399
2.56900167
2.55992889
2.55010319
2.53981423
2.52892137
2.51582098
2.50232983
2.48880482
2.47534227
2.4610548
2.4438293
2.42573357
2.40518641
2.38378167
2.36008406
2.33534074
2.30952311
2.28292012
2.25428653
2.22305489
2.19040847
2.15581226
2.11944628
2.08017182
2.03843021
1.9956435
1.95123434
1.90282977
1.84817588
1.79003525
1.73269343
1.67797315
1.62608266
1.57509017
1.52341688
1.47358775
1.42789292
1.37944221
1.34706652
2.60681415
2.60602188
2.60443521
2.60280395
2.60024405
2.59698224
2.5929687
2.58839607
2.58302474
2.57699037
2.5703063
2.56300044
2.55347133
2.5434196
2.5332253
2.52245235
2.50924301
2.49559784
2.48197746
2.46843457
2.45397019
2.4366405
2.41846132
2.39784622
2.37635398
2.35263634
2.32792068
2.30217576
2.27572727
2.24720073
2.21594477
2.18317151
2.14860654
2.11238432
2.07359838
2.03232074
1.98924792
1.94453108
1.8951627
1.84023845
1.78203166
1.72397316
1.67018878
1.61955369
1.56839383
1.51663637
1.46777058
1.42290771
1.37394893
1.34097445
2.60164952
2.6013732
2.59980726
2.59779215
2.59520435
2.59177542
2.58781362
2.58304334
2.57765055
2.57148504
2.564574
2.55725908
2.5472405
2.53693271
2.52697015
2.5163517
2.50295472
2.48901343
2.4752965
2.46170092
2.44701934
2.42960167
2.41133928
2.39072108
2.36912227
2.34536552
2.32068086
2.2949121
2.26857996
2.24030638
2.20914149
2.17619848
2.14155483
2.1055057
2.06707573
2.02627897
1.9828732
1.93783772
1.8879447
1.83333695
1.77495122
1.7163403
1.66430891
1.61490893
1.56281698
1.51058662
1.46174097
1.41485453
1.36309588
1.32935727
2.59665513
2.59671903
2.59531832
2.59294844
2.59029603
2.58681464
2.58278227
2.57791853
2.57244587
2.56616282
2.55911613
2.55163455
2.5414834
2.53107905
2.5211103
2.51041985
2.49692273
2.48285675
2.46905994
2.45540142
2.44055057
2.42300415
2.40465903
2.38436413
2.36280704
2.33898568
2.31429768
2.28832006
2.26193309
2.23399329
2.20329762
2.17036009
2.13550758
2.09949994
2.06141829
2.0210042
1.97743809
1.93205214
1.88160539
1.82701588
1.76918042
1.71159816
1.66033351
1.61027396
1.55706716
1.50416243
1.45424962
1.40484965
1.35128748
1.31774271
2.59183478
2.59200549
2.59093928
2.58827734
2.58550739
2.58210754
2.57786059
2.57302809
2.56740212
2.56101894
2.55394673
2.54611135
2.53621149
2.52588606
2.51562738
2.50462317
2.49113011
2.47714472
2.46328235
2.44954586
2.43458867
2.41686654
2.39844155
2.37878203
2.35744739
2.3335433
2.30881453
2.28245592
2.25582767
2.22825885
2.19841075
2.16569591
2.13052678
2.09440851
2.05668998
2.01655769
1.97304487
1.92725372
1.87618196
1.82119656
1.76474106
1.70974004
1.6579175
1.60527158
1.55093491
1.49719203
1.44525266
1.3934201
1.33957684
1.30722106
2.58720517
2.58737373
2.58642149
2.58368468
2.58092141
2.5775125
2.57318783
2.56828952
2.56256104
2.55609345
2.54892707
2.54093862
2.5311954
2.5208621
2.51036334
2.49914217
2.48558927
2.47157383
2.45765448
2.44384789
2.42879152
2.41094494
2.39239025
2.37310386
2.35215473
2.32830358
2.30352807
2.27691865
2.24996948
2.22246456
2.1933372
2.16115046
2.1258955
2.08956504
2.05203843
2.01225543
1.96901751
1.92275691
1.87130499
1.81619883
1.76086223
1.70737302
1.65439093
1.59972644
1.54459977
1.49007022
1.43665707
1.38344657
1.32953739
1.29778755
2.58276224
2.58285475
2.58173299
2.57915568
2.57654595
2.57300377
2.56877875
2.56368756
2.55793071
2.55139232
2.54403663
2.53615141
2.52637458
2.51590371
2.50527382
2.49399281
2.48030066
2.46609426
2.45212507
2.43826509
2.42310739
2.40521598
2.38647628
2.36718941
2.34674215
2.32309222
2.29827857
2.2716434
2.24434805
2.21653342
2.18787479
2.15652275
2.12149262
2.08487225
2.04731679
2.00797105
1.96521533
1.91850138
1.86700463
1.81214869
1.75736594
1.70378208
1.64935768
1.59369683
1.53808367
1.48289859
1.42889524
1.37543499
1.32122791
1.28920841
2.57848644
2.57851934
2.57722712
2.57483292
2.57229567
2.56871915
2.56449127
2.55931878
2.55349159
2.54686427
2.53941965
2.53150558
2.52170205
2.5111413
2.50035024
2.48898268
2.47526217
2.46102595
2.44700027
2.43307543
2.41785789
2.40001202
2.38115931
2.3617065
2.34131265
2.31774688
2.29307032
2.26692581
2.23961425
2.2112534
2.18265581
2.1521275
2.11765265
2.08086061
2.04300976
2.00378585
1.961537
1.91526866
1.86439586
1.80942369
1.75403488
1.69961178
1.64422023
1.58762848
1.53108323
1.47552872
1.42138636
1.36715162
1.31178701
1.27936482
2.5743835
2.57439089
2.57299161
2.57075477
2.56815577
2.56468678
2.56029987
2.55520082
2.54924345
2.54250813
2.5351069
2.5269506
2.51717043
2.5066061
2.49559927
2.48407412
2.4704783
2.45642924
2.44233632
2.42832947
2.41310453
2.39538431
2.3765254
2.35680866
2.33590698
2.31223726
2.28790379
2.26279569
2.23587227
2.20678425
2.1778183
2.1479907
2.11440039
2.07761598
2.03921509
1.99974442
1.95800674
1.91325498
1.86363399
1.80805135
1.75090122
1.69515359
1.63934588
1.58175063
1.52378964
1.46802413
1.41392684
1.35796499
1.30056584
1.26780629
2.57057023
2.57051301
2.56900024
2.56690907
2.56421947
2.56079292
2.55634761
2.55123496
2.54520249
2.53838563
2.53092957
2.52267146
2.51282096
2.50217533
2.49105072
2.47946382
2.46592617
2.45196462
2.43781734
2.42372155
2.40844202
2.3908143
2.37205553
2.35228372
2.33083487
2.30681634
2.28273106
2.25856924
2.23216891
2.20268965
2.1732316
2.14357281
2.11105132
2.07459354
2.03596616
1.99658966
1.95539212
1.9121685
1.86322212
1.80730391
1.75205553
1.69443309
1.63822258
1.58014584
1.52153921
1.46417487
1.40920305
1.34956348
1.28946829
1.2525444
2.56708407
2.56690407
2.56526017
2.56329775
2.56052256
2.55701756
2.55267525
2.54740906
2.54138112
2.53451991
2.52685642
2.51872134
2.50867462
2.49783421
2.48672581
2.47520471
2.46161389
2.44756341
2.43338037
2.41919351
2.40378737
2.38618326
2.36762786
2.34808922
2.32621384
2.30158806
2.27756405
2.25407529
2.22826838
2.19889188
2.16890287
2.13878798
2.10745573
2.07170272
2.03335738
1.99456418
1.95390332
1.91192508
1.86285722
1.80712938
1.76346064
1.70369697
1.6472038
1.59007812
1.53187811
1.47146726
1.41464365
1.34745288
1.28246748
1.22773898
2.56380129
2.56343412
2.56174278
2.55986023
2.55701876
2.55342031
2.54915094
2.5437789
2.53772712
2.53083515
2.52308226
2.51491261
2.50477314
2.49382997
2.4826591
2.47111344
2.45753813
2.44350553
2.42927384
2.41500401
2.399436
2.38173676
2.36335516
2.34424949
2.32236385
2.29716873
2.27287292
2.24962521
2.22446728
2.19551992
2.16531467
2.13479543
2.10417295
2.06948733
2.03193212
1.99369442
1.95340014
1.91223776
1.86341751
1.80823267
1.76978064
1.70910466
1.65312779
1.59845638
1.53738093
1.47346985
1.40816104
1.33446705
1.2694279
1.20863914
2.56069422
2.56008267
2.55845785
2.55659032
2.55370736
2.55002785
2.54575014
2.54037881
2.5342412
2.52732801
2.51967216
2.51121068
2.5011425
2.49024463
2.47887135
2.46716094
2.45371604
2.43989134
2.42558074
2.41123676
2.39548445
2.37755275
2.35926914
2.34076452
2.31938887
2.29375076
2.26880717
2.24532843
2.22085738
2.19260859
2.16261458
2.13196659
2.10140109
2.06811786
2.03183937
1.99400675
1.95390379
1.91304338
1.86512411
1.81072903
1.7713629
1.71208632
1.65783274
1.60218728
1.53836191
1.47147572
1.38766062
1.31112671
1.25046241
1.19186211
2.55770278
2.55699849
2.555408
2.5535171
2.55060625
2.54686737
2.54257846
2.53714371
2.530967
2.52405
2.51640558
2.50778222
2.49772263
2.48681903
2.4753027
2.46348286
2.45012045
2.43642688
2.4220562
2.40761805
2.39169121
2.37352729
2.35519862
2.33712506
2.3164041
2.29050851
2.26494789
2.24132442
2.21744347
2.1897521
2.16006827
2.12964082
2.09921837
2.06701159
2.03182578
1.99459183
1.95507753
1.91426349
1.86687624
1.81336927
1.77290761
1.71695399
1.66347647
1.60470641
1.54214156
1.46172512
1.36579955
1.28825963
1.22948551
1.17003047
2.55482292
2.55424666
2.55261469
2.5506649
2.54773426
2.54396534
2.53968477
2.53407407
2.52793813
2.52103829
2.51323509
2.50469947
2.49451637
2.48349595
2.47195196
2.46015
2.44676566
2.4330442
2.41865039
2.40408444
2.38800836
2.3696599
2.35111308
2.33317494
2.31313062
2.2871933
2.26119184
2.23767972
2.21422935
2.18684149
2.15748405
2.12763596
2.09765744
2.06598759
2.0315423
1.99522471
1.95684385
1.91591215
1.86841595
1.81597221
1.77694154
1.72364378
1.67027545
1.60981798
1.5460273
1.44521546
1.34783125
1.265957
1.20676482
1.14372635
2.55207968
2.55164933
2.54998803
2.54798961
2.54501224
2.54123282
2.53693175
2.53122687
2.52509832
2.51818275
2.51026845
2.50174928
2.49152064
2.48045182
2.46885061
2.45702672
2.44364691
2.42994428
2.41550589
2.40084004
2.38466072
2.36621284
2.34744906
2.32941103
2.30975533
2.28389859
2.25777555
2.23432088
2.21109128
2.18405747
2.1552155
2.1259315
2.09630084
2.06518698
2.03154016
1.99611557
1.9587599
1.91818142
1.87116194
1.82050121
1.78517699
1.73314774
1.67756701
1.61663163
1.53945851
1.42776096
1.33106601
1.24398291
1.1819514
1.11604977
2.54950309
2.54916167
2.54752016
2.54549837
2.54243445
2.53866029
2.53428841
2.52864623
2.5224607
2.51547074
2.50756693
2.49888086
2.48876071
2.47778058
2.46603727
2.45409727
2.44078922
2.42722154
2.41269588
2.39798617
2.38175941
2.36331344
2.3443985
2.32601881
2.30633235
2.28067231
2.25481725
2.23126149
2.20801425
2.18148184
2.153409
2.12455988
2.0950675
2.06468582
2.03198719
1.99731922
1.96071362
1.92125082
1.87570238
1.82771647
1.7958436
1.74346519
1.68457508
1.62360048
1.52561307
1.41194355
1.31442118
1.22458863
1.15332413
1.08795929
2.54713559
2.54682827
2.54524279
2.54313922
2.54002213
2.53620553
2.53175759
2.52622175
2.52014184
2.51301718
2.50499773
2.49621868
2.48618674
2.47527456
2.46345234
2.45144153
2.43817043
2.42467976
2.41007805
2.39529228
2.37900209
2.3605721
2.34157252
2.32286668
2.30300379
2.27771401
2.25218201
2.22856784
2.20538092
2.17929697
2.15180111
2.12343383
2.09434557
2.06461549
2.03263783
1.99880183
1.96331131
1.92545474
1.88164473
1.8361249
1.80626118
1.75286508
1.69441879
1.63125837
1.52434254
1.40723073
1.29671955
1.2041862
1.1168288
1.05440176
2.54502487
2.54469013
2.54319644
2.54091477
2.53780985
2.53386903
2.5293622
2.52393866
2.51822591
2.51090431
2.5025382
2.49384236
2.48381066
2.47288871
2.46110892
2.44913268
2.43581891
2.42227149
2.40764046
2.39270306
2.37630963
2.35787702
2.33887148
2.31995296
2.29984736
2.27512789
2.2498734
2.22633052
2.2033999
2.17761874
2.15033054
2.12255168
2.0943203
2.0650897
2.03346539
2.00057745
1.9667753
1.93095851
1.88906813
1.84539223
1.81591403
1.76629889
1.71081269
1.63953972
1.53871238
1.41224337
1.28406739
1.17916346
1.07452238
1.00714123
2.5430975
2.54271364
2.54129338
2.5389061
2.5356698
2.5316267
2.52716637
2.52180696
2.51639748
2.50899816
2.5003593
2.49161482
2.48162103
2.47079229
2.4590354
2.44703269
2.43368673
2.42010117
2.40544224
2.39038944
2.37391758
2.35549259
2.33647013
2.3173995
2.29711914
2.27280498
2.24782228
2.22438908
2.20162916
2.17614627
2.14915013
2.12192345
2.09443116
2.06584811
2.03477097
2.00269747
1.97022998
1.93675077
1.89804733
1.85662866
1.82747996
1.78462934
1.72772181
1.64790726
1.55668366
1.41718006
1.27397919
1.14207709
1.0313195
0.948791385
2.54136014
2.54091978
2.53952885
2.53717804
2.53357267
2.5294919
2.5252316
2.51986074
2.51454258
2.5072794
2.49858546
2.4895184
2.47965121
2.46910405
2.45729017
2.44512892
2.43180251
2.41825485
2.4035542
2.38847303
2.37197304
2.35358191
2.33449984
2.31531405
2.29499602
2.27076077
2.24605012
2.22272348
2.19993138
2.17480826
2.14838147
2.12161422
2.09450555
2.06682682
2.03673911
2.00525951
1.97341084
1.94251823
1.90869904
1.87035012
1.84046829
1.80154443
1.7434175
1.66467154
1.58009052
1.42056835
1.25729322
1.09497023
0.982791662
0.888426483
2.53979516
2.53931308
2.5378983
2.53560019
2.53179312
2.52770352
2.52351213
2.51806664
2.51262546
2.50555253
2.4970336
2.48782039
2.47800398
2.46764636
2.45574951
2.44343805
2.43012404
2.41661072
2.40186882
2.38675928
2.37023139
2.3518939
2.33277822
2.31345892
2.29306555
2.26897645
2.24453902
2.22132039
2.19857502
2.17380285
2.14783025
2.12143517
2.09467411
2.06771612
2.03867698
2.00786519
1.97701013
1.94862127
1.91939318
1.88436449
1.85364473
1.81927752
1.77530289
1.70284486
1.61376405
1.43471217
1.24012578
1.05430305
0.926307321
0.828212917
2.53843689
2.53793597
2.5364337
2.53414774
2.53051639
2.52643681
2.52203083
2.51644468
2.51062965
2.50373888
2.49567246
2.48671985
2.47679758
2.46638989
2.45440578
2.44201779
2.42868066
2.41515923
2.40038776
2.38520432
2.36862898
2.35036826
2.33127856
2.31178474
2.29119635
2.2675066
2.24334288
2.2202549
2.19777513
2.17329741
2.1474576
2.1213243
2.09499454
2.06838012
2.04029751
2.01037073
1.98139906
1.95524383
1.92938542
1.8978188
1.86754286
1.84591758
1.81527746
1.75190222
1.66110492
1.45370924
1.21749997
1.01272893
0.839632213
0.745651603
2.53725982
2.53677368
2.53516507
2.53286648
2.52942491
2.52535343
2.5207026
2.515064
2.50892711
2.50219226
2.49446392
2.48583841
2.47580481
2.4652679
2.45318079
2.44075847
2.42740059
2.41386795
2.39904928
2.3837924
2.3671751
2.3489747
2.32992268
2.31031251
2.28958941
2.2662344
2.24238086
2.2194941
2.19724536
2.17295933
2.14716005
2.12120676
2.09524274
2.06898999
2.04171109
2.01289749
1.98599946
1.96169376
1.93793392
1.91077626
1.8894968
1.87778556
1.8501128
1.81419897
1.73225009
1.48629558
1.20232916
0.935597956
0.730140686
0.633093953
2.53630066
2.53587341
2.53415656
2.53181934
2.52841449
2.52433991
2.51953244
2.51401949
2.50777078
2.50114989
2.49343419
2.485039
2.47497225
2.46428227
2.45206857
2.43965983
2.42629504
2.41276884
2.39786386
2.38255548
2.36591864
2.34774303
2.32871604
2.30911016
2.28841925
2.26516604
2.24168658
2.21909666
2.1969161
2.17269087
2.14694738
2.12110472
2.0953536
2.06963348
2.04295063
2.01550388
1.99055266
1.96762085
1.94450796
1.92322123
1.91679323
1.90975749
1.89586794
1.88830888
1.81920922
1.55636907
1.17611969
0.814257622
0.606092155
0.51571697
2.53552055
2.53509426
2.53332233
2.53094721
2.52757859
2.52349591
2.51860547
2.51316953
2.50688863
2.50027561
2.49245548
2.48417687
2.47416282
2.46335173
2.45110273
2.43879223
2.42540574
2.41186547
2.39685512
2.38147068
2.36480284
2.34667039
2.32766461
2.30805659
2.28740478
2.26431656
2.24126029
2.21890521
2.19653153
2.17231059
2.14672327
2.12097883
2.09540081
2.0701704
2.04414225
2.01787806
1.99435568
1.97251558
1.95042694
1.93453836
1.93454885
1.93761408
1.95783484
1.9681499
1.94721532
1.67974257
1.11175072
0.661878586
0.457622945
0.368359983
2.53494501
2.53439903
2.53266978
2.53026772
2.52702117
2.52292204
2.51804686
2.51249909
2.50621033
2.49944592
2.49148583
2.48316979
2.47331738
2.46245694
2.45034242
2.43827105
2.42482352
2.41121721
2.39609075
2.38057566
2.36384892
2.34580922
2.32682562
2.30713153
2.28644967
2.26376534
2.24119687
2.21891332
2.19596863
2.17170978
2.14643097
2.1208005
2.09543896
2.07056665
2.04535127
2.0197928
1.99690783
1.97591925
1.95619237
1.94402373
1.94482458
1.96490049
2.01077271
2.06599116
2.13279963
1.90955079
0.976188242
0.470281392
0.299188435
0.221621558
2.53457856
2.53391767
2.53223991
2.5298214
2.52668262
2.52257037
2.51772666
2.51205802
2.50576425
2.49885702
2.49079227
2.48241282
2.47270012
2.46181941
2.44983935
2.43797183
2.42446971
2.41080618
2.39559364
2.37997055
2.36319518
2.34523368
2.32626557
2.30648994
2.28576827
2.26342869
2.24122477
2.21895695
2.19551682
2.17121434
2.14618492
2.12063861
2.09544373
2.07079768
2.04617238
2.02099466
1.99839282
1.97796047
1.96021187
1.95028377
1.93186915
1.97485173
2.02876949
2.15312648
2.35274601
2.45322943
0.615253448
0.213431537
0.122097656
0.0943221524
