-0.00562179461
-0.00602319976
-0.00642470829
-0.00687776785
-0.00733800652
-0.00786344614
-0.00839108881
-0.00900101382
-0.00962500647
-0.0103273997
-0.0110886581
-0.0118731521
-0.0127057657
-0.0136299897
-0.014608766
-0.0156217096
-0.0168185253
-0.0180478152
-0.019451648
-0.0209430456
-0.0225843042
-0.0243719481
-0.0263328794
-0.0285305306
-0.0308873393
-0.0334779695
-0.0362337455
-0.0395487174
-0.0432003327
-0.0473705381
-0.0518806539
-0.0570154078
-0.0627703592
-0.0695089549
-0.0779022947
-0.0868654251
-0.0976575166
-0.110018641
-0.126369849
-0.145906895
-0.174552411
-0.218218014
-0.271113902
-0.369024485
-0.424890488
-1.73950267
-25.3288498
-12.8753099
-8.73966503
-5.77745438
-0.0741184503
-0.0793786198
-0.084679462
-0.0906252563
-0.0967412218
-0.103652075
-0.110686995
-0.11868494
-0.126903817
-0.136015445
-0.145969331
-0.156209618
-0.167264313
-0.179480672
-0.192545772
-0.205966637
-0.221721813
-0.237843841
-0.256330103
-0.275834709
-0.297393739
-0.320935369
-0.346765667
-0.375501096
-0.406347603
-0.440871149
-0.477478564
-0.52084291
-0.568495333
-0.623141408
-0.681979656
-0.749455392
-0.825683296
-0.914660275
-1.02277219
-1.13820744
-1.27896178
-1.44154859
-1.65008926
-1.9028852
-2.17346311
-2.70186329
-3.31705737
-4.41170883
-5.97740555
-11.9983425
-20.2648315
-11.9706602
-8.31552696
-5.39453125
-0.125278279
-0.134079307
-0.143059656
-0.153032467
-0.163505331
-0.17513983
-0.187250748
-0.200647458
-0.214517206
-0.229499906
-0.246092156
-0.263112813
-0.28201589
-0.302752525
-0.325288206
-0.348158985
-0.37472254
-0.401734114
-0.432919502
-0.465443581
-0.501661777
-0.541378856
-0.584976673
-0.632881403
-0.684388816
-0.743783057
-0.806437194
-0.878789842
-0.957958937
-1.04940784
-1.14713156
-1.26060557
-1.39047718
-1.54133308
-1.71707618
-1.90458608
-2.13864136
-2.41269422
-2.73193312
-3.14370871
-3.73331237
-4.56923008
-5.61166716
-7.29526472
-9.52005291
-14.832118
-14.9741402
-10.5655336
-7.5005064
-4.2950201
-0.129691586
-0.138665318
-0.147995993
-0.158200189
-0.169250205
-0.18122229
-0.194088534
-0.207773536
-0.222097263
-0.236976415
-0.253797352
-0.270987809
-0.290886521
-0.312485039
-0.336500376
-0.360465288
-0.387861967
-0.415465623
-0.44764787
-0.480645478
-0.517800152
-0.558806956
-0.603836417
-0.65241015
-0.704780877
-0.767851412
-0.833916068
-0.907398522
-0.987238765
-1.08048356
-1.17905247
-1.2957052
-1.43172801
-1.58849716
-1.75984967
-1.94253218
-2.17923403
-2.46179056
-2.7823751
-3.19119096
-3.77106977
-4.5234499
-5.62719631
-7.05622864
-8.70765114
-11.4678192
-11.3791065
-8.98939133
-6.42187929
-3.09931493
-0.129264504
-0.138094455
-0.147475556
-0.15749681
-0.168712303
-0.180561215
-0.19349587
-0.207027435
-0.221260488
-0.235716209
-0.252160251
-0.269141316
-0.289176643
-0.310728341
-0.335129172
-0.35933876
-0.386524111
-0.413821787
-0.445604086
-0.478016704
-0.514722705
-0.555536985
-0.600065351
-0.647474647
-0.69899106
-0.762951553
-0.830007374
-0.90227288
-0.979635835
-1.07045209
-1.16662729
-1.28251314
-1.41897333
-1.57232058
-1.73242688
-1.90583086
-2.13597035
-2.4141221
-2.71780324
-3.10245323
-3.63845515
-4.30728292
-5.30904484
-6.38614511
-7.6893177
-9.11776924
-9.0037508
-7.50248337
-5.36142111
-2.43356895
-0.128695667
-0.137409985
-0.14688912
-0.1566962
-0.168044969
-0.179747775
-0.192402139
-0.205884784
-0.219991535
-0.234414831
-0.250554323
-0.267727345
-0.287672848
-0.308988988
-0.333379269
-0.357830137
-0.384759456
-0.411942333
-0.443039626
-0.475147039
-0.511406779
-0.552057564
-0.595703125
-0.641994953
-0.693015933
-0.756986856
-0.82486856
-0.896558762
-0.971410513
-1.0588851
-1.15344
-1.26896489
-1.4045378
-1.54952943
-1.69888914
-1.86729777
-2.09065366
-2.36056089
-2.66119051
-3.01905751
-3.49537706
-4.10643482
-4.84378433
-5.80882072
-6.75495672
-7.52485228
-7.29330969
-6.18033361
-4.41566515
-2.00384593
-0.128001735
-0.136497989
-0.145948976
-0.155803218
-0.167367518
-0.178932413
-0.191085324
-0.204543754
-0.218277737
-0.23277241
-0.248980477
-0.266463667
-0.28622812
-0.307108909
-0.33116135
-0.355718613
-0.382435471
-0.409385115
-0.43994236
-0.47162658
-0.507389665
-0.547739923
-0.590527833
-0.635840058
-0.685732961
-0.749187768
-0.817569613
-0.888602316
-0.961384535
-1.04640281
-1.13891733
-1.25156677
-1.38383806
-1.52186644
-1.66313684
-1.82438123
-2.03655028
-2.29635739
-2.59366202
-2.91723061
-3.32975292
-3.86216974
-4.45748425
-5.25642586
-5.9329524
-6.34173203
-5.98139524
-5.0842452
-3.40815401
-1.3072356
-0.127171919
-0.135291696
-0.14451243
-0.154805467
-0.16670388
-0.178151578
-0.189616054
-0.203039974
-0.216057688
-0.23063992
-0.247432783
-0.265247196
-0.284777969
-0.305011272
-0.328394353
-0.352851272
-0.379429936
-0.405911088
-0.436234713
-0.467226982
-0.50241828
-0.542254508
-0.584354997
-0.628847599
-0.676576376
-0.739071846
-0.807519555
-0.877527297
-0.948880017
-1.03301287
-1.12260795
-1.22867501
-1.35465527
-1.48936236
-1.62618959
-1.77580595
-1.9707967
-2.21896863
-2.50721478
-2.78577137
-3.1294148
-3.60958242
-4.19018984
-4.64518595
-5.21733618
-5.40658045
-4.95976639
-4.05017805
-2.49492264
-0.569678187
-0.126263142
-0.134043619
-0.142997324
-0.153709531
-0.165595502
-0.17694509
-0.188055158
-0.201201618
-0.213605538
-0.228360862
-0.245647073
-0.263545662
-0.282865554
-0.302773774
-0.325619847
-0.349695683
-0.376018822
-0.402150899
-0.432098359
-0.462440252
-0.497040987
-0.536276519
-0.577644765
-0.620743752
-0.666514099
-0.728304446
-0.796406388
-0.864807725
-0.934120119
-1.01632178
-1.10302222
-1.20417798
-1.32450712
-1.45439243
-1.58584762
-1.72633898
-1.90861154
-2.14155412
-2.40712976
-2.64561796
-2.93528414
-3.37309146
-3.86131573
-4.08067656
-4.51155233
-4.5196104
-4.10817146
-3.14678621
-1.87318635
-0.0840059817
-0.125277877
-0.132843673
-0.141559392
-0.152494535
-0.163787201
-0.175058737
-0.186399296
-0.198907658
-0.210996762
-0.22604692
-0.243472993
-0.261067539
-0.280229777
-0.30038473
-0.32302168
-0.346372098
-0.372234821
-0.398284197
-0.427521646
-0.457377017
-0.491382569
-0.529968262
-0.570459545
-0.611240268
-0.655749381
-0.717366755
-0.784654737
-0.850686848
-0.916773498
-0.994866431
-1.07903922
-1.17916417
-1.29592597
-1.41739202
-1.54065931
-1.67727757
-1.85546529
-2.06857491
-2.29347968
-2.50301123
-2.76616836
-3.16788483
-3.44639301
-3.5852468
-3.83022785
-3.72645402
-3.42594957
-2.55691934
-1.46385038
0.123467281
-0.124058142
-0.131594554
-0.14027521
-0.151006073
-0.161573604
-0.17274031
-0.184364602
-0.196453899
-0.208500281
-0.223720416
-0.240886435
-0.258084863
-0.277067631
-0.297367096
-0.319737077
-0.342505574
-0.367982686
-0.393748105
-0.422338694
-0.451625854
-0.484857738
-0.52279371
-0.562158346
-0.601037502
-0.64391017
-0.704718471
-0.77085501
-0.834365368
-0.897524297
-0.972127616
-1.05327916
-1.15060985
-1.26288128
-1.37729907
-1.49376059
-1.62329781
-1.79230905
-1.98383892
-2.16890144
-2.3562429
-2.59695888
-2.93730783
-3.08875799
-3.19828677
-3.31113076
-3.12557888
-2.85172081
-2.1095953
-1.05814421
0.221714258
-0.122491077
-0.130240887
-0.139196038
-0.149125308
-0.159008503
-0.170016646
-0.181757137
-0.193931729
-0.206245914
-0.221376896
-0.237794071
-0.254613549
-0.273357272
-0.293395549
-0.315267444
-0.337825298
-0.363118857
-0.388166308
-0.416347891
-0.444862843
-0.477037966
-0.51433295
-0.552241862
-0.590257943
-0.630608499
-0.68936342
-0.753998578
-0.815065145
-0.876264036
-0.949231088
-1.02642
-1.11653996
-1.2219125
-1.33281171
-1.44578183
-1.56103563
-1.70895875
-1.87741649
-2.03110981
-2.20293593
-2.41362286
-2.63831711
-2.75823879
-2.87237167
-2.87847185
-2.6644752
-2.30617905
-1.69729173
-0.685843349
0.32240206
-0.120814502
-0.128732249
-0.137858823
-0.147110075
-0.156497434
-0.167279407
-0.178988636
-0.191265494
-0.203887701
-0.218683675
-0.234395653
-0.250829935
-0.269330353
-0.289122939
-0.31056115
-0.332783222
-0.3577317
-0.382159114
-0.409792066
-0.437428325
-0.468607008
-0.505009592
-0.541704714
-0.578309476
-0.616290987
-0.673177123
-0.736417234
-0.794953406
-0.853610337
-0.923647106
-0.996827543
-1.08126724
-1.18021941
-1.28483522
-1.38999963
-1.49148095
-1.61996138
-1.7659986
-1.89371967
-2.04930949
-2.22337985
-2.34364176
-2.43741393
-2.55280185
-2.44558215
-2.23248744
-1.80747807
-1.28020811
-0.369911194
0.505745351
-0.119113296
-0.12700814
-0.135987386
-0.145047262
-0.154238805
-0.164707035
-0.176212341
-0.188383356
-0.201233044
-0.215403721
-0.230708748
-0.246739686
-0.265016109
-0.284774899
-0.305991799
-0.327497244
-0.351737022
-0.375908911
-0.402647942
-0.429323852
-0.459732115
-0.494821191
-0.530843973
-0.564638555
-0.600917041
-0.656829417
-0.718987942
-0.774787366
-0.829491496
-0.893598914
-0.963093758
-1.04638386
-1.14087462
-1.2330513
-1.32161558
-1.41327953
-1.53079736
-1.65656388
-1.76348984
-1.89849937
-2.03118539
-2.09992385
-2.16797018
-2.25384927
-2.09693837
-1.88383293
-1.41949475
-0.883942485
-0.152520865
0.645498693
-0.117345482
-0.125147492
-0.133909434
-0.142860889
-0.15200685
-0.162196666
-0.173330516
-0.185362458
-0.1982335
-0.211882874
-0.226780295
-0.242433056
-0.260472
-0.279999197
-0.30080536
-0.321693122
-0.345327795
-0.369194746
-0.395056695
-0.420840383
-0.450265288
-0.484206855
-0.519001842
-0.55016464
-0.584937394
-0.639917195
-0.699896753
-0.752552629
-0.804053366
-0.863479435
-0.929080963
-1.00866914
-1.0979495
-1.17954302
-1.25358891
-1.3352226
-1.44117689
-1.55150974
-1.64493048
-1.75504935
-1.84353542
-1.87531841
-1.92997229
-1.97608471
-1.86731946
-1.65082562
-1.14639175
-0.59588486
-0.0534018315
0.694273055
-0.115468331
-0.123150893
-0.131737456
-0.140475512
-0.149686635
-0.159705147
-0.170260951
-0.182200536
-0.194771484
-0.208229482
-0.222566515
-0.237893209
-0.255658805
-0.274497479
-0.294451326
-0.315085918
-0.338481486
-0.361770153
-0.386960328
-0.412008762
-0.439961046
-0.473249555
-0.505568683
-0.535136223
-0.568434179
-0.622067034
-0.677766204
-0.726667762
-0.776992261
-0.83544457
-0.896667659
-0.965785146
-1.0474118
-1.12474346
-1.19249845
-1.26197445
-1.35081851
-1.4527787
-1.54300427
-1.62314093
-1.66789567
-1.66372871
-1.70011747
-1.70181239
-1.64401174
-1.44914234
-0.931104422
-0.371259719
0.0846257955
0.727996945
-0.113463774
-0.120965838
-0.129456937
-0.137930319
-0.147126049
-0.156960964
-0.167063713
-0.178800613
-0.191065654
-0.204322949
-0.218200058
-0.233142897
-0.25052917
-0.268753797
-0.287917703
-0.308114439
-0.331163287
-0.353934526
-0.378444076
-0.402593195
-0.429231107
-0.461386919
-0.491402835
-0.520047247
-0.552562416
-0.604048252
-0.655255854
-0.700725555
-0.749428451
-0.806579471
-0.863991559
-0.923771441
-0.996825457
-1.06948018
-1.1330235
-1.19307005
-1.26653898
-1.35914433
-1.4428761
-1.49646747
-1.50798118
-1.49260008
-1.50603271
-1.44208086
-1.3795861
-1.25144053
-0.741212785
-0.202603355
0.266490847
0.78287524
-0.11128217
-0.11850521
-0.1270224
-0.135197669
-0.144166216
-0.153735012
-0.163730666
-0.175033689
-0.187159657
-0.200014308
-0.213703558
-0.228125021
-0.244956762
-0.262958974
-0.281694233
-0.300907969
-0.323206156
-0.345723897
-0.369420797
-0.392278969
-0.418163061
-0.448027551
-0.47675547
-0.505144
-0.53813839
-0.586231709
-0.633721709
-0.676714242
-0.721835852
-0.774983644
-0.829855919
-0.88617748
-0.950462162
-1.01411974
-1.072595
-1.12928593
-1.19386458
-1.27170515
-1.33699
-1.37252867
-1.37314522
-1.34765804
-1.34031665
-1.23444557
-1.13400066
-1.0417186
-0.599407315
-0.113722645
0.382456362
0.879333198
-0.109018803
-0.116029762
-0.124472186
-0.132364497
-0.141002357
-0.150308728
-0.16022785
-0.17111288
-0.18302533
-0.195527032
-0.20895797
-0.22285305
-0.239167914
-0.256807655
-0.275032431
-0.293374568
-0.315007389
-0.337178439
-0.359977424
-0.381671011
-0.406548768
-0.434294254
-0.461982608
-0.490241706
-0.523696601
-0.567894101
-0.611871958
-0.652878404
-0.69396311
-0.742816985
-0.79484117
-0.848988354
-0.905470729
-0.959714651
-1.01295114
-1.06614876
-1.122679
-1.1848892
-1.22993326
-1.2504468
-1.24746799
-1.21639252
-1.16960895
-1.05520546
-0.939856887
-0.827839315
-0.510208726
-0.046266824
0.442378908
0.934024751
-0.106702916
-0.113691092
-0.121786974
-0.12944597
-0.137682408
-0.146784961
-0.156473666
-0.1671139
-0.178563595
-0.190932423
-0.203801021
-0.217244938
-0.233219653
-0.249984428
-0.267316133
-0.285335779
-0.306717128
-0.328198612
-0.350016028
-0.371028185
-0.394068897
-0.420736074
-0.447248042
-0.475212842
-0.508310616
-0.548383176
-0.588777781
-0.62814796
-0.665522099
-0.71119535
-0.759022117
-0.809832931
-0.860416293
-0.907154381
-0.955446422
-1.00122535
-1.04721022
-1.09530962
-1.12403762
-1.13078105
-1.12519872
-1.09364998
-1.01532388
-0.883769155
-0.76300168
-0.623924375
-0.401666671
0.0321472213
0.48259294
0.95398128
-0.104328804
-0.111227229
-0.118885756
-0.126356378
-0.134255096
-0.143140465
-0.152573049
-0.162965357
-0.173975736
-0.186094329
-0.198429301
-0.211433128
-0.22695145
-0.242904231
-0.259402454
-0.277016878
-0.298007607
-0.318837017
-0.339758217
-0.359991848
-0.381345361
-0.407002389
-0.432362318
-0.459590286
-0.491415977
-0.527723789
-0.564978004
-0.602499545
-0.636756718
-0.679395795
-0.722541928
-0.769214332
-0.814425349
-0.855292678
-0.897291303
-0.933225214
-0.968104839
-1.00318921
-1.0197587
-1.01728427
-1.0065887
-0.96266377
-0.883041143
-0.744503319
-0.602167368
-0.422856539
-0.224657938
0.123087585
0.534307301
0.964064837
-0.101868086
-0.108410478
-0.115627818
-0.122970015
-0.130707383
-0.139308706
-0.148538947
-0.158558518
-0.169344515
-0.180823818
-0.192888945
-0.205423817
-0.220129073
-0.235744625
-0.251790136
-0.268458992
-0.288493276
-0.308976769
-0.329231322
-0.34816274
-0.368694067
-0.392781675
-0.417129546
-0.442833036
-0.472063392
-0.505488753
-0.540573239
-0.575587869
-0.607702255
-0.646845877
-0.685216248
-0.726954103
-0.766614258
-0.803608656
-0.836376429
-0.860079408
-0.884527624
-0.907832742
-0.917978942
-0.914645612
-0.894641459
-0.835421443
-0.747734666
-0.624040127
-0.472253859
-0.278995484
-0.0600199066
0.228317723
0.6022017
0.912933826
-0.0992893875
-0.105430789
-0.112083219
-0.119425394
-0.127045035
-0.135360956
-0.144374177
-0.154017001
-0.164525434
-0.175405949
-0.187149867
-0.199219301
-0.213184103
-0.228387132
-0.243902743
-0.259681284
-0.278847158
-0.298863679
-0.318351179
-0.336087078
-0.355760425
-0.378313154
-0.401493669
-0.425541818
-0.451909453
-0.483106196
-0.516029
-0.548456848
-0.57870239
-0.613964379
-0.648169816
-0.68466872
-0.719296694
-0.751725018
-0.774236619
-0.786283433
-0.802404165
-0.81752795
-0.822428584
-0.816467583
-0.78556931
-0.71593684
-0.621266901
-0.505912185
-0.355618536
-0.165535688
0.0630446672
0.332880199
0.66024822
0.88878268
-0.0965175331
-0.102359302
-0.108181797
-0.115756318
-0.12322142
-0.131298795
-0.140022248
-0.149372473
-0.159327984
-0.169985741
-0.181102306
-0.192734808
-0.206381753
-0.220655948
-0.235188127
-0.250595301
-0.269503504
-0.288564473
-0.306900173
-0.324059129
-0.342158824
-0.363662839
-0.385242373
-0.407925457
-0.431832731
-0.461550534
-0.491616756
-0.521761119
-0.55002135
-0.580918431
-0.612320781
-0.643515527
-0.674360991
-0.699342072
-0.711446822
-0.71487236
-0.726607025
-0.740374029
-0.738608301
-0.720153093
-0.676036954
-0.603714705
-0.512315333
-0.399102718
-0.249260038
-0.0585998483
0.161246568
0.409983426
0.701537907
0.902019024
-0.0935632065
-0.0991426706
-0.104321986
-0.112009965
-0.119299687
-0.127147406
-0.135546699
-0.144575223
-0.153985351
-0.164388001
-0.174905941
-0.186066285
-0.199453458
-0.212856278
-0.226405963
-0.241315201
-0.25981155
-0.27793476
-0.295188189
-0.311675847
-0.328243494
-0.348677844
-0.368602276
-0.39005968
-0.41196388
-0.440119117
-0.467151731
-0.495002568
-0.520955622
-0.547956228
-0.576600075
-0.603165269
-0.630020738
-0.647499323
-0.650805056
-0.647583306
-0.655655146
-0.669387281
-0.661369622
-0.629535079
-0.572379231
-0.497713447
-0.410821497
-0.297678053
-0.149011657
0.037113931
0.242894873
0.471645296
0.740354836
0.921286702
-0.0903485939
-0.0956656784
-0.100842439
-0.108184747
-0.115283526
-0.122882679
-0.130939171
-0.139510423
-0.148617387
-0.158382624
-0.168617919
-0.179202273
-0.192114681
-0.205199271
-0.218140453
-0.231840283
-0.249074996
-0.26669693
-0.28334111
-0.298438579
-0.314151824
-0.333072454
-0.351565927
-0.371873766
-0.392470539
-0.418283224
-0.442444831
-0.467729539
-0.490745962
-0.515295625
-0.54020828
-0.563671589
-0.585117102
-0.597207427
-0.595545232
-0.587649524
-0.59062326
-0.601846159
-0.589539349
-0.550211847
-0.482351452
-0.399042547
-0.314241141
-0.199850008
-0.054568179
0.117685184
0.307418764
0.518829644
0.784376442
0.960175753
-0.0870042741
-0.0921310484
-0.0975358933
-0.104326524
-0.111208431
-0.118509986
-0.126210973
-0.134318173
-0.143122688
-0.152247041
-0.162155926
-0.172141477
-0.184547663
-0.197295055
-0.209673524
-0.222204998
-0.23820138
-0.255236119
-0.271186382
-0.284915924
-0.299783617
-0.317159325
-0.334282488
-0.353487432
-0.372888386
-0.396112084
-0.417584032
-0.44011572
-0.460336983
-0.482547581
-0.503852129
-0.524232268
-0.540187836
-0.547828913
-0.542449892
-0.530694187
-0.52887547
-0.536440432
-0.519372761
-0.474259496
-0.399280101
-0.307601869
-0.221392199
-0.107279144
0.0325085595
0.190334901
0.363861203
0.557359755
0.817970753
0.992497802
-0.0835776776
-0.0886886492
-0.094299987
-0.10045711
-0.107073076
-0.113977134
-0.121307775
-0.129056305
-0.137340844
-0.146160543
-0.155353352
-0.164777443
-0.176798388
-0.188664466
-0.200251237
-0.212351486
-0.227931574
-0.243779644
-0.258407563
-0.271468222
-0.284901857
-0.301050812
-0.316747516
-0.334899873
-0.352756709
-0.373499125
-0.392567307
-0.412143111
-0.430461645
-0.449335486
-0.468165904
-0.4842107
-0.495683163
-0.499302775
-0.48976475
-0.474415511
-0.469779521
-0.473288536
-0.448631972
-0.396550834
-0.320734382
-0.22696501
-0.13333565
-0.0236419011
0.107049815
0.257154375
0.415423661
0.587967515
0.823231518
0.99309963
-0.0801203772
-0.0852533206
-0.0909666419
-0.0965550616
-0.102831632
-0.109342672
-0.116292648
-0.123696782
-0.131441861
-0.139959946
-0.148427933
-0.157285735
-0.168714494
-0.179667488
-0.190529987
-0.202317029
-0.217440352
-0.232073799
-0.24540554
-0.25782764
-0.269791275
-0.284774542
-0.299024165
-0.316027999
-0.332200795
-0.350601137
-0.367364109
-0.384218425
-0.400721997
-0.416374743
-0.432666928
-0.44420433
-0.451651603
-0.451552063
-0.43845728
-0.420415878
-0.413137853
-0.411348522
-0.379998296
-0.322128296
-0.246743917
-0.153550446
-0.0531491712
0.0522049814
0.174508587
0.319687933
0.466566801
0.621349514
0.827164888
0.987223327
-0.0766609758
-0.0817404836
-0.087324515
-0.0925797299
-0.0983787253
-0.104605541
-0.111163646
-0.118153937
-0.125527367
-0.133416191
-0.141522601
-0.149763986
-0.159953922
-0.170454845
-0.180995554
-0.192035273
-0.205779657
-0.219717577
-0.232446104
-0.243612915
-0.254598498
-0.268253803
-0.281061977
-0.29662481
-0.311111718
-0.327404857
-0.341836542
-0.356749654
-0.370791376
-0.384485781
-0.396995962
-0.40478459
-0.408416092
-0.404931724
-0.390308589
-0.371610135
-0.360249162
-0.35030058
-0.317198753
-0.257820308
-0.180202395
-0.0879741758
0.0121064149
0.116814993
0.236302465
0.376813143
0.521338403
0.668824315
0.854186177
0.99499613
-0.0731811225
-0.0781637356
-0.0835313872
-0.0885165781
-0.0938316286
-0.0997750014
-0.105959065
-0.112512156
-0.119533315
-0.126757339
-0.134528235
-0.14217563
-0.151120692
-0.161134183
-0.171389416
-0.18167375
-0.193983108
-0.207134962
-0.2192211
-0.229101971
-0.239224255
-0.251533359
-0.262968332
-0.276949227
-0.289808124
-0.304064453
-0.316206962
-0.329272717
-0.340915829
-0.352752924
-0.361361951
-0.36578837
-0.365834892
-0.359324992
-0.343794882
-0.324910283
-0.30929786
-0.291143507
-0.257568866
-0.198793486
-0.118912943
-0.0270433165
0.0708818883
0.17530264
0.293219537
0.428980857
0.574123442
0.721147418
0.895254076
1.01827121
-0.0696470737
-0.0745019764
-0.0796691105
-0.0842973366
-0.089258872
-0.0948012397
-0.100670755
-0.106801532
-0.113336749
-0.12016198
-0.127267167
-0.134435236
-0.142817765
-0.151741073
-0.161369994
-0.171361431
-0.183094189
-0.194646642
-0.205226809
-0.214419469
-0.223443046
-0.234537512
-0.244772688
-0.25711301
-0.26849252
-0.280650944
-0.290647805
-0.301281124
-0.311392933
-0.320293218
-0.326000065
-0.327293694
-0.32412979
-0.315227181
-0.298270166
-0.278292656
-0.259500116
-0.23606284
-0.20021759
-0.142933071
-0.0636665225
0.0296862647
0.12805523
0.229453549
0.342959106
0.473959178
0.61801815
0.77180177
0.949110389
1.06786704
-0.0660768449
-0.070756346
-0.0757357478
-0.0800252855
-0.0846158937
-0.0897571146
-0.095303148
-0.101031683
-0.107049011
-0.113513008
-0.119919427
-0.126629487
-0.134620637
-0.142426923
-0.151279375
-0.161051065
-0.172186702
-0.181899548
-0.190909088
-0.199554056
-0.207459435
-0.217435926
-0.226497456
-0.237235099
-0.247190967
-0.257280082
-0.265089542
-0.273303777
-0.282021224
-0.287932813
-0.291148692
-0.289441347
-0.283340514
-0.272344351
-0.253563464
-0.231520519
-0.209922254
-0.182849929
-0.143988431
-0.0880888104
-0.0111971619
0.0836220309
0.183159709
0.279827595
0.3869434
0.513691187
0.656913996
0.81792599
1.00046802
1.11886132
-0.0624687672
-0.0668726489
-0.0716750398
-0.075787507
-0.0797995478
-0.0846816152
-0.0898083001
-0.0951713398
-0.100744091
-0.106627911
-0.112643525
-0.11881835
-0.126075849
-0.133413419
-0.141482532
-0.150681227
-0.160120323
-0.168291688
-0.176588774
-0.184363276
-0.191382542
-0.200357705
-0.208110213
-0.217413247
-0.225929081
-0.234106272
-0.239442274
-0.245980218
-0.252659678
-0.256721109
-0.257422805
-0.252804577
-0.244118065
-0.231121063
-0.210063905
-0.18434146
-0.159703031
-0.13012363
-0.0883133113
-0.0326613858
0.0404116921
0.13451463
0.234108463
0.324465483
0.423218578
0.546976328
0.692299962
0.853908956
1.03122365
1.14434659
-0.0588414408
-0.06290555
-0.0675512403
-0.0715224072
-0.0749313906
-0.0795533955
-0.0842581242
-0.0892429426
-0.0944006294
-0.0996587425
-0.105334908
-0.110977381
-0.117452525
-0.124450386
-0.13175033
-0.140200362
-0.147724688
-0.154525653
-0.162228242
-0.169095561
-0.175409138
-0.18332848
-0.189737976
-0.1975687
-0.20480077
-0.211144865
-0.214015365
-0.218920007
-0.223490775
-0.226243511
-0.224504426
-0.217102125
-0.205983669
-0.191128656
-0.167505145
-0.137523502
-0.110024191
-0.0791582018
-0.0348388404
0.0215363652
0.0903913975
0.181630641
0.280816585
0.366599947
0.457111031
0.577536881
0.725687563
0.884589732
1.05157447
1.1570785
-0.0552042536
-0.0588673726
-0.063403517
-0.0671257451
-0.070134446
-0.0743042752
-0.0787061453
-0.083227627
-0.0879577473
-0.0927503556
-0.0978256315
-0.103047781
-0.109067388
-0.115242705
-0.121813476
-0.129465327
-0.135890603
-0.141419768
-0.147724897
-0.154017821
-0.1598524
-0.166409507
-0.171553805
-0.177577555
-0.184017494
-0.188559353
-0.189361528
-0.19177942
-0.194883168
-0.196442738
-0.19252333
-0.182618335
-0.169072121
-0.152685806
-0.126194999
-0.0922639221
-0.0627816319
-0.0328774117
0.0127844671
0.0712917224
0.136478394
0.221423492
0.320341289
0.408695072
0.493684709
0.608183205
0.757517934
0.912554026
1.06766593
1.16513717
-0.0515493527
-0.0548308715
-0.0591309518
-0.0625833571
-0.0653650388
-0.069033511
-0.0731247962
-0.0771822259
-0.0814628601
-0.0858427212
-0.0902595818
-0.095058538
-0.100640193
-0.105833493
-0.111664146
-0.118647218
-0.124395959
-0.128573641
-0.133321479
-0.139228478
-0.144515187
-0.149638325
-0.15343833
-0.157610551
-0.163608134
-0.166573688
-0.165390611
-0.165164128
-0.167008445
-0.167258441
-0.161362797
-0.149059057
-0.133231685
-0.115776807
-0.0868808776
-0.0497716591
-0.0184164308
0.0106245214
0.0573001131
0.118224226
0.181012973
0.258895069
0.356431454
0.449867278
0.531797111
0.640345395
0.788657606
0.938010156
1.08199739
1.17199826
-0.0478512086
-0.0508968011
-0.0544927791
-0.057771422
-0.060572613
-0.0638682917
-0.0674479976
-0.0711631328
-0.0749477595
-0.0788389966
-0.0828071013
-0.0870092884
-0.0917205289
-0.0961529687
-0.10115014
-0.107930556
-0.11311762
-0.115558952
-0.119441546
-0.125062734
-0.12926887
-0.133178547
-0.13526617
-0.137933299
-0.143886924
-0.145945936
-0.142461628
-0.140340373
-0.140643656
-0.139086351
-0.131488025
-0.11670845
-0.0990645811
-0.0815351158
-0.0520920046
-0.0137369754
0.0204185471
0.0520599186
0.100393057
0.162703097
0.226285532
0.299387008
0.391818315
0.488096535
0.570819438
0.677041531
0.819812953
0.95908463
1.09606957
1.18074346
-0.0440871529
-0.0469618253
-0.0497551821
-0.0528337732
-0.0557343289
-0.0587265939
-0.0617472082
-0.0651359335
-0.0684345439
-0.0717968941
-0.0753725693
-0.0789377838
-0.0826317146
-0.0863920376
-0.0905904323
-0.097295925
-0.101933904
-0.102671295
-0.106117994
-0.111180127
-0.11412672
-0.116799757
-0.117190987
-0.118485339
-0.124280758
-0.125575051
-0.119912043
-0.116347589
-0.115004875
-0.111541398
-0.102295958
-0.0852302611
-0.0658737794
-0.0483894609
-0.0192664973
0.0192773454
0.0561591461
0.0917348564
0.141802385
0.204751983
0.270463258
0.341207862
0.427929699
0.524701953
0.609604895
0.714672387
0.849217534
0.977573395
1.10949802
1.18973112
-0.0401706137
-0.042857036
-0.0452667102
-0.0478981175
-0.0507830642
-0.0534894094
-0.0561186671
-0.0590347871
-0.0619551428
-0.0647826344
-0.0678071752
-0.0708827376
-0.0737732425
-0.076782234
-0.0804484114
-0.0867629126
-0.0907522291
-0.0905141756
-0.0938186124
-0.0972615778
-0.0992112085
-0.100204036
-0.0995389223
-0.0993401259
-0.103983745
-0.103920452
-0.0970068946
-0.0922880098
-0.0894141123
-0.0845135525
-0.0733871758
-0.0547977649
-0.0333531834
-0.0147597892
0.0140807796
0.0523200519
0.0902142599
0.128621101
0.179612949
0.242408291
0.309737355
0.382446647
0.467283159
0.560572922
0.646384358
0.748459339
0.87276125
0.994239748
1.12110722
1.19646311
-0.0361946002
-0.0386924297
-0.0408721827
-0.042994123
-0.0457400195
-0.0481683835
-0.0504951775
-0.0529117323
-0.0554834194
-0.057793729
-0.0602011383
-0.0628286302
-0.06505467
-0.067320995
-0.0705739856
-0.0763393268
-0.0797059238
-0.0789933652
-0.0819763094
-0.0833897367
-0.0843340605
-0.0836140439
-0.0822138414
-0.0806482211
-0.0835464671
-0.0817452669
-0.0741067007
-0.0683780685
-0.0639556721
-0.0578028336
-0.0449363142
-0.0251541883
-0.00163317739
0.0187510308
0.0476331525
0.0853741094
0.123453192
0.164116621
0.215642661
0.277861863
0.346110821
0.421844423
0.506459057
0.595095336
0.680967629
0.778972387
0.893052578
1.00985587
1.13151217
1.20245838
-0.0322744548
-0.0346221961
-0.0363507085
-0.0381841511
-0.0405693427
-0.0427249856
-0.04475509
-0.046843268
-0.0489783175
-0.0508399568
-0.0526887998
-0.0547428876
-0.0563943908
-0.0581078716
-0.0608933978
-0.0661320612
-0.0691496581
-0.0684369206
-0.0699886903
-0.0697834939
-0.0692020506
-0.0674415976
-0.0653049573
-0.0630488843
-0.0638677701
-0.0600563101
-0.0519104153
-0.0452180468
-0.0389683321
-0.0313684419
-0.017680455
0.0034607905
0.0283446107
0.0508696996
0.0807687342
0.118070252
0.156438932
0.199461043
0.251587391
0.313049436
0.380825996
0.456054926
0.539495766
0.626033247
0.711398244
0.804836273
0.912023246
1.0247072
1.14082587
1.20990074
-0.0283732824
-0.0305627715
-0.0317789465
-0.033429265
-0.0353668518
-0.0371924974
-0.0389374681
-0.0407702848
-0.0424570106
-0.0438921414
-0.0452250428
-0.0466662161
-0.0477892384
-0.0490251109
-0.0512746423
-0.0558918007
-0.0586905554
-0.0581761561
-0.057837978
-0.0562903211
-0.054116372
-0.0515694618
-0.0486604124
-0.0459212065
-0.0446273535
-0.0388869196
-0.030171331
-0.0225187205
-0.0145448679
-0.00543164276
0.00891725533
0.0315393247
0.0573637672
0.0818733871
0.113157876
0.150270611
0.188845441
0.23375769
0.286519349
0.34730202
0.414018393
0.486908585
0.56862241
0.654583037
0.739231288
0.828172207
0.929921269
1.03824127
1.1488843
1.21724343
-0.0244232547
-0.0263464861
-0.0272846799
-0.0286996458
-0.0302854069
-0.031554874
-0.0330603532
-0.0345676579
-0.0359420143
-0.0369005352
-0.0377515964
-0.0386876836
-0.0392935574
-0.0399623513
-0.0415426679
-0.0451103337
-0.0476396643
-0.0472004265
-0.0454279967
-0.0427013449
-0.0397187546
-0.0360008068
-0.0322320499
-0.0284735169
-0.0255074557
-0.018631557
-0.0087515628
-7.64242941E-05
0.008681559
0.0191413369
0.0353426673
0.0595449284
0.0861011967
0.111443244
0.143626019
0.181341931
0.21948199
0.264225394
0.317590326
0.378297836
0.44438532
0.515101731
0.595104039
0.681035042
0.765171289
0.85071981
0.945989668
1.04823136
1.15428102
1.22138357
-0.020411808
-0.0220578257
-0.0228604507
-0.0240124818
-0.0252572
-0.0258932617
-0.0271525308
-0.0282895342
-0.0293880273
-0.029879041
-0.0302862506
-0.0307611544
-0.0308486689
-0.0309186224
-0.0318042375
-0.0341613889
-0.0362091959
-0.0356714465
-0.0328587741
-0.029161321
-0.0256584976
-0.0206561685
-0.0158992317
-0.0108514419
-0.00654939236
0.00125911902
0.0126116266
0.0222275369
0.0312924907
0.0431085825
0.0616145357
0.0873213708
0.114517868
0.140045404
0.173021987
0.21185647
0.249212027
0.292614847
0.346393913
0.407356173
0.472931534
0.541524947
0.619540572
0.705157638
0.789138794
0.872423291
0.960890949
1.0565176
1.1586628
1.22395134
-0.0162644684
-0.0178270135
-0.0185375139
-0.0194497798
-0.0201695561
-0.0203519668
-0.0212390963
-0.0219935626
-0.0226601493
-0.0228350628
-0.0228833053
-0.0228276234
-0.0223756414
-0.0219298117
-0.0223005712
-0.0237297639
-0.0245815217
-0.0235486999
-0.0201933812
-0.0160447303
-0.0114422711
-0.0055910754
0.000482516072
0.00668797968
0.0119444607
0.0216116104
0.0343784094
0.04447015
0.0539765246
0.0675706044
0.0875622779
0.114256904
0.142130092
0.167722046
0.202222466
0.242562041
0.279112607
0.320902914
0.374415606
0.43566373
0.50014776
0.566160738
0.640954733
0.724208415
0.809005141
0.892164648
0.975021899
1.06554329
1.16459453
1.2271744
-0.0121629164
-0.013641987
-0.0142600313
-0.0149346236
-0.0150835253
-0.0149287554
-0.01536573
-0.0156984515
-0.0158498604
-0.0157697331
-0.0155192595
-0.0149179315
-0.0139154568
-0.0129801575
-0.012864734
-0.0135081783
-0.0129326563
-0.0111779617
-0.00752541004
-0.00313636381
0.00277638272
0.00926364865
0.0167782716
0.0240869224
0.0300397594
0.0418222696
0.05591245
0.0664203912
0.0764873773
0.0918959677
0.112961859
0.140420809
0.168962717
0.194544449
0.230765581
0.272684872
0.308656067
0.348971754
0.40182355
0.463052988
0.526052475
0.589542031
0.66068536
0.740398586
0.826067686
0.910037041
0.988497317
1.07508421
1.1713897
1.23086119
-0.00857890118
-0.00949611515
-0.00994296279
-0.0103261638
-0.0101615926
-0.00971095916
-0.00967149623
-0.00943545066
-0.00910587702
-0.0086620776
-0.00817037653
-0.00713433418
-0.00559013197
-0.00406759232
-0.00314187282
-0.00288165919
-0.00159932813
0.000912137155
0.00495086657
0.00990835857
0.0165555049
0.0238564983
0.0325684473
0.0411241911
0.0475399122
0.0602138862
0.0754564106
0.0872467756
0.0979506373
0.114329994
0.136786535
0.165298536
0.194382116
0.219796628
0.256810188
0.299802452
0.336122036
0.375984102
0.428108513
0.488011092
0.549262643
0.611609221
0.680186152
0.756201029
0.840713382
0.924563348
1.00085759
1.0847584
1.17798364
1.23468494
-0.00521213049
-0.0053457329
-0.00555588445
-0.0056091575
-0.00527000474
-0.00456165522
-0.00404924061
-0.00321205147
-0.00243144785
-0.0015590624
-0.000810296333
0.000601647305
0.00264735636
0.0047997185
0.00667832419
0.0079452917
0.00957689621
0.0128414119
0.0173497386
0.0230248794
0.0300353747
0.0381689109
0.0478083938
0.0575958677
0.0645836443
0.0774112344
0.0934849605
0.107049599
0.118674189
0.135627419
0.159493551
0.188960806
0.21846655
0.243940651
0.281059861
0.324469596
0.361836731
0.402118474
0.453372806
0.51118505
0.570747077
0.632826507
0.699683487
0.772208333
0.854106843
0.936842501
1.01238108
1.0944252
1.18434846
1.23856354
-0.00143567438
-0.00107901997
-0.000968123728
-0.000662627106
-6.9468857E-05
0.000806952827
0.00172351825
0.00291775097
0.00412622793
0.00541230617
0.00663285051
0.0084580183
0.0108487653
0.0135525186
0.0161438081
0.0185319651
0.0209017824
0.024861658
0.0299182739
0.0360468253
0.043347504
0.0518633686
0.0618932694
0.0724389702
0.0810720101
0.0940746963
0.109968558
0.125187367
0.138838395
0.156847179
0.18125467
0.210394144
0.240129754
0.267108858
0.30374524
0.345980287
0.385142565
0.427095115
0.476913363
0.5326249
0.591366112
0.653492749
0.719463885
0.789598763
0.867685854
0.947478592
1.02299237
1.10387206
1.19042981
1.24245167
0.00261226576
0.0032434538
0.0037386918
0.00442330586
0.00532214297
0.00633038022
0.0075819483
0.00897770096
0.0105804605
0.0122600058
0.0140816616
0.0163365826
0.0189838167
0.02215036
0.0253078006
0.0288227201
0.0322680846
0.0368712321
0.0425238982
0.0489270054
0.0564792044
0.0650729388
0.0751304999
0.0860779732
0.096929796
0.110190034
0.125367701
0.141999394
0.158387512
0.177834794
0.202130362
0.230104581
0.259892941
0.289236605
0.325085998
0.365268022
0.40649116
0.450763732
0.499068081
0.552816272
0.611141562
0.673364282
0.738883436
0.807344794
0.881284297
0.957351685
1.03289914
1.11273897
1.1961211
1.24620283
0.00667766808
0.00748579111
0.00843638461
0.00952272397
0.0106984396
0.0119230784
0.0133806374
0.0149702439
0.01686549
0.0189037286
0.0213096645
0.0239451304
0.0268808622
0.0303286668
0.0341076776
0.0384581499
0.0433403216
0.0485063381
0.0547723547
0.0614223145
0.0691539571
0.0777124688
0.0875832587
0.0986271054
0.111270219
0.124920256
0.139736056
0.157105431
0.176428974
0.197610363
0.221240163
0.247824326
0.277351201
0.308944255
0.344127476
0.382584333
0.425099581
0.471352816
0.519436836
0.571708739
0.629007876
0.690871
0.755780816
0.822846949
0.894203007
0.967893362
1.04196227
1.11952591
1.20077837
1.24936879
0.010647147
0.0116603505
0.0130792232
0.0145669905
0.0160022862
0.0174828283
0.0191025902
0.0209112056
0.0230486095
0.0254290923
0.028368881
0.0313651338
0.0346112028
0.0382873975
0.0427110754
0.0477528051
0.0541476794
0.0598487891
0.0667103305
0.0736327246
0.081506975
0.0899942964
0.0996140987
0.110688157
0.12475203
0.138852194
0.153526783
0.171388671
0.193551883
0.216484159
0.239279881
0.264459908
0.293579966
0.327148944
0.36180684
0.398851097
0.442197025
0.490143597
0.538716376
0.589893162
0.64584285
0.70688355
0.770936608
0.83676368
0.90661782
0.978837729
1.05038106
1.12486184
1.20451403
1.25188577
0.0141497655
0.0157715827
0.0175074749
0.0193255525
0.021044869
0.0226891581
0.024655845
0.0267882515
0.0292383004
0.031986177
0.0352976248
0.0387230739
0.0422554314
0.0464680009
0.0514203496
0.057388138
0.0645853132
0.0709327906
0.0782559216
0.085618116
0.0936739296
0.102184586
0.111808926
0.123488083
0.138675198
0.153122753
0.167432114
0.186703444
0.210776284
0.234697849
0.257438093
0.281605095
0.310551494
0.34533906
0.379710346
0.415574104
0.460011542
0.509511292
0.557928264
0.60842973
0.663517475
0.72284919
0.785402715
0.850101888
0.918756664
0.989460528
1.05808949
1.12946415
1.20684302
1.25298083
0.0174134113
0.0198359694
0.0217695516
0.0238738675
0.0258995183
0.0276564714
0.0300905947
0.0326194912
0.0354363173
0.038554579
0.0421498157
0.0460224263
0.0498484597
0.0547578745
0.0601905771
0.0672230646
0.0747741535
0.0817958415
0.0894732848
0.0973730609
0.105699666
0.114388816
0.124315619
0.136947826
0.152986392
0.167782947
0.181716546
0.202885509
0.228125319
0.252479136
0.275743753
0.299362421
0.328342497
0.363682657
0.39796868
0.432992905
0.478594393
0.529301107
0.577008545
0.627106309
0.681678057
0.738764405
0.799389124
0.863036811
0.930561006
0.999480307
1.06517303
1.13363445
1.20825207
1.25318456
0.0210676659
0.0238517728
0.0258940794
0.0283070356
0.0306643229
0.0326122865
0.0354714952
0.0384167098
0.0416159481
0.0450204909
0.0490018725
0.0531557165
0.0574154444
0.062733978
0.0688243732
0.0767534077
0.0848676637
0.0922891572
0.100222446
0.108584113
0.117517263
0.126878038
0.137779668
0.151111454
0.167468742
0.183029741
0.197467059
0.219712257
0.245448366
0.269988477
0.294023633
0.31821546
0.347453147
0.382391751
0.416853517
0.452204794
0.49821648
0.548644245
0.595246673
0.64502281
0.699054956
0.754065096
0.812668324
0.875358522
0.941366434
1.00754905
1.07123625
1.13764191
1.2094444
1.25347281
0.0249989517
0.0278246105
0.029935101
0.0326589346
0.0353600793
0.0375873484
0.0408223979
0.0441741422
0.0477430038
0.0514019169
0.055817157
0.0601692945
0.0649514422
0.0705088824
0.0773297027
0.0860181302
0.0948532671
0.10251148
0.11064297
0.119390652
0.129134089
0.139487848
0.151733354
0.165622532
0.18200615
0.198584303
0.214156896
0.236774713
0.262517065
0.287194997
0.312139541
0.337568104
0.367204428
0.401201159
0.436009288
0.47241661
0.518113852
0.567218423
0.61271143
0.662200212
0.715523601
0.768729091
0.825438023
0.887139738
0.951261997
1.0142529
1.07667923
1.14169478
1.21067345
1.2537632
0.0288278982
0.0317243859
0.0339802802
0.03691376
0.0399357229
0.0426148325
0.0461661294
0.0498165488
0.0536388271
0.0577168018
0.0623792969
0.067142114
0.0723893195
0.0784551129
0.0856719762
0.0950743258
0.104482427
0.112573288
0.12092343
0.129967555
0.140365526
0.151626885
0.164730385
0.179558292
0.196340516
0.213682741
0.230471849
0.252950519
0.278239399
0.303562939
0.329467088
0.355593085
0.385657161
0.419187605
0.454367131
0.491473317
0.535736442
0.583332241
0.629073799
0.678240597
0.730110943
0.782186866
0.837956429
0.898097277
0.959835351
1.02075326
1.08245695
1.14657915
1.21270895
1.2534101
0.0325474516
0.0355715416
0.0380406082
0.041104462
0.0444355123
0.0476703048
0.0514779687
0.0553360879
0.0593616776
0.0639574677
0.0687603578
0.0740787908
0.0797405615
0.0864795893
0.0938688368
0.103947982
0.113755241
0.122333117
0.131033599
0.140378833
0.151319906
0.163354084
0.176885292
0.19283098
0.210374489
0.228329644
0.246265799
0.268326908
0.29294166
0.319218546
0.346018195
0.372361064
0.402806133
0.436408401
0.47198385
0.509385705
0.551549971
0.59758997
0.644418001
0.693254828
0.74325937
0.794650495
0.850094378
0.908326745
0.96748513
1.02725422
1.0885644
1.15198994
1.21540105
1.25295615
0.0362003781
0.039402891
0.0421330966
0.0452977642
0.0489780009
0.0526692495
0.0566043854
0.0605909154
0.0650385693
0.0699915737
0.0751548782
0.0809063911
0.0869832411
0.0940911844
0.101834923
0.112493321
0.122368783
0.130775735
0.140539154
0.150600031
0.162205085
0.174734831
0.188421145
0.204759911
0.223474547
0.242411271
0.26100412
0.282901287
0.307319015
0.334092617
0.361242861
0.387610972
0.41807583
0.452667326
0.488779366
0.525965929
0.566646874
0.611105919
0.658024192
0.706723213
0.7555722
0.806093693
0.86079073
0.917587817
0.97499758
1.03408563
1.09499943
1.15700769
1.21861792
1.25482106
0.0397956707
0.0432114042
0.0462333523
0.0495012887
0.0535494089
0.0575872138
0.0615572818
0.0656620711
0.0706780106
0.0758734941
0.0815488622
0.0876282603
0.0941277593
0.101384595
0.109607577
0.120760739
0.130492479
0.138237029
0.149507374
0.160635665
0.173015192
0.185869887
0.199555397
0.215752572
0.235973999
0.256140023
0.274935752
0.296889812
0.321501523
0.348390579
0.375488013
0.401782125
0.432066172
0.468328565
0.505028248
0.541528404
0.581232369
0.624131441
0.670339584
0.719111621
0.767388165
0.816735446
0.870266914
0.92611897
0.982331812
1.04079831
1.10126483
1.16138172
1.22188818
1.25813735
0.0432761572
0.0469129495
0.0502276458
0.0537198894
0.0580451488
0.06226613
0.0662763119
0.0707876608
0.07619185
0.0817515254
0.0877526775
0.0941770822
0.101118408
0.108718485
0.117174618
0.128734231
0.138502225
0.145707518
0.15786162
0.170294583
0.183498383
0.19688867
0.21065788
0.226959199
0.24906148
0.270134926
0.28857109
0.310569942
0.335423261
0.362420768
0.389513403
0.415751517
0.446319342
0.484429747
0.52140522
0.556386411
0.594931901
0.636569321
0.682330191
0.731580377
0.779359579
0.826711655
0.87873894
0.934319794
0.988685846
1.04506743
1.10499215
1.16380835
1.22332621
1.25948608
0.0466782749
0.0505258068
0.0541372225
0.0579527132
0.0624448583
0.0667301044
0.0708386078
0.0759636983
0.0816031322
0.0876107737
0.0937914476
0.100588597
0.107986763
0.11608085
0.124599338
0.136478469
0.146504879
0.153425127
0.165878907
0.179642349
0.193625852
0.207758754
0.221743748
0.238402054
0.262446404
0.284171909
0.301979005
0.323994249
0.349043936
0.376134425
0.403332919
0.429591
0.460771739
0.500603139
0.537575006
0.570571423
0.60786587
0.648563623
0.694138885
0.74403733
0.791292965
0.836138427
0.88654232
0.942164481
0.993992031
1.04724312
1.10661578
1.16471779
1.22326982
1.2590481
0.0501361452
0.0540991277
0.0580532216
0.0622085743
0.0666050315
0.0709596947
0.0754942372
0.0810507461
0.086971432
0.0932402387
0.0997342691
0.106929004
0.11478366
0.123173252
0.132042766
0.144057393
0.154756203
0.162160024
0.174628362
0.188774422
0.203004584
0.218028739
0.232586831
0.249622226
0.274121523
0.296694875
0.314853251
0.336919636
0.361840069
0.388652802
0.416214973
0.442864984
0.474215299
0.514335036
0.551121294
0.583260715
0.620001018
0.660418808
0.70558089
0.755181253
0.80172962
0.844963491
0.894486487
0.948842943
0.997306406
1.04817188
1.10735869
1.16536343
1.22296512
1.25796163
0.053622663
0.0576359518
0.0619717576
0.0664509982
0.0705602467
0.0750329569
0.0802360848
0.0860472769
0.0922898799
0.098673813
0.105597295
0.1131882
0.121492431
0.130042195
0.139526188
0.151507333
0.163128793
0.171658367
0.184002683
0.197755724
0.211789906
0.22775203
0.243184224
0.2606363
0.284317315
0.307826698
0.327207685
0.349408418
0.373963326
0.400196642
0.428281814
0.455643743
0.486824661
0.526003838
0.562445402
0.594766736
0.631580949
0.672235191
0.716745019
0.765167117
0.810858011
0.853437304
0.902686715
0.954562247
0.999183893
1.04846466
1.10768998
1.1659466
1.22259486
1.25655234
0.0568974279
0.0610666461
0.0657922029
0.0704470128
0.0743911266
0.0792259797
0.08490365
0.0909603462
0.0974062979
0.10405881
0.111315347
0.119151495
0.127867952
0.136942729
0.147078067
0.158825189
0.170809776
0.18069616
0.193191513
0.206699893
0.220516428
0.236985862
0.253431708
0.271714061
0.294371516
0.317966193
0.338763833
0.36151877
0.385943115
0.411646336
0.439911395
0.468117386
0.499696583
0.537521362
0.57323122
0.60612154
0.643343031
0.684272885
0.728084147
0.774690986
0.819471419
0.862647891
0.911516964
0.960140228
1.00181627
1.05025506
1.10889006
1.16653061
1.22214246
1.25533307
0.0599824451
0.0644030571
0.0695049241
0.0742055178
0.0781499967
0.0835357383
0.0894825384
0.0957905352
0.102347538
0.109406583
0.116898969
0.124859333
0.133950621
0.143842116
0.154599935
0.166012436
0.177906409
0.189207166
0.202099204
0.215604514
0.229255959
0.245856255
0.263347149
0.282761395
0.304429829
0.327408552
0.349622041
0.373253465
0.397798121
0.423096567
0.451239169
0.480324626
0.512745738
0.549049735
0.583840966
0.617547274
0.65533638
0.696410954
0.739445448
0.78388077
0.827851474
0.872560859
0.920789242
0.965767503
1.00555646
1.05364048
1.11088395
1.16705084
1.22155619
1.25421286
0.0630547479
0.0676879212
0.0730320364
0.0777554661
0.0820032284
0.0877855197
0.0939467102
0.100439534
0.10724438
0.11459101
0.122331426
0.130501851
0.139918491
0.150261685
0.161392853
0.1729386
0.18528524
0.197444603
0.210643679
0.224279061
0.237920448
0.254697174
0.272777319
0.292850316
0.314031988
0.336814582
0.359880447
0.384142429
0.408955693
0.434256583
0.462389857
0.49197492
0.524454236
0.559681833
0.594641089
0.629478931
0.667448878
0.707783282
0.749427021
0.792535424
0.836741567
0.882632852
0.929552734
0.972048819
1.01196921
1.05917263
1.11303174
1.16709507
1.22042477
1.25235033
0.0661335215
0.070931077
0.0763943642
0.0811482295
0.0859422758
0.0919500813
0.0983009264
0.104929157
0.112104177
0.11962001
0.127633452
0.136100084
0.145799637
0.156239614
0.167523757
0.179617077
0.192935899
0.20546779
0.218874276
0.232723504
0.246512562
0.263552636
0.281792879
0.302048475
0.323206216
0.34625873
0.369659722
0.39427802
0.419450372
0.445124298
0.473400176
0.503130198
0.534925103
0.569502771
0.605544031
0.641684055
0.679446638
0.71830225
0.758098304
0.800746262
0.846074343
0.892613769
0.937718034
0.978941977
1.02054691
1.06631362
1.1152482
1.16667104
1.21868014
1.24970353
0.0691407546
0.0741036162
0.0796558186
0.0845396966
0.0897897407
0.0959802046
0.102492727
0.109364852
0.116776563
0.124539733
0.132835418
0.14151983
0.151479542
0.162170812
0.173623741
0.186036646
0.199991167
0.213166893
0.226905391
0.240929723
0.255069286
0.272347331
0.290658206
0.311031997
0.332249373
0.355510473
0.379204303
0.404080242
0.429535002
0.45573923
0.484259754
0.514097154
0.545496821
0.579336286
0.615613461
0.652391195
0.689752817
0.727576017
0.766304195
0.808903992
0.855089068
0.901486993
0.945275247
0.986137748
1.0283128
1.07256103
1.11790502
1.16597044
1.21577549
1.24607468
0.072073698
0.0772064403
0.0828356072
0.0879436657
0.0935263559
0.0998814553
0.106540769
0.113753662
0.121267378
0.12936382
0.13794291
0.146768287
0.156990513
0.168125525
0.179789409
0.192241549
0.206429645
0.220544025
0.234739676
0.248894826
0.263541132
0.281026244
0.299391598
0.319900125
0.341194749
0.364541709
0.388558656
0.413630277
0.439270765
0.466082186
0.494927824
0.524894536
0.556291759
0.589277327
0.624843657
0.661581695
0.698442817
0.735818148
0.774343133
0.817161798
0.863743246
0.909320593
0.952369332
0.993466437
1.03486955
1.07762384
1.12083328
1.16489613
1.21159899
1.24128544
0.074951902
0.0802210942
0.0859122127
0.0912534297
0.0971527174
0.1036442
0.110523582
0.117947243
0.125669092
0.134038895
0.142865703
0.151935086
0.162593618
0.174106717
0.185928568
0.198393956
0.212754905
0.227453351
0.242026269
0.256373197
0.271390229
0.289140761
0.307611853
0.328340828
0.349754632
0.373252034
0.397507757
0.422695577
0.448435307
0.475668341
0.50488627
0.535031557
0.56650722
0.599024713
0.633750975
0.670141459
0.70682615
0.744256616
0.783227205
0.826288164
0.872443795
0.9172647
0.959742844
1.00023973
1.04028773
1.081604
1.12268889
1.16230237
1.20517802
1.2337383
0.0777838081
0.0831483752
0.0888859332
0.094460696
0.100672387
0.107283607
0.114448264
0.121947639
0.129997
0.138568953
0.14761208
0.157030746
0.168300599
0.18009983
0.19200936
0.20450151
0.219043672
0.233933359
0.24877964
0.263382256
0.27861914
0.296690166
0.315324634
0.336350381
0.357930571
0.381658912
0.406067282
0.43130812
0.457075238
0.484523267
0.514133751
0.544514418
0.576089144
0.608551502
0.642487645
0.67834115
0.715196669
0.753075302
0.792965293
0.836214006
0.881229043
0.925463438
0.967345595
1.00632119
1.04470193
1.08460701
1.12335968
1.15843141
1.1971904
1.22421801
0.0805711001
0.0859537125
0.0917113647
0.097591944
0.10402596
0.110847488
0.118192956
0.12587288
0.13416253
0.14295435
0.152259335
0.161932752
0.173852786
0.185985968
0.19786033
0.210306272
0.225071713
0.240229487
0.25529626
0.27011469
0.28565377
0.30396843
0.32282874
0.344073683
0.365907192
0.389843971
0.414423943
0.439777553
0.465572417
0.493107349
0.522980809
0.55371505
0.585464835
0.617949724
0.651404619
0.686717868
0.723783553
0.762114227
0.802623034
0.845740318
0.889902055
0.933352649
0.973736346
1.01107287
1.04825354
1.0866394
1.12333155
1.15651178
1.19394338
1.22017121
0.0833194703
0.0886489972
0.0943871289
0.100651614
0.107218802
0.114338726
0.121754624
0.129740193
0.138162628
0.147203401
0.156816542
0.166638196
0.179186672
0.191705525
0.203449741
0.215794593
0.23082079
0.24638164
0.261633545
0.276615739
0.292562306
0.311040342
0.330177546
0.351521999
0.373673558
0.397791982
0.422580451
0.448138922
0.47399202
0.501510739
0.531484604
0.562671661
0.594690561
0.62721473
0.660501838
0.695310414
0.732563138
0.771274984
0.811996996
0.854665577
0.898367226
0.940710664
0.978716493
1.0145334
1.05108929
1.08785844
1.12287819
1.15690839
1.19578075
1.22190833
0.0860569999
0.0913542733
0.0968949422
0.103581026
0.110321306
0.11763671
0.125236079
0.133435428
0.142041922
0.15131034
0.161158025
0.171246707
0.184051558
0.196785167
0.20863229
0.221145198
0.236380503
0.252181321
0.267631352
0.282792926
0.299051106
0.317791283
0.337158442
0.358315527
0.380586922
0.405005217
0.430010974
0.456013203
0.482111871
0.50954026
0.539308608
0.570766926
0.603277802
0.635978341
0.669117332
0.703589499
0.740956843
0.78000766
0.820841551
0.863176465
0.905881822
0.946197689
0.982376456
1.01774907
1.05404675
1.08941722
1.12337613
1.15838206
1.19756722
1.22260177
0.0887756348
0.0940868109
0.0992692038
0.106382035
0.11334803
0.120734096
0.128651619
0.136947155
0.145811051
0.155276746
0.165274322
0.175766721
0.18843393
0.201193601
0.213413298
0.226386473
0.241771162
0.257616848
0.273282468
0.28864941
0.305097997
0.3242158
0.343759179
0.364458114
0.386611611
0.411446691
0.436678261
0.463352144
0.489900678
0.517201364
0.546468735
0.577966273
0.611173034
0.644207954
0.677176237
0.711495221
0.748894334
0.788251579
0.829159319
0.871353984
0.91240561
0.949867666
0.9850142
1.02096772
1.05720782
1.09145594
1.12486756
1.16029823
1.19803953
1.22082293
0.0913022086
0.0967575833
0.10189385
0.109170079
0.116255291
0.123759881
0.131879658
0.140349284
0.149426743
0.159076899
0.169271559
0.180003554
0.192589477
0.205458626
0.218035713
0.231354088
0.246925846
0.262919903
0.278758079
0.29431206
0.310973287
0.330370545
0.350190461
0.370657891
0.392563522
0.417582989
0.44312185
0.470292389
0.497401536
0.524880409
0.553740144
0.585009038
0.618643939
0.652201235
0.685279548
0.719509363
0.756847024
0.796410978
0.837378085
0.879342616
0.919116914
0.954848766
0.98912847
1.0245707
1.06001592
1.09326494
1.12518144
1.15905821
1.19495571
1.21578205
0.093606323
0.0993424952
0.104824528
0.111965336
0.119039312
0.126737982
0.134903848
0.143654361
0.15288198
0.162709609
0.173166841
0.183930904
0.196585104
0.209695131
0.222554594
0.236028254
0.251835018
0.268125445
0.284085602
0.299801558
0.316721112
0.336257875
0.356471658
0.377035111
0.39862892
0.423557907
0.449479491
0.476868272
0.504595101
0.532631814
0.561281502
0.592076838
0.625782132
0.660037041
0.6935848
0.727778554
0.764947474
0.804590464
0.845608652
0.887177706
0.92625469
0.961698949
0.995105147
1.02860391
1.06236315
1.09462893
1.1238656
1.15417004
1.18810034
1.2076242
0.0957759246
0.101782627
0.107680231
0.114685498
0.121761963
0.129585311
0.137845591
0.146785378
0.156188667
0.166207939
0.176846713
0.187743306
0.200499818
0.21380572
0.226940513
0.24059467
0.256534189
0.272969902
0.289094627
0.304981023
0.322090775
0.341709465
0.362198949
0.383060545
0.404815525
0.429805756
0.455887735
0.483056664
0.511036515
0.539962769
0.568818152
0.599276006
0.632846892
0.667673826
0.702157259
0.736684859
0.773557007
0.812848985
0.853675842
0.894893229
0.933688164
0.969038129
1.00172091
1.03309107
1.06453764
1.09511828
1.12189269
1.14887798
1.18012261
1.19897258
0.0978265107
0.104054816
0.110362314
0.117304184
0.124432415
0.132283628
0.140727803
0.149726123
0.15934743
0.169574872
0.180289358
0.19147788
0.204347685
0.217769429
0.231183141
0.245084375
0.261029065
0.277403802
0.293750465
0.309823632
0.327037394
0.346701384
0.367296547
0.38860476
0.411098301
0.436408669
0.462375939
0.488874346
0.51665628
0.546752214
0.576274872
0.606642008
0.639904797
0.67509675
0.710947335
0.746232629
0.782719731
0.821183205
0.861513913
0.902501583
0.941395223
0.976532996
1.00867641
1.03800917
1.06663251
1.0946449
1.11951447
1.14377153
1.17159164
1.1902014
0.0996910781
0.106059611
0.112827495
0.119746841
0.126968682
0.134896308
0.143456727
0.152555019
0.162351951
0.172760844
0.183626115
0.194990486
0.208056763
0.221659154
0.235258564
0.249301642
0.265305817
0.281719536
0.29823035
0.314498156
0.331870645
0.351585776
0.372212797
0.393754929
0.417018861
0.442944497
0.468884617
0.49476248
0.522259653
0.553073585
0.583505332
0.61424011
0.647077084
0.682319522
0.719020963
0.75502795
0.791586697
0.829407573
0.869218349
0.910120249
0.946174622
0.980543911
1.01190269
1.03923106
1.06496155
1.08979666
1.11346781
1.13538241
1.16070759
1.17984974
0.101357959
0.107779495
0.115056008
0.121990979
0.129346937
0.137434408
0.146005511
0.155286714
0.165196314
0.175747335
0.186877578
0.198240876
0.211598113
0.22547698
0.239149451
0.253192931
0.269352496
0.285974771
0.302567571
0.319033891
0.336657643
0.35645169
0.377060503
0.398521125
0.422419608
0.449258953
0.475374579
0.500822723
0.528046906
0.558940053
0.590443373
0.622036517
0.654366732
0.689331651
0.726120591
0.762682736
0.7998721
0.837434947
0.876827717
0.917808115
0.941732824
0.973352849
1.00294983
1.02813685
1.05045176
1.07021725
1.09463847
1.11666882
1.1428144
1.17009103
0.103066526
0.109553963
0.117063574
0.124120332
0.131634146
0.139862686
0.148456141
0.157890454
0.167917401
0.17858848
0.189881563
0.201375484
0.21492146
0.228994608
0.242803752
0.256935447
0.273187518
0.28990382
0.306639254
0.323288143
0.341204613
0.361227185
0.381813139
0.402961046
0.426993072
0.454729646
0.481378794
0.506750822
0.533763885
0.564571381
0.59673351
0.628970981
0.661256909
0.695975959
0.732514203
0.769325733
0.806937099
0.844887078
0.88455075
0.925687075
0.943231285
0.973410726
1.00013852
1.02430141
1.04288697
1.05937064
1.08184242
1.10423958
1.12898469
1.15778708
0.104877248
0.111470506
0.118847162
0.12615025
0.133838728
0.142159715
0.150822252
0.160349563
0.170515463
0.181287333
0.19258301
0.204421461
0.217999965
0.232136324
0.246193379
0.260563374
0.276801437
0.293421239
0.310397536
0.327207983
0.345443428
0.365883559
0.38646093
0.407093197
0.430642933
0.459163249
0.486753196
0.51245594
0.539333999
0.570019782
0.602252901
0.634732962
0.667609155
0.702202976
0.73826164
0.774976969
0.812640548
0.851725638
0.892456055
0.933766663
0.949943066
0.978807151
1.00343549
1.0262717
1.04296565
1.05834973
1.07465029
1.09700823
1.12101698
1.14502525
0.10656286
0.113241091
0.120554253
0.128060549
0.135872602
0.144269675
0.153044716
0.162692755
0.172955632
0.183801845
0.195162937
0.207235441
0.220901355
0.235133529
0.249393821
0.263937205
0.280205637
0.296804458
0.313960195
0.330965221
0.349497348
0.37033996
0.391083688
0.411370873
0.434349537
0.463441819
0.491948545
0.518029809
0.544758439
0.575331986
0.607563138
0.64033854
0.673852623
0.708390117
0.743997097
0.780578792
0.818624675
0.858825982
0.900315702
0.941615462
0.956770718
0.982918859
1.00727725
1.0282954
1.0472331
1.05652416
1.06870186
1.08878553
1.10965538
1.12730932
0.108043589
0.114766166
0.122222014
0.129833251
0.137692168
0.146158427
0.155093536
0.164915487
0.175212339
0.186104789
0.197664171
0.209757537
0.22362949
0.238038316
0.252408087
0.266993165
0.283382684
0.300118655
0.317343473
0.334592283
0.353379667
0.3745417
0.395685732
0.415934682
0.438420147
0.467825562
0.497077793
0.52347964
0.550029337
0.58051753
0.612820387
0.646073103
0.680085599
0.714667797
0.749950707
0.786448479
0.825416088
0.866456747
0.908116281
0.949189305
0.962810636
0.988655984
1.01395583
1.03419292
1.05350482
1.05172563
1.06356454
1.07244551
1.08909202
1.10177159
0.109433457
0.116198719
0.123807952
0.131479219
0.13933748
0.147873327
0.157039672
0.166975498
0.177316964
0.188297033
0.200023487
0.212179542
0.226170272
0.24070099
0.255196691
0.269860387
0.286341399
0.303159207
0.320507497
0.33794862
0.356950015
0.378338605
0.399879158
0.420379579
0.442637265
0.472153932
0.501879692
0.528669655
0.555214703
0.585611343
0.617880225
0.651484668
0.685951471
0.72094202
0.756351352
0.792952776
0.832661986
0.874390423
0.916293859
0.957697868
0.972129166
0.999833465
1.02331781
1.04235005
1.0543313
1.04640639
1.05486953
1.05046225
1.06408536
1.07431662
0.110760458
0.117575161
0.125281721
0.132988736
0.140808836
0.149418458
0.158895582
0.168839946
0.179254726
0.190392315
0.202202901
0.214550465
0.228497431
0.243044585
0.257718951
0.272556424
0.289057165
0.305827945
0.323411167
0.340957671
0.360129565
0.38163963
0.403489769
0.424549758
0.446936607
0.476360023
0.50622648
0.533511281
0.560305953
0.590601563
0.62267077
0.656391859
0.691294134
0.727153301
0.763285577
0.800268769
0.840311885
0.882629037
0.925063312
0.967621803
0.985474527
1.01313818
1.03289139
1.05097258
1.05129135
1.04206991
1.03907037
1.02957702
1.03590751
1.04646826
0.112022817
0.118777744
0.126537055
0.134431362
0.142322749
0.151036009
0.160690159
0.170588911
0.180894971
0.19223769
0.204282969
0.216768116
0.23068051
0.2452382
0.260042191
0.275007278
0.2915546
0.308330983
0.326098233
0.343806654
0.363147795
0.38476634
0.406837821
0.428421587
0.451137602
0.480342329
0.510193706
0.537840009
0.564871371
0.595200181
0.627264321
0.661085069
0.696275473
0.732765734
0.769771516
0.80767417
0.848449349
0.891389251
0.934344053
0.977840185
0.998954713
1.02534497
1.04577792
1.06217396
1.05584157
1.04280567
1.01879215
1.00654149
1.0000242
1.01308048
0.11320886
0.119742289
0.127503827
0.135819063
0.143966302
0.152824342
0.162421614
0.172234982
0.182153359
0.193741009
0.206270903
0.218771964
0.232721463
0.247315153
0.262157291
0.277149349
0.293809116
0.310714364
0.328549266
0.346533388
0.366056263
0.387799472
0.409996957
0.43193543
0.455144495
0.484025389
0.513751507
0.541527927
0.568685293
0.599246979
0.63164252
0.665621698
0.700891495
0.737501442
0.775378525
0.814858437
0.857077241
0.900736392
0.944108486
0.987957716
1.01059937
1.04275382
1.06722927
1.07606876
1.06970668
1.0450362
1.00319171
0.979132473
0.95824784
0.966053367
0.114311762
0.120709017
0.128329411
0.137068629
0.145705998
0.154655918
0.16402562
0.173805863
0.183394432
0.195078373
0.207991779
0.220655426
0.234591857
0.249113455
0.264003813
0.279100299
0.295852095
0.312861383
0.330766767
0.348963797
0.368652254
0.390487701
0.412829638
0.435066938
0.458669871
0.487357795
0.516990185
0.5449242
0.572278857
0.602983773
0.63555038
0.669646442
0.705062032
0.741833448
0.780296266
0.820844889
0.86430949
0.909160793
0.953780651
0.998194575
1.02307045
1.06654763
1.09030092
1.09060061
1.08573747
1.04511189
0.992193043
0.943651319
0.916369796
0.908291161
0.115311213
0.121774167
0.129056081
0.138120621
0.1475292
0.156472996
0.165450424
0.175297052
0.184766158
0.196297243
0.209327236
0.222424388
0.236242563
0.250516593
0.265509099
0.280871123
0.297656804
0.314681053
0.33270824
0.350974947
0.370797694
0.392666757
0.415219575
0.437738031
0.461518854
0.490254343
0.519883335
0.548106372
0.575808108
0.60643965
0.638803184
0.672935367
0.708682597
0.745880306
0.784487188
0.825068951
0.869217217
0.915964007
0.963196754
1.00879121
1.03762484
1.08773756
1.11110497
1.11155176
1.10840309
1.04685831
0.978206575
0.902692974
0.871238649
0.848673284
0.116163149
0.122834414
0.129964069
0.139038131
0.148915321
0.157887906
0.166683823
0.176680043
0.186311036
0.197620094
0.210466176
0.223797098
0.237563029
0.251679063
0.266830325
0.282457381
0.299276263
0.316306651
0.33444196
0.352784485
0.372720301
0.39460516
0.417315215
0.440134346
0.464128345
0.492833614
0.522407174
0.550831139
0.578771055
0.609379292
0.641699791
0.675995767
0.712106764
0.749670744
0.78836596
0.828829229
0.873516619
0.921981633
0.971983612
1.01947248
1.05253208
1.10635889
1.14346921
1.14913762
1.14389634
1.06361365
0.965331733
0.868720114
0.819117367
0.789943039
0.116817549
0.123838834
0.131206453
0.139820397
0.149546221
0.158648089
0.167680889
0.177916154
0.188072681
0.199157059
0.211450398
0.224567145
0.238434896
0.252619237
0.26799798
0.283815265
0.300692737
0.317753851
0.335951835
0.354443431
0.374470919
0.396368116
0.419117689
0.442273855
0.466632098
0.495077819
0.524468064
0.552888334
0.580826163
0.611589134
0.644285738
0.678990006
0.715446174
0.75317198
0.792051613
0.832599938
0.877866805
0.927445471
0.979808152
1.03006232
1.06770384
1.1291616
1.17950428
1.19555938
1.19066572
1.08880079
0.948229432
0.834123731
0.736434162
0.708999932
0.117396846
0.124682851
0.132304013
0.140507564
0.149956062
0.159207791
0.168590605
0.17897898
0.189565286
0.200477064
0.212335318
0.225132793
0.23911798
0.253483117
0.269090235
0.285025507
0.301951945
0.319039404
0.337315977
0.355947465
0.376058728
0.397966802
0.420754462
0.444158345
0.468813628
0.497056067
0.526195467
0.554535985
0.582474709
0.613438785
0.646508396
0.681621075
0.718477905
0.75652647
0.795654714
0.836417854
0.882318139
0.932749271
0.986640215
1.04027522
1.08752954
1.15488148
1.20853186
1.25226402
1.25437045
1.12612593
0.940998852
0.768834174
0.635232687
0.596808434
0.117940024
0.125276998
0.132988632
0.141094655
0.15034993
0.159736544
0.169459
0.179811075
0.190487891
0.201319188
0.213124081
0.225640953
0.239692882
0.254320204
0.270121783
0.286085635
0.303032339
0.320127308
0.338531464
0.357251376
0.377442539
0.399358571
0.422238946
0.445720047
0.470483005
0.498724133
0.527556896
0.555789351
0.583851933
0.615008473
0.64823705
0.683630586
0.720977664
0.759719312
0.799179077
0.840289533
0.8868559
0.93795675
0.992189229
1.04985607
1.10985458
1.18064106
1.24771321
1.31840491
1.33180761
1.19290352
0.92830795
0.670428634
0.529950678
0.481135756
0.118394271
0.125756681
0.133486032
0.141611591
0.150722891
0.160192594
0.170140386
0.180469647
0.191159591
0.202025712
0.213944629
0.226298764
0.24031803
0.255147278
0.271025211
0.286912262
0.303894162
0.321017534
0.339569896
0.35840264
0.378678381
0.40057534
0.423530877
0.447111517
0.471946776
0.500072658
0.528507411
0.556662023
0.585131049
0.616559446
0.649839878
0.685400844
0.723033547
0.762344122
0.802459836
0.844099283
0.891202688
0.942775309
0.997391641
1.05847454
1.12445068
1.20327294
1.30311
1.38993335
1.44544387
1.30633879
0.88611412
0.547325552
0.404959649
0.34696123
0.1187042
0.126159251
0.133862987
0.142051727
0.151060984
0.160528496
0.170502886
0.180933252
0.191677347
0.202736378
0.214866772
0.227248251
0.241084084
0.255964398
0.271724552
0.28739202
0.304451287
0.321650237
0.34036079
0.35937646
0.379746288
0.401577383
0.424546093
0.448355645
0.473299533
0.500997841
0.528898895
0.557039082
0.58634913
0.618197024
0.651462495
0.687054455
0.724551916
0.763991117
0.805289567
0.847701073
0.895061493
0.946835637
1.00256133
1.0655638
1.13325262
1.22591221
1.34889257
1.47550094
1.60954702
1.5168854
0.787132621
0.390037805
0.264477849
0.218401119
0.118894927
0.126431599
0.134107798
0.142350823
0.1512959
0.160743132
0.170692638
0.181223556
0.192016229
0.203248292
0.215551034
0.227993801
0.241665006
0.256548822
0.272181481
0.287660182
0.304784447
0.322048008
0.340874434
0.360037118
0.380476445
0.402249813
0.425214648
0.449217528
0.474248171
0.501569867
0.529057741
0.557201862
0.587210357
0.619393051
0.652634561
0.688219786
0.725525379
0.764956653
0.807224989
0.850245714
0.897720814
0.949573815
1.00627625
1.07032049
1.12833607
1.23898637
1.36619627
1.55563498
1.81215072
2.00883508
0.502315402
0.17773445
0.108521357
0.0930634663
