-0.00525224628
-0.00491560344
-0.00459736679
-0.00431324914
-0.00403120695
-0.00378889032
-0.00354655273
-0.00333072268
-0.00311722467
-0.00292719714
-0.00273736683
-0.00256770058
-0.00241174782
-0.00226014969
-0.0021226285
-0.00198968034
-0.00186800794
-0.00174853601
-0.00164139108
-0.00153859926
-0.00144522428
-0.00135710917
-0.00127402751
-0.00119702984
-0.00112371298
-0.00105622131
-0.000991982059
-0.000932863972
-0.000874468533
-0.000821803173
-0.000773483305
-0.000728042331
-0.000685320992
-0.000645260327
-0.000608217553
-0.000573191966
-0.000541263376
-0.000511555059
-0.000486177683
-0.000463930337
-0.000447601778
-0.000440755044
-0.000438985735
-0.000465324789
-0.000409898523
-0.00123073568
-0.0157003663
-0.00531069003
-0.00190376176
-0.000316664547
-0.0692405775
-0.0647751018
-0.0606327318
-0.0568852797
-0.0531675369
-0.0499396957
-0.0467568301
-0.0438923165
-0.0411118045
-0.0386024602
-0.0361260734
-0.0338814743
-0.0318035223
-0.0297871493
-0.0279841032
-0.0262350608
-0.0246283319
-0.0230480656
-0.0216337275
-0.0202844385
-0.0190532934
-0.0178896599
-0.0167922098
-0.0157745779
-0.014805763
-0.0139155984
-0.0130699705
-0.0122979097
-0.0115370043
-0.0108430441
-0.0101984004
-0.00959613547
-0.0090356553
-0.00850869529
-0.0080173919
-0.00755266193
-0.0071331393
-0.00674387394
-0.006402581
-0.00610464253
-0.00564791029
-0.00554778799
-0.00547620142
-0.00572213903
-0.00600324245
-0.00913084112
-0.0125517873
-0.00501388358
-0.00193478807
-0.000426375744
-0.11701744
-0.109393418
-0.102541648
-0.0962029845
-0.0899211615
-0.0843721852
-0.0790265128
-0.0741314739
-0.0695279911
-0.0652754083
-0.0611637235
-0.0573481023
-0.0537744351
-0.0503165349
-0.0472971313
-0.0443513952
-0.0416283682
-0.0389428772
-0.0365474373
-0.0342834666
-0.0322022997
-0.0302300807
-0.0283691585
-0.0266420543
-0.0249982513
-0.023492625
-0.0220669061
-0.0207826421
-0.0195217691
-0.0183499269
-0.0172387883
-0.0162116922
-0.0152719868
-0.0143845789
-0.0135458624
-0.0127516752
-0.0120462263
-0.0113943629
-0.010740554
-0.0102253035
-0.00983698294
-0.00960693788
-0.00944467541
-0.00963120069
-0.0101613402
-0.0119281681
-0.00939759891
-0.00462981407
-0.00201201625
-0.000658633129
-0.121116661
-0.113107622
-0.106238417
-0.0996702686
-0.0931698531
-0.087285772
-0.0818041563
-0.07665658
-0.072035037
-0.0676169917
-0.0634722933
-0.0594882965
-0.0556968637
-0.0520424433
-0.048959326
-0.0459263213
-0.0430961847
-0.040293891
-0.0378069542
-0.0354883671
-0.0333333462
-0.0312832557
-0.0293475427
-0.0275487229
-0.0258372407
-0.0242768209
-0.022806244
-0.0215080548
-0.0202412177
-0.019029988
-0.0178468823
-0.0167695377
-0.0158081762
-0.0148942461
-0.0140130967
-0.0131772747
-0.0124522401
-0.0117855687
-0.0111419149
-0.0105822207
-0.0101562534
-0.00984308776
-0.00965474453
-0.00963882357
-0.00979736168
-0.00973425061
-0.00744337682
-0.0042656702
-0.00211618328
-0.00095441303
-0.120729595
-0.112651639
-0.105890162
-0.0993527547
-0.0928682387
-0.0869413614
-0.0815260857
-0.0763576478
-0.0718103722
-0.0674241334
-0.0633606613
-0.0593435951
-0.0555299111
-0.0518540442
-0.0488071851
-0.0458065085
-0.0429736599
-0.0401610732
-0.0376835987
-0.0353885032
-0.0332361385
-0.0311842822
-0.0292452462
-0.0274424646
-0.0257270616
-0.0241672527
-0.022704659
-0.0214292053
-0.0201969221
-0.0189952571
-0.0177952629
-0.0167109873
-0.0157591738
-0.0148497662
-0.0139605394
-0.013116451
-0.0123931114
-0.0117330244
-0.0110759586
-0.0104936445
-0.0100378785
-0.00967384782
-0.00940455496
-0.00915715657
-0.00902452599
-0.0082234405
-0.00639622565
-0.00404196419
-0.00231488189
-0.0014263643
-0.120259553
-0.112165831
-0.105311528
-0.0988259539
-0.0923502818
-0.0865065828
-0.081155546
-0.0760365129
-0.0714421421
-0.067138426
-0.0630889609
-0.0590293594
-0.0552825071
-0.0516517609
-0.0486204959
-0.0456621051
-0.0428291336
-0.0400143638
-0.0375607684
-0.0352768414
-0.0331241339
-0.0310732387
-0.0291331485
-0.0273305904
-0.0256145187
-0.0240537487
-0.0225972887
-0.0213255547
-0.0201145951
-0.0189285465
-0.0177325122
-0.0166489873
-0.0156998318
-0.0147910453
-0.0138983894
-0.0130516142
-0.0123216594
-0.0116610639
-0.0110096699
-0.0104073565
-0.00990438368
-0.00950087514
-0.00908534974
-0.00875040237
-0.00836020894
-0.00731961569
-0.00580921303
-0.00401756307
-0.00261136633
-0.00191655394
-0.119664811
-0.111713447
-0.104788147
-0.0981762186
-0.0916559845
-0.0859490186
-0.0807061121
-0.0756432936
-0.0710528865
-0.066819787
-0.0627334937
-0.0586495101
-0.0549485721
-0.0513675064
-0.0484016612
-0.0454842448
-0.0426499397
-0.0398271792
-0.0373891667
-0.0351159684
-0.0329653881
-0.030917814
-0.0289794728
-0.0271798559
-0.0254721008
-0.0239220876
-0.0224743914
-0.0212022699
-0.0200026967
-0.0188278891
-0.0176436044
-0.0165706165
-0.0156255029
-0.0147162843
-0.0138199804
-0.012968271
-0.012229898
-0.0115666213
-0.0109208105
-0.0103016477
-0.00975333992
-0.00928784907
-0.00879526697
-0.00836249907
-0.00785270054
-0.00675150426
-0.00542799523
-0.00413173996
-0.00287753041
-0.00232370198
-0.118910208
-0.111313567
-0.104421288
-0.0974168852
-0.0907818675
-0.0852440596
-0.0801715925
-0.0751522034
-0.070682317
-0.0664825886
-0.0623088144
-0.0582315624
-0.0545140728
-0.0509658158
-0.0481443442
-0.0452643633
-0.0424266122
-0.0395848267
-0.0371454693
-0.0348866396
-0.0327427834
-0.0307010468
-0.0287677608
-0.0269736256
-0.025285989
-0.0237643104
-0.0223301779
-0.0210584104
-0.0198601019
-0.0186878256
-0.0175193604
-0.0164683647
-0.0155318128
-0.0146221891
-0.0137204379
-0.0128587056
-0.0121123418
-0.011445621
-0.0107979476
-0.0101661878
-0.00957903918
-0.00906108227
-0.00855311379
-0.00800764002
-0.00741136586
-0.00640904019
-0.00521732448
-0.00416757213
-0.00317875133
-0.00270549604
-0.117973968
-0.110739835
-0.103912927
-0.096557498
-0.08994665
-0.084544763
-0.0795769691
-0.0746520311
-0.0702777952
-0.0660601184
-0.0617969297
-0.0577600412
-0.0540154949
-0.0505009219
-0.0477968864
-0.0450004637
-0.0421747454
-0.0393245257
-0.0368884578
-0.0346427038
-0.032505624
-0.0304704979
-0.0285421573
-0.0267548207
-0.0250830669
-0.0235872846
-0.0221739132
-0.0209034774
-0.019699363
-0.018530475
-0.0173781868
-0.0163459051
-0.0154199051
-0.0145145683
-0.0136094177
-0.0127395811
-0.0119874589
-0.0113158124
-0.0106632179
-0.0100237867
-0.00940797571
-0.00884331949
-0.00830447674
-0.0077137351
-0.00708127674
-0.00616741413
-0.00513814716
-0.00416589575
-0.00344218244
-0.00298954663
-0.116821185
-0.109872177
-0.103115588
-0.0955855474
-0.089243181
-0.0839122385
-0.0789203346
-0.074171558
-0.06980896
-0.0655098781
-0.0611767657
-0.0572202541
-0.053457275
-0.0499840006
-0.0473253913
-0.044683449
-0.0418941453
-0.0390563309
-0.036637336
-0.0344013758
-0.0322694331
-0.0302412994
-0.0283167958
-0.026537491
-0.0248708464
-0.0233903266
-0.0220065489
-0.0207391456
-0.0195228141
-0.0183620062
-0.0172245409
-0.01620147
-0.0152872959
-0.0143935746
-0.0134890908
-0.0126161445
-0.0118617723
-0.0111833112
-0.0105244452
-0.00988240819
-0.00925505813
-0.00866213441
-0.00808011834
-0.00745813781
-0.00683541456
-0.00595917366
-0.00508344499
-0.00420933822
-0.00359904696
-0.00317778066
-0.115658425
-0.10878282
-0.101990134
-0.0945771635
-0.0886306465
-0.0833154321
-0.0781763867
-0.0735624507
-0.0691913739
-0.0648301691
-0.0605134703
-0.0566608757
-0.0528854504
-0.0494437292
-0.0468254834
-0.0443050489
-0.0415460952
-0.0387324877
-0.0363334455
-0.0341100879
-0.0319881923
-0.0299702659
-0.0280586798
-0.026290847
-0.0246370193
-0.0231684111
-0.0218087155
-0.0205521528
-0.019333519
-0.0181802083
-0.0170512442
-0.0160377882
-0.0151357818
-0.014251411
-0.0133506143
-0.0124808513
-0.0117273452
-0.0110415686
-0.0103714429
-0.00972693227
-0.00910260808
-0.00850283634
-0.00792457722
-0.00728262262
-0.0066349688
-0.00583107723
-0.00503806211
-0.00431311084
-0.00373316277
-0.00335753709
-0.114566661
-0.107458226
-0.100460827
-0.0935561955
-0.0881004483
-0.0827415809
-0.0773163959
-0.0727359205
-0.0683602318
-0.0639961213
-0.0598259233
-0.0560971834
-0.0523161106
-0.0488872863
-0.0463318862
-0.0438495763
-0.0411014184
-0.0383220389
-0.0359416939
-0.0337368473
-0.0316335522
-0.0296311285
-0.0277473629
-0.0259962641
-0.0243721381
-0.0229147896
-0.0215665661
-0.0203323252
-0.0191299617
-0.017981289
-0.0168514419
-0.0158524849
-0.0149630299
-0.0140811754
-0.0131867817
-0.0123284543
-0.0115800593
-0.0108877253
-0.0101993345
-0.00954949949
-0.00894063804
-0.00835184101
-0.00777948136
-0.00715581281
-0.00647061365
-0.00570562854
-0.00497006904
-0.00439615734
-0.00385109358
-0.0035343098
-0.113317363
-0.105988309
-0.0989173949
-0.092476368
-0.087319687
-0.0819679499
-0.0763818398
-0.0718235075
-0.0674490333
-0.063132897
-0.0591058694
-0.0554704592
-0.0517151617
-0.0483112708
-0.0458066203
-0.0433502048
-0.0406339653
-0.0378893539
-0.0355281457
-0.0333428681
-0.0312572718
-0.0292766374
-0.0274176486
-0.0256902277
-0.0240949392
-0.0226475541
-0.021308776
-0.020091638
-0.0189055298
-0.0177620761
-0.0166314002
-0.0156465005
-0.0147708533
-0.0138950525
-0.0130086951
-0.0121599697
-0.0114183342
-0.010726192
-0.0100240344
-0.00936230179
-0.0087654544
-0.00820260122
-0.00762887625
-0.00703780819
-0.00632298924
-0.00557918334
-0.004930906
-0.00443154434
-0.00397550687
-0.00368599617
-0.111764699
-0.104381554
-0.0975370109
-0.0913001373
-0.0860754028
-0.0808440447
-0.0753740072
-0.0708662868
-0.0665016547
-0.0622908138
-0.0583407506
-0.0547382496
-0.0510581955
-0.047708489
-0.0452237092
-0.0428111926
-0.040171355
-0.0374583788
-0.0351179317
-0.0329512507
-0.030878026
-0.0289271902
-0.027081294
-0.0253869873
-0.023811264
-0.0223717354
-0.0210449472
-0.0198311042
-0.0186525527
-0.0175166782
-0.016389681
-0.0154155632
-0.0145553034
-0.0136950184
-0.0128189214
-0.0119727775
-0.0112380181
-0.0105569325
-0.00985170342
-0.00916989334
-0.00857243314
-0.00804161094
-0.00747429673
-0.00691205822
-0.00623789988
-0.00550009729
-0.00492046122
-0.00444702897
-0.00408303132
-0.00377898593
-0.110036761
-0.102760583
-0.0961641073
-0.0900026336
-0.0846685693
-0.0795708522
-0.0743068457
-0.069859758
-0.065528281
-0.0614047982
-0.057518702
-0.0539543703
-0.0503415093
-0.0470570028
-0.0445910245
-0.0422135741
-0.0396396667
-0.0369813479
-0.0346711315
-0.0325226411
-0.0304661542
-0.0285421815
-0.0267223846
-0.0250646044
-0.0235108323
-0.0220761877
-0.0207640566
-0.0195572935
-0.018384913
-0.0172550641
-0.016135117
-0.0151710957
-0.0143216327
-0.0134733254
-0.0126080737
-0.011771637
-0.0110489391
-0.0103808763
-0.00967739243
-0.00898076035
-0.00837939419
-0.00786371995
-0.0073197321
-0.00678095687
-0.00622610562
-0.00548986346
-0.00488897925
-0.00443162071
-0.00413784664
-0.00382883288
-0.108153
-0.101181842
-0.0947168395
-0.0885389224
-0.0832109973
-0.0782115757
-0.0731704384
-0.0687865838
-0.0645251349
-0.0604286082
-0.0566177443
-0.0531317592
-0.0495472997
-0.0463322289
-0.043898996
-0.0415315777
-0.0389829166
-0.0364213288
-0.034157183
-0.0320267379
-0.0299974494
-0.0280912854
-0.0263265334
-0.0247063544
-0.0231834631
-0.0217498913
-0.0204560068
-0.0192701146
-0.0181060266
-0.0169781297
-0.0158689655
-0.014915864
-0.0140684182
-0.0132206045
-0.0123655312
-0.0115551185
-0.0108541325
-0.0101966215
-0.00949720293
-0.0087987585
-0.00819527172
-0.00768084079
-0.00716377702
-0.00665879808
-0.00619192421
-0.00550025655
-0.00487666903
-0.00442312658
-0.00416178536
-0.00387192424
-0.106219999
-0.0995345935
-0.093137309
-0.0870230347
-0.0817516893
-0.0768083632
-0.0719750598
-0.0676490292
-0.0634514019
-0.0594005473
-0.0556616634
-0.0522527918
-0.048721157
-0.0455691218
-0.043163497
-0.0408099145
-0.0383112207
-0.0358394794
-0.0336158499
-0.0315043554
-0.0294985548
-0.0276221633
-0.0259090699
-0.0243200734
-0.0228277743
-0.0214030612
-0.0201325379
-0.0189707261
-0.0178209282
-0.0166974515
-0.0156001486
-0.0146568315
-0.0138087217
-0.0129619762
-0.0121196155
-0.0113340607
-0.0106525328
-0.0100072781
-0.00931853708
-0.00862606056
-0.00801900215
-0.00749175902
-0.00698765088
-0.00653849496
-0.00609132228
-0.0055142059
-0.0048893299
-0.00442523183
-0.00417355401
-0.00390981184
-0.104280435
-0.0977325439
-0.0913529247
-0.0855008513
-0.0803138837
-0.0753690004
-0.0707071722
-0.0664276108
-0.0622623563
-0.0583258532
-0.0546462573
-0.0512895472
-0.0478778556
-0.0447749123
-0.0423796512
-0.0400609151
-0.0376808085
-0.0352629647
-0.0330607407
-0.0309701134
-0.0289751776
-0.0271557644
-0.0254718177
-0.0239015333
-0.0224342719
-0.0210349783
-0.0197952539
-0.0186555088
-0.0175299346
-0.016418118
-0.0153327975
-0.0143964086
-0.0135474782
-0.0127096195
-0.0118853599
-0.0111132124
-0.0104406616
-0.00981227681
-0.00914592762
-0.00846623071
-0.00785094872
-0.00730055803
-0.0068053226
-0.00639627781
-0.00596534088
-0.00549820019
-0.00492686732
-0.00444437517
-0.00417724391
-0.00392789394
-0.102315202
-0.095740594
-0.0894649178
-0.0838803649
-0.0788068846
-0.0738857463
-0.0693631619
-0.0651294515
-0.0610300638
-0.0571985804
-0.0535852835
-0.0502860919
-0.0469830856
-0.0439417623
-0.0415631942
-0.0392763168
-0.0370002761
-0.0346477181
-0.0324731916
-0.0304033998
-0.0284309778
-0.0266651548
-0.0250067376
-0.0234610196
-0.0220206399
-0.0206510164
-0.0194373485
-0.0183101315
-0.0172055177
-0.0161127783
-0.0150542567
-0.0141285947
-0.0132773006
-0.0124495719
-0.0116458246
-0.0108880773
-0.0102214357
-0.00960544031
-0.00896541309
-0.00830731913
-0.00768706203
-0.00711986516
-0.00663660141
-0.00623645075
-0.00581823569
-0.0053957249
-0.00496403221
-0.00449753925
-0.00417445647
-0.0039189728
-0.100299411
-0.0934717655
-0.0874985456
-0.0820700452
-0.0771503523
-0.0723374113
-0.0679135248
-0.0637318715
-0.0597827211
-0.055996161
-0.0524706319
-0.0492549725
-0.0459978208
-0.0430508442
-0.0407119431
-0.0384382233
-0.0361959338
-0.0339527838
-0.0318299867
-0.0297801234
-0.0278604608
-0.026124971
-0.0244987253
-0.0229967944
-0.021590488
-0.0202488359
-0.0190474223
-0.0179156568
-0.0168194212
-0.0157554559
-0.0147525519
-0.0138470856
-0.0129905781
-0.0121704377
-0.0113880234
-0.0106537808
-0.00999408867
-0.00937910751
-0.00876533426
-0.0081417188
-0.00752584124
-0.00695794495
-0.00648819469
-0.00607715361
-0.00566631136
-0.00527261291
-0.00492938282
-0.0045090178
-0.00415942399
-0.00389424968
-0.0980557725
-0.0910914913
-0.0854625702
-0.080189012
-0.0754087269
-0.0707218349
-0.0663838089
-0.0622822978
-0.0584698021
-0.0547489226
-0.0513102598
-0.0481788144
-0.0449871197
-0.0421249382
-0.0398235209
-0.0375725478
-0.0353749171
-0.0332315341
-0.0311583746
-0.0291374754
-0.027267633
-0.0255567189
-0.0239597075
-0.0225066748
-0.0211388357
-0.0198316816
-0.018641226
-0.017506035
-0.0164144579
-0.0153811397
-0.0144377341
-0.0135562178
-0.0126979938
-0.0118824681
-0.0111152641
-0.0104006948
-0.00975149684
-0.00914322771
-0.00855395943
-0.00796065107
-0.00736139668
-0.00682806596
-0.00636649644
-0.00593923824
-0.00552501949
-0.00516860886
-0.00484153023
-0.00446233246
-0.00413200073
-0.00387146091
-0.0953775197
-0.0886668712
-0.0833344311
-0.0782898664
-0.0735923946
-0.0690111071
-0.064759396
-0.0607913584
-0.0570309833
-0.0534592681
-0.0500913635
-0.047027912
-0.0439843461
-0.0411655344
-0.0388816856
-0.0366857871
-0.0346026607
-0.0325095244
-0.030465493
-0.0284927636
-0.0266463086
-0.0249637868
-0.0233855397
-0.0219788123
-0.0206538085
-0.0193957686
-0.018222671
-0.0170980748
-0.0160121005
-0.0150069594
-0.0141115822
-0.0132551221
-0.0124042695
-0.0115889916
-0.0108241625
-0.0101153068
-0.00948260166
-0.00890031829
-0.00833221339
-0.00775181688
-0.00718306238
-0.00669756997
-0.00625262363
-0.00582181755
-0.00541521795
-0.0050677578
-0.00473881746
-0.00440109195
-0.00409935229
-0.00389564224
-0.0925778672
-0.0861950368
-0.0811628178
-0.0763318688
-0.0717033073
-0.0672254115
-0.0630803034
-0.0592392907
-0.0555465631
-0.0521169975
-0.0488300547
-0.0458367765
-0.0429287329
-0.0401658528
-0.0379146598
-0.0357726738
-0.0337941013
-0.0317551047
-0.0297472551
-0.0278200824
-0.0259998366
-0.0243459903
-0.0227929465
-0.0214287397
-0.0201449022
-0.0189320743
-0.0177808404
-0.016671896
-0.0155994184
-0.014627968
-0.0137705058
-0.0129366666
-0.0120957829
-0.0112854792
-0.0105239851
-0.00982042309
-0.00921004731
-0.00865857117
-0.00810696278
-0.00753573701
-0.00700076623
-0.006546658
-0.0061207274
-0.00570063153
-0.00531179458
-0.00496448157
-0.00463475147
-0.00432738895
-0.00405400153
-0.00389553932
-0.0898357704
-0.0836504847
-0.0789636075
-0.0742573589
-0.0697100386
-0.065347068
-0.061351344
-0.057584364
-0.0540558808
-0.0506914258
-0.0475192219
-0.0446135439
-0.041751679
-0.0391024835
-0.0369318314
-0.0348175988
-0.0328695364
-0.0309300236
-0.0289892424
-0.0270878524
-0.0253194254
-0.0236922484
-0.0221858807
-0.0208582412
-0.0196084455
-0.0184219517
-0.01729724
-0.0162044875
-0.0151617182
-0.0142377345
-0.0134051424
-0.0125878798
-0.0117558092
-0.0109637594
-0.0102172242
-0.00952808931
-0.00894830283
-0.00842332281
-0.0078802621
-0.00732316729
-0.00681935018
-0.00638305163
-0.00596276252
-0.00556335738
-0.00520034647
-0.00486173667
-0.00453412998
-0.00424100179
-0.00398780033
-0.00383681688
-0.0870752707
-0.0810421035
-0.0766747966
-0.0720872879
-0.0676368028
-0.0634163395
-0.0595636405
-0.0558885448
-0.052518595
-0.0492238179
-0.0461637974
-0.0433485955
-0.0405151993
-0.0379789546
-0.0358962826
-0.0338332094
-0.0319208391
-0.0300757829
-0.0281993151
-0.0263310913
-0.0246144012
-0.0230216458
-0.0215668641
-0.0202704128
-0.0190474093
-0.0178824682
-0.0167860948
-0.0157166775
-0.0147163346
-0.0138381291
-0.0130240647
-0.0122199021
-0.0114032561
-0.0106357364
-0.0099069681
-0.00923398044
-0.00868569687
-0.00818858948
-0.00765518472
-0.00711173518
-0.00662774267
-0.00619860273
-0.0057903165
-0.00542025315
-0.00508110598
-0.00475042779
-0.00443078764
-0.00415272638
-0.00391305005
-0.00376609992
-0.0842203945
-0.07834737
-0.0742030144
-0.0697933733
-0.0654649436
-0.0614401177
-0.0576812737
-0.0541822016
-0.0508787222
-0.0477272235
-0.0447461829
-0.0420134105
-0.0392416939
-0.0367696472
-0.034752775
-0.0328154936
-0.0310116448
-0.0292125717
-0.0273686927
-0.025566617
-0.0238806084
-0.0223414078
-0.0209320039
-0.0196591541
-0.0184522979
-0.0173133947
-0.0162459649
-0.0152158374
-0.0142738661
-0.01342622
-0.0126265762
-0.0118325846
-0.0110471705
-0.0103078457
-0.00959327631
-0.00893292762
-0.00841146708
-0.00794896763
-0.00743401283
-0.00689852843
-0.00641025417
-0.00597734516
-0.00560383033
-0.00527538499
-0.00494700391
-0.00461935019
-0.00432031089
-0.00406909129
-0.00383594073
-0.00369228609
-0.0812796056
-0.0756870732
-0.0716692209
-0.0674196929
-0.0632418543
-0.059407711
-0.0557573736
-0.0524290539
-0.049195379
-0.0461877994
-0.0432885811
-0.040636491
-0.0379369073
-0.0355369188
-0.0335834697
-0.0317678638
-0.0300719254
-0.0283173453
-0.0265098307
-0.0247736853
-0.0231276434
-0.0216466859
-0.0202797092
-0.0190276206
-0.0178391971
-0.0167297926
-0.0156917721
-0.0147092566
-0.0138236945
-0.0130028361
-0.0122167813
-0.0114369849
-0.0106859421
-0.00997478608
-0.00927516446
-0.00862919725
-0.00813111663
-0.00770094246
-0.00721103698
-0.00668621715
-0.00618825853
-0.00575009035
-0.00541031081
-0.00511991605
-0.00480126636
-0.00448074425
-0.00420900807
-0.00398573419
-0.00375722209
-0.00361607806
-0.0782175362
-0.0731847212
-0.0691493228
-0.0649630725
-0.0609820001
-0.0572794527
-0.053817112
-0.0505713634
-0.0474988595
-0.0445700884
-0.0417895503
-0.0392212532
-0.0365882255
-0.0343233719
-0.0324482359
-0.0306777451
-0.0290220026
-0.0273520742
-0.0256188381
-0.0239184424
-0.0223535467
-0.0209253952
-0.0195994359
-0.0183677878
-0.0172129441
-0.0161369722
-0.0151289962
-0.0141998474
-0.0133520178
-0.0125624146
-0.0117915533
-0.0110379057
-0.0103149973
-0.00962849986
-0.00894913264
-0.00832470972
-0.00784600433
-0.00743667223
-0.00697965873
-0.00647723768
-0.00597746624
-0.00553944102
-0.00521171419
-0.00493960874
-0.0046397727
-0.00434072828
-0.00410171272
-0.00389878894
-0.00367618958
-0.00353672146
-0.07509543
-0.0706593916
-0.0666390285
-0.0624773949
-0.0586818382
-0.0551065058
-0.0518334433
-0.0486682467
-0.0457637906
-0.0429132208
-0.0402521454
-0.0377728939
-0.0352473333
-0.033110857
-0.0313066542
-0.0295622088
-0.027936168
-0.0263495129
-0.0246914402
-0.0230372343
-0.0215595197
-0.0201815981
-0.018897051
-0.0176917519
-0.0165787525
-0.0155381775
-0.014561356
-0.0136811603
-0.0128683988
-0.0121102119
-0.0113581475
-0.0106334407
-0.00993623305
-0.00927290414
-0.00861739833
-0.00801955815
-0.00756022613
-0.00716600055
-0.00673911395
-0.0062614819
-0.00577171752
-0.00534620835
-0.00502185756
-0.00475340942
-0.00447426131
-0.00420185272
-0.00398840057
-0.00379729061
-0.00358246616
-0.00344490935
-0.0719383135
-0.067919232
-0.0641359389
-0.0599971972
-0.0563138574
-0.0529134944
-0.0497542918
-0.0467525907
-0.043942485
-0.0412335172
-0.0386572964
-0.0362767652
-0.0339683369
-0.0318805687
-0.0301134717
-0.0284230467
-0.0268679392
-0.0253210645
-0.0237025376
-0.0221512578
-0.0207350347
-0.0194064323
-0.0181658529
-0.0170019846
-0.015936695
-0.0149326148
-0.0139891086
-0.0131414291
-0.0123753576
-0.0116445096
-0.0109185018
-0.0102182999
-0.00954658538
-0.00890639704
-0.00827820692
-0.00771271018
-0.00727640186
-0.00689431001
-0.00648319023
-0.00602460839
-0.00556664541
-0.00517938705
-0.00485727051
-0.00457547419
-0.00431293854
-0.00406658463
-0.00385615602
-0.00366296945
-0.00345939421
-0.00332465069
-0.0687490255
-0.0650434196
-0.0615624227
-0.0575303771
-0.0539208651
-0.0506867245
-0.0476285554
-0.0448036864
-0.0420804322
-0.0395195074
-0.0370313786
-0.0347532108
-0.0326653421
-0.0306297075
-0.0288901906
-0.0272535384
-0.0257722028
-0.0242589917
-0.0226842742
-0.0212396719
-0.0198900122
-0.0186139848
-0.0174159929
-0.0162995849
-0.0152844777
-0.0143183451
-0.0134076942
-0.0125897033
-0.0118688336
-0.0111707747
-0.0104751745
-0.00979661942
-0.00914889574
-0.00853380188
-0.0079382956
-0.0074067614
-0.00699125696
-0.00661869673
-0.00621804036
-0.00578083936
-0.00536036864
-0.00500983093
-0.00469105598
-0.00440092944
-0.00415459322
-0.00392776076
-0.00371292559
-0.0035130966
-0.00331690721
-0.00318431319
-0.0655088723
-0.0620402507
-0.0587931052
-0.0550912879
-0.0515330844
-0.0483888797
-0.0454806238
-0.0427770726
-0.0402020589
-0.0377366729
-0.0353832394
-0.0332068242
-0.031230513
-0.029343389
-0.0276430417
-0.0260273907
-0.0245811883
-0.0231329165
-0.0216527823
-0.0202635676
-0.0190220848
-0.0178084504
-0.0166464765
-0.0155774187
-0.0146130426
-0.0136876795
-0.0128063066
-0.0120281903
-0.0113358507
-0.0106893145
-0.0100282542
-0.00936832465
-0.00874085817
-0.0081557231
-0.00760394474
-0.00710479915
-0.00670023588
-0.00633275043
-0.00594384782
-0.00554043986
-0.00515028788
-0.00480543496
-0.00449351035
-0.00422557723
-0.00399913825
-0.003775388
-0.00355997402
-0.00335588772
-0.00315339747
-0.00302077224
-0.0622308888
-0.0589705892
-0.0559048578
-0.0526016057
-0.0491500907
-0.0460614562
-0.0433055349
-0.0407100506
-0.0382956676
-0.035919521
-0.0337054208
-0.0316349715
-0.0297426321
-0.0280158445
-0.0263705011
-0.0247752927
-0.0233500078
-0.0219675228
-0.0205820035
-0.0192553457
-0.0181380939
-0.0169875287
-0.0158609748
-0.0148386052
-0.0139262788
-0.0130415587
-0.0121884886
-0.0114499405
-0.0107905399
-0.0102032041
-0.00957588758
-0.00893273111
-0.00832535885
-0.00777128292
-0.00726105925
-0.00679030875
-0.00639649807
-0.006039178
-0.00566489063
-0.00529522216
-0.00493401801
-0.00458702678
-0.00428350503
-0.00404844806
-0.00384269143
-0.00361723034
-0.00340189086
-0.00319619197
-0.00298598432
-0.0028547165
-0.0589055754
-0.0558582172
-0.052913215
-0.0499362871
-0.0467725433
-0.0437344871
-0.0410772339
-0.0386207178
-0.0363271534
-0.0340864696
-0.0319687314
-0.0300171953
-0.0282631814
-0.0266133472
-0.0250529051
-0.0235163905
-0.0221191533
-0.0207664613
-0.0194141306
-0.0182327293
-0.0172349643
-0.0161376912
-0.015052692
-0.0140756685
-0.0132185752
-0.0123708853
-0.0115475934
-0.0108352574
-0.0102410419
-0.00971265696
-0.00911177415
-0.00848373119
-0.00790021103
-0.00737482216
-0.0068871486
-0.00643539848
-0.00606342126
-0.00573571585
-0.00538225845
-0.00503183249
-0.00470414478
-0.00436993362
-0.00407525757
-0.00386723131
-0.00367979147
-0.00345834391
-0.00324002467
-0.00303698401
-0.00283116009
-0.00270769512
-0.0555345491
-0.05269951
-0.049870193
-0.0471664332
-0.0443349332
-0.0414122231
-0.0388265215
-0.0365092196
-0.0343249962
-0.0322311372
-0.0302051511
-0.028373003
-0.0267665181
-0.0251735803
-0.0236974992
-0.0222615432
-0.0209005959
-0.0195586421
-0.0182402935
-0.0172159709
-0.0163153242
-0.0152675277
-0.0142290108
-0.0133023346
-0.0125040356
-0.0116953161
-0.0109006111
-0.0102191651
-0.00969680771
-0.00921976101
-0.0086409552
-0.00802847743
-0.00747068226
-0.0069754757
-0.00650374638
-0.00606547249
-0.00571957277
-0.00542759476
-0.00509601086
-0.00476058386
-0.00446774857
-0.00415535364
-0.00386957848
-0.00367983384
-0.00350920693
-0.00329675153
-0.00307428488
-0.00287538767
-0.00268243393
-0.00257026847
-0.0520872213
-0.0494540669
-0.0468024798
-0.0443150289
-0.0417108051
-0.039100837
-0.0365774371
-0.034358073
-0.0323031321
-0.0303277336
-0.0284377169
-0.0267091356
-0.0252029411
-0.0237191468
-0.0222874433
-0.0210256502
-0.0197148826
-0.0183751434
-0.0171748977
-0.0162334815
-0.0153703168
-0.0143740317
-0.0133883664
-0.0125286188
-0.011795558
-0.0110364277
-0.01026469
-0.00964571722
-0.00917292666
-0.00872499868
-0.00816510618
-0.00757139362
-0.0070400252
-0.00658250228
-0.00613196567
-0.00570283411
-0.00538086332
-0.00511751324
-0.00480287522
-0.00448881183
-0.0042291563
-0.00394477043
-0.00366783212
-0.00347893126
-0.00332407234
-0.00312745804
-0.00290156389
-0.00270596077
-0.00253518927
-0.00243650237
-0.0485987961
-0.0461812429
-0.0436984226
-0.0413835645
-0.0389728509
-0.0367383882
-0.034336511
-0.0321909003
-0.0302643757
-0.0283994488
-0.0266557168
-0.0250283349
-0.0235918872
-0.0222338941
-0.0208478644
-0.0197810866
-0.0185463466
-0.0172158256
-0.0161537714
-0.0152558843
-0.0144073162
-0.0134628508
-0.0125407903
-0.0117499409
-0.011091602
-0.0103894658
-0.00963858142
-0.00908957422
-0.00865521841
-0.0082255248
-0.00768461684
-0.00711357454
-0.0066082119
-0.00619397266
-0.00577104744
-0.00535073178
-0.00504854461
-0.00480722683
-0.00451008044
-0.00421965541
-0.00398633815
-0.00373035157
-0.00346543593
-0.00327197462
-0.00312997075
-0.00294967368
-0.00272455579
-0.00253555714
-0.00238702493
-0.00230041775
-0.0450888611
-0.0429454371
-0.0405110717
-0.0383094214
-0.0361443348
-0.0341985673
-0.0321166888
-0.0300293732
-0.0281983577
-0.0264609549
-0.0248309299
-0.0233203862
-0.021927705
-0.0206693951
-0.0193917509
-0.018481411
-0.0173847154
-0.016096333
-0.0151121514
-0.0142431678
-0.0134231299
-0.0125282602
-0.0116947973
-0.0109550375
-0.0103921229
-0.00975489523
-0.00902629178
-0.0085250102
-0.00812694896
-0.007713411
-0.00719585549
-0.00665519992
-0.00617359858
-0.00580948591
-0.00542602269
-0.00501930201
-0.00472746836
-0.00449829781
-0.00422768993
-0.00395846367
-0.00373227498
-0.00349825271
-0.00325528462
-0.00306471274
-0.00292776898
-0.0027560629
-0.00254371669
-0.00237311958
-0.00223447685
-0.0021528143
-0.0415354073
-0.0396944545
-0.0372900777
-0.035193231
-0.0332707949
-0.0315562002
-0.0298568327
-0.0278712083
-0.0261195935
-0.0245111119
-0.0229861233
-0.0215946268
-0.020239694
-0.0190737061
-0.0179367196
-0.0171682257
-0.0162196904
-0.0149949193
-0.0140580423
-0.0132125774
-0.0124245854
-0.0115854843
-0.0108416984
-0.010156027
-0.00968905725
-0.00911599584
-0.00841807108
-0.00795172155
-0.00758465892
-0.00718867965
-0.00670110248
-0.00619292818
-0.00573872589
-0.00542379636
-0.00508214952
-0.00469579268
-0.00441150554
-0.00418889709
-0.00394635648
-0.00369599275
-0.00346968556
-0.00325319869
-0.00303451344
-0.0028533279
-0.00272124191
-0.00255801785
-0.00236590672
-0.0022164199
-0.00208095228
-0.00200040289
-0.0378667414
-0.036329262
-0.0340881124
-0.0321597531
-0.0303815901
-0.0288534444
-0.027429074
-0.025712993
-0.0240406543
-0.0225370713
-0.0211422704
-0.0198513698
-0.0185529757
-0.0174991284
-0.0165088866
-0.0158985406
-0.0150338532
-0.0138918534
-0.0129999407
-0.0121795619
-0.0114105549
-0.0106513016
-0.00996134151
-0.00936882105
-0.00896728132
-0.00844352972
-0.00780191971
-0.00736446586
-0.00701299636
-0.00664133858
-0.0061988961
-0.00571810501
-0.00530703226
-0.00502798799
-0.00471754465
-0.00436645886
-0.00409480184
-0.00387536059
-0.0036515058
-0.00341617898
-0.00319580571
-0.00299258973
-0.00279057049
-0.00262784888
-0.00251219259
-0.0023694539
-0.00220394041
-0.00206621876
-0.00193113938
-0.00185007614
-0.0341602415
-0.0329055116
-0.030896727
-0.0291583929
-0.0275071189
-0.026128361
-0.0249040555
-0.0235192608
-0.0219616108
-0.0205508843
-0.0192920826
-0.0181005802
-0.016880855
-0.0159414504
-0.0150922565
-0.0146340858
-0.0138434824
-0.0127956131
-0.0119410837
-0.0111407656
-0.0103910826
-0.00971418153
-0.00907025672
-0.00858187955
-0.00822600909
-0.00774706202
-0.00717224553
-0.00676188245
-0.00642526196
-0.0060848291
-0.00569055881
-0.00523649808
-0.00487237889
-0.00462084869
-0.00433697645
-0.00402613217
-0.00377226248
-0.00355872628
-0.00334907556
-0.00312735862
-0.00291786878
-0.00272677164
-0.00253774319
-0.00239455211
-0.00229786732
-0.00218113838
-0.00204478507
-0.00191593682
-0.00178170821
-0.00169939187
-0.0305223353
-0.0294782724
-0.0277052391
-0.0261170603
-0.0247083008
-0.0234200172
-0.0223301947
-0.0211996827
-0.0198808312
-0.0185636114
-0.0174148288
-0.0163516812
-0.0152546903
-0.014402058
-0.0136664398
-0.0133080482
-0.0126738911
-0.011728772
-0.0108853029
-0.0100833699
-0.00937834661
-0.00874974951
-0.00818886794
-0.00777389016
-0.0074482332
-0.00702469889
-0.00650900556
-0.00612833211
-0.00583102694
-0.0055345716
-0.00517280726
-0.00475227879
-0.00442132168
-0.0041907588
-0.00393653894
-0.00365787884
-0.00343062053
-0.00323821465
-0.0030437985
-0.00283724233
-0.00264434167
-0.00246815616
-0.00229278998
-0.00215794635
-0.0020686863
-0.00197642087
-0.00186796847
-0.00175458111
-0.00162702496
-0.0015433263
-0.0269102715
-0.0260382593
-0.0245013312
-0.0230730027
-0.0219394602
-0.0207207259
-0.0197400711
-0.0188115612
-0.0177755561
-0.0165722147
-0.0155227343
-0.0145954918
-0.013642177
-0.0128713883
-0.0122318314
-0.0119417496
-0.0114804059
-0.0106485831
-0.00981058739
-0.00901466887
-0.00836535543
-0.00777649926
-0.00731322775
-0.00695490884
-0.00665302295
-0.00628434168
-0.00582234561
-0.00548098143
-0.00523383822
-0.0049825632
-0.00464774156
-0.00426483201
-0.00396159058
-0.00374998921
-0.00352469087
-0.00327441213
-0.00308042811
-0.00291686226
-0.00273654494
-0.00254664849
-0.00237343274
-0.00221387506
-0.00205320329
-0.0019206939
-0.00183292537
-0.00176138873
-0.00167806877
-0.00158420426
-0.00146807672
-0.00138468656
-0.0232532192
-0.0225481652
-0.0212521646
-0.0201032013
-0.0191348717
-0.0180189963
-0.0171714947
-0.0164102539
-0.0155809224
-0.0145654278
-0.0136274006
-0.012806775
-0.0119909178
-0.0113395741
-0.0107838307
-0.0105467569
-0.0101541858
-0.00945972651
-0.00865781214
-0.00793923344
-0.00733688381
-0.00682358909
-0.00643826276
-0.00613648817
-0.00586154312
-0.00552358618
-0.00511152763
-0.00484039309
-0.00463561667
-0.00440969458
-0.00411243597
-0.0037691053
-0.00350095425
-0.00331242196
-0.00310632354
-0.00288686552
-0.00273477822
-0.00259943074
-0.00242607342
-0.00225526816
-0.00210300344
-0.00196092017
-0.00181720254
-0.00168637466
-0.00160068169
-0.00153962604
-0.00147380738
-0.0014014903
-0.00130342925
-0.00122687663
-0.0195309408
-0.0190471336
-0.0180058572
-0.0171833392
-0.0163104925
-0.015314512
-0.0146201858
-0.0140042938
-0.0133342026
-0.0125342645
-0.0117314048
-0.0110062016
-0.0103160031
-0.00980021805
-0.0093252603
-0.00913198106
-0.00876006391
-0.00820409134
-0.00746577932
-0.00685993582
-0.00630464917
-0.00587723358
-0.00555256195
-0.0053034788
-0.0050644353
-0.00474980939
-0.00438138237
-0.00418949872
-0.00403049029
-0.0038242822
-0.00356614706
-0.0032612693
-0.00303103775
-0.00287228869
-0.0026822174
-0.00249003479
-0.00238301395
-0.00228034775
-0.00211338373
-0.00196064985
-0.00183095771
-0.00170886726
-0.0015840946
-0.0014574345
-0.0013733668
-0.00131632364
-0.00126462232
-0.00121311576
-0.00113536511
-0.00106985599
-0.0156501364
-0.0156106595
-0.0148689626
-0.0142994793
-0.013490797
-0.0126058133
-0.0120875696
-0.0115965558
-0.0110712759
-0.0104382271
-0.00983708445
-0.00922837388
-0.00863399915
-0.00823444128
-0.00785212498
-0.00769384485
-0.00738249766
-0.00691762194
-0.00628499128
-0.00577756623
-0.00529122492
-0.00491059478
-0.0046228813
-0.00440830179
-0.00423342735
-0.00396537175
-0.00362256309
-0.00347964838
-0.00339908269
-0.00323383347
-0.0029966326
-0.00272210524
-0.00252392585
-0.00241296552
-0.00224722433
-0.00206205691
-0.00199519284
-0.00194571796
-0.00179832475
-0.00165445381
-0.001551711
-0.00145818561
-0.00135565898
-0.00124343974
-0.00115701836
-0.00109982281
-0.00106472324
-0.00102737476
-0.000965279993
-0.000913808122
-0.011791612
-0.0122163836
-0.0117879221
-0.0114239287
-0.0106922621
-0.00992760155
-0.00957638025
-0.00919218734
-0.00879954454
-0.00830846652
-0.00793338194
-0.0074601518
-0.00694651902
-0.00665066857
-0.00636746734
-0.00624108547
-0.00600552047
-0.00561081246
-0.0051052589
-0.00469188439
-0.00428217649
-0.00393559923
-0.00367271714
-0.00348724402
-0.00339153106
-0.00317816925
-0.00285769603
-0.00274902023
-0.00275491946
-0.0026381358
-0.0024162503
-0.0021687611
-0.0020017568
-0.00194674707
-0.0018076105
-0.00162247091
-0.00159150502
-0.00159923651
-0.00147896423
-0.00134269893
-0.00126726879
-0.00120492815
-0.00112754118
-0.00103676273
-0.000948082365
-0.000889358053
-0.000870869902
-0.000843678252
-0.000794635096
-0.000757876551
-0.00840467121
-0.00884212647
-0.00867792219
-0.00850588921
-0.007968897
-0.00738990493
-0.00711460877
-0.00680557825
-0.00651916163
-0.00618856726
-0.00598519063
-0.00567384902
-0.0052481303
-0.00505311834
-0.00486701727
-0.00477893557
-0.00457644323
-0.00427861745
-0.00389424735
-0.00359875173
-0.00324480399
-0.00297581614
-0.00274035637
-0.00260465709
-0.00258464739
-0.00240286719
-0.00213298784
-0.00207143417
-0.00211923895
-0.00202920032
-0.00184363988
-0.00162886595
-0.00150386174
-0.00149719324
-0.00137323991
-0.00120676891
-0.00120623468
-0.00123942061
-0.00114645087
-0.0010344506
-0.000977682648
-0.00093739439
-0.000890009978
-0.000826259668
-0.000745266094
-0.000687964144
-0.000679386314
-0.000661208062
-0.000625780202
-0.000600288622
-0.00521351164
-0.00544819701
-0.00550805684
-0.00551981712
-0.00524711004
-0.00489280606
-0.00466669211
-0.00442819623
-0.0042447336
-0.00408023037
-0.00400927244
-0.00386659335
-0.00354362209
-0.00344696804
-0.00335291191
-0.00330910087
-0.00312337186
-0.0029382098
-0.00267114048
-0.00250068912
-0.00220248196
-0.00203281711
-0.00183610292
-0.00176089082
-0.00180301268
-0.00164453464
-0.00144529378
-0.00143364409
-0.00149138935
-0.00141803676
-0.00128178706
-0.00110827212
-0.00103048654
-0.0010603366
-0.000949218811
-0.000816011627
-0.000838147593
-0.000874746358
-0.000809181191
-0.000731177337
-0.000688396976
-0.000664083345
-0.000645976397
-0.000610199932
-0.000544465147
-0.000492623949
-0.000489427825
-0.000479271315
-0.00045728017
-0.000440584641
-0.00163438241
-0.00191999332
-0.0021573226
-0.00234101759
-0.0023324599
-0.00220491434
-0.00215238822
-0.00204534782
-0.00201902958
-0.00198961841
-0.00202582288
-0.00201538811
-0.00183957827
-0.00183467637
-0.00181667949
-0.00182623242
-0.00170300493
-0.00162468967
-0.00147848169
-0.00139976235
-0.00121598342
-0.0011231316
-0.00100680219
-0.000983304693
-0.00103866379
-0.000930671464
-0.000815468258
-0.000827820681
-0.000873082958
-0.000831499288
-0.000745449855
-0.000636013458
-0.000599521562
-0.000634550059
-0.000557183521
-0.000471594685
-0.000494799227
-0.000521081733
-0.000484674441
-0.000439783005
-0.000413223781
-0.000401991158
-0.000397592899
-0.000380656769
-0.00033815662
-0.000301843713
-0.000301453605
-0.000296996208
-0.000285498798
-0.000275781
0.00217879587
0.00168774056
0.00130500109
0.000955943658
0.000716984563
0.000607033784
0.000414125097
0.000335180783
0.000179925628
9.04145345E-05
-3.84402847E-05
-0.00013105823
-0.00013653007
-0.000216104381
-0.000267709111
-0.000334364566
-0.000311882904
-0.000331535004
-0.000309984403
-0.000302377128
-0.00026692127
-0.00023934948
-0.000226716103
-0.000246453972
-0.000285207789
-0.000250674289
-0.000223178591
-0.000241956033
-0.000264012546
-0.000262235146
-0.000228568533
-0.000195638553
-0.000194477121
-0.000215493303
-0.000186619014
-0.00015630899
-0.000167717502
-0.000177796945
-0.00017006605
-0.00015640317
-0.000147867322
-0.00014758615
-0.000147241197
-0.000142897654
-0.000127882391
-0.000113591246
-0.000114630006
-0.000114368398
-0.00011120196
-0.000107296626
0.0058991299
0.00528099108
0.00477909995
0.00426302198
0.00383735239
0.00343282404
0.00302959653
0.00268523861
0.00239475165
0.00216945913
0.00195321534
0.00178735959
0.00156494416
0.00141698704
0.00128021021
0.00116408593
0.00104273832
0.000946128741
0.000836410443
0.000770297193
0.000670247828
0.000614228833
0.000532688224
0.000481393799
0.000460390089
0.000394304632
0.000350910326
0.000332097465
0.000326759182
0.000297800289
0.00026734313
0.000229986632
0.000205383301
0.000200620212
0.000173058899
0.000149754065
0.000149798856
0.000149453321
0.000135962458
0.000122004363
0.000111918809
0.000104705461
0.000101468577
9.61683472E-05
8.48107084E-05
7.43641504E-05
7.21356191E-05
6.88476139E-05
6.54061223E-05
6.44218962E-05
0.00949527696
0.00882759504
0.00822076853
0.00754391868
0.00694034109
0.00622155052
0.00564760063
0.0050185984
0.00462181633
0.00424558111
0.00394729199
0.00370827178
0.00326338946
0.0030504514
0.00282317819
0.002661651
0.00238647847
0.00221910793
0.00198054849
0.00183295307
0.00161096186
0.00145804416
0.00129261287
0.00121121411
0.00120308774
0.00103228004
0.000922782288
0.000903922017
0.000910799135
0.000856802042
0.000757709728
0.000655601034
0.000607630645
0.000616263365
0.000533020066
0.000457143877
0.000465630757
0.00047186669
0.000440299395
0.000399845245
0.000371358678
0.000357658922
0.00034929195
0.000334323326
0.000297293474
0.000262354675
0.000258984946
0.00025235131
0.000242311682
0.00023622888
0.0128373327
0.0122071458
0.0114913564
0.0106939534
0.00975856092
0.00881225616
0.00813089777
0.00736712199
0.00684989197
0.00630618585
0.00594068225
0.00553802354
0.0049509122
0.00463873241
0.00434798421
0.00413523428
0.00378707098
0.00351328263
0.00317964586
0.00292583182
0.0025979823
0.00234454032
0.00210799207
0.00196804828
0.00195347657
0.00174055703
0.00153179152
0.00149723538
0.00151821109
0.00143593317
0.0012837128
0.00112023158
0.00103113987
0.00103701593
0.000923997664
0.000792662613
0.000799353817
0.000819313631
0.000761360512
0.000688995526
0.000644442101
0.000618417282
0.000598275277
0.000565727998
0.000501879374
0.000450656051
0.000446041056
0.00043546391
0.000413964997
0.000398945645
0.0160536431
0.0154818939
0.0146351615
0.0137238968
0.0123915011
0.0112779271
0.0105237719
0.00972523075
0.00907431822
0.00836334657
0.00791705213
0.00730313407
0.00662829354
0.00620006258
0.00585571071
0.00559040159
0.00522153219
0.00482192822
0.00440553064
0.00403334852
0.00361375907
0.00326444139
0.00296855345
0.00275701424
0.0027171066
0.0024992507
0.00217829319
0.00211620121
0.00214387965
0.00202953373
0.0018362432
0.00161615678
0.00147689099
0.00146530883
0.00133835361
0.00115505711
0.00115207152
0.0011840465
0.00109310425
0.000986975385
0.000927296816
0.000884048757
0.000845915172
0.000789926271
0.000701798126
0.000641047547
0.000633774383
0.000617984508
0.000582144305
0.000556122221
0.0194783695
0.0187844466
0.0177053548
0.0165684782
0.0150593398
0.0137792248
0.0129219489
0.012073026
0.0112794898
0.0104586277
0.00980231073
0.00905285869
0.0082891034
0.00778159592
0.00733470265
0.00703306636
0.0066260593
0.00612967508
0.00557284569
0.00510499394
0.00461688219
0.00420605624
0.0038722842
0.00362397311
0.00352422148
0.00327123841
0.0028935899
0.002796371
0.00278066215
0.00262770336
0.00240063784
0.002140122
0.00196766318
0.00191610469
0.00176647049
0.00156242342
0.00154250383
0.00154935545
0.00142133865
0.00129168306
0.00121326023
0.00114804495
0.00108122232
0.000999032287
0.000904987799
0.000841876201
0.000824465649
0.00079873408
0.000750642095
0.000716224138
0.0230556224
0.0221110061
0.0207208339
0.0192894246
0.0177643728
0.0163199175
0.0153329875
0.0144082736
0.0134758865
0.0125663588
0.0116274655
0.0107940314
0.00993874669
0.00936847646
0.00879163109
0.00846379157
0.00800442416
0.0074348473
0.00670694886
0.00615413999
0.0056114099
0.00516196433
0.00480225915
0.00453780126
0.00435687788
0.00404826645
0.00365386694
0.00351288542
0.00342039904
0.00322685461
0.00297143566
0.00268118177
0.00248505012
0.00237968354
0.0022019539
0.00199737074
0.00195239531
0.00190904876
0.00174521923
0.00159985339
0.00149987242
0.00140964729
0.00130846025
0.00120015885
0.00111200509
0.00105079147
0.00101813592
0.000979073346
0.000919483835
0.000877390208
0.0266070683
0.025415238
0.0236613899
0.0219977219
0.0204585847
0.0188876502
0.0177565105
0.0167165454
0.0156992618
0.0145864785
0.0134698078
0.0125192292
0.0115868542
0.0108898841
0.0102300681
0.00986735616
0.00936822686
0.00873482507
0.00790144689
0.00722612906
0.00662078476
0.00612667995
0.00572767993
0.00541779678
0.00516551733
0.00482204324
0.00440999912
0.00420103827
0.00403925125
0.00381927798
0.00354220346
0.00321980007
0.00298225437
0.00282894983
0.00263437722
0.00242053671
0.00232959702
0.00224099192
0.0020622476
0.00190417981
0.00178166782
0.00166588265
0.00153852615
0.00141303265
0.00132598053
0.00126556098
0.00121779682
0.00116417359
0.00108768546
0.00103045197
0.0301224682
0.0286924057
0.0265651308
0.0247163102
0.0231344029
0.0214661621
0.0201872047
0.01901244
0.0179220177
0.0165360607
0.0153230159
0.0142330071
0.0132260136
0.0123642627
0.0116534503
0.0112498505
0.0107113635
0.0100115715
0.00912700314
0.00831134431
0.00763844652
0.00709198788
0.00664025312
0.0062646647
0.00595396012
0.00558853894
0.0051526879
0.00486333389
0.00464128843
0.00440330524
0.00410727179
0.00375009584
0.00346029503
0.00326671801
0.00306165451
0.00282980897
0.00268110982
0.00255376915
0.00237420993
0.00220411248
0.00205840287
0.00191772997
0.00177146832
0.00163615088
0.00154604402
0.00148450676
0.00142200699
0.00135232578
0.00125531072
0.00117916171
0.033612106
0.0319149196
0.0295559596
0.0274928305
0.0257641301
0.0240080711
0.0226119328
0.0213490929
0.0200095586
0.0184538849
0.0171321798
0.0159430653
0.014809343
0.0138487993
0.0130553748
0.0126189282
0.0119763063
0.0111631826
0.0102492897
0.00936256349
0.0086346101
0.00802803971
0.00750641571
0.00708405534
0.00673891418
0.00632627774
0.00585324178
0.00551308505
0.00523491995
0.00496540871
0.00463972194
0.00424787262
0.00392480567
0.00370379095
0.00347395032
0.00322013604
0.00303125498
0.00286983442
0.00268304674
0.00249598315
0.00232553226
0.0021654435
0.00200499431
0.00186624075
0.00177479896
0.0017069584
0.00162917434
0.00153778447
0.00142258755
0.00133823929
0.0370679013
0.0350915566
0.0326028094
0.0303098764
0.0283604749
0.0265233256
0.0250382945
0.0236927811
0.0219886452
0.0203490127
0.0189071409
0.0176464133
0.016351562
0.015340412
0.0144404108
0.01396864
0.0131791942
0.0122196861
0.0112870587
0.0103865527
0.00961509626
0.00894424226
0.00834318995
0.00788578205
0.00752149057
0.00704372255
0.00652091019
0.00615235092
0.00582366018
0.00551228272
0.00514830742
0.00472258031
0.00438034488
0.00414053863
0.00387539365
0.00359595218
0.00338089257
0.00318969018
0.00298951822
0.00278220209
0.00258703833
0.00241175317
0.00223970227
0.0021006579
0.0020085068
0.00192875671
0.00183382176
0.00171824184
0.00158817787
0.00150415639
0.040403977
0.0382238664
0.0355516523
0.0331066102
0.0309586041
0.0290550329
0.0275112744
0.0258624479
0.023935223
0.0222101901
0.0206860937
0.0193158798
0.0179003365
0.016796574
0.0158127267
0.0152424881
0.0143552274
0.0132674491
0.0123081058
0.0114103425
0.010606071
0.00987828523
0.00921390764
0.00868829712
0.0082928706
0.00776830642
0.00717543578
0.00676871417
0.00641253358
0.00606425665
0.00566053949
0.00520410389
0.00483204843
0.00457115564
0.00427771453
0.00396209117
0.0037175247
0.00350621436
0.00329263648
0.00306882337
0.00285670999
0.00266718259
0.00248105265
0.00233442453
0.0022348871
0.00213035545
0.00200879527
0.00188048324
0.00174367928
0.00166059355
0.0436483137
0.0413109772
0.0384154022
0.0358836353
0.0335655138
0.031604819
0.0299891997
0.0278857183
0.0258644726
0.0240476243
0.0224661399
0.0209585633
0.0194618944
0.0182325616
0.0171768367
0.0164579935
0.0155120436
0.0143175023
0.0133241182
0.0124338707
0.0116042905
0.0108235832
0.0101084812
0.00948923547
0.00904908031
0.0084926188
0.00781872589
0.00736574642
0.00699868286
0.00661906321
0.00617511012
0.0056903651
0.00527877966
0.00499316258
0.00467696786
0.00431866385
0.00404282985
0.0038192831
0.00359207601
0.00335491728
0.00313262152
0.00292957551
0.00272712437
0.00256631919
0.00245388946
0.00231666956
0.00216189376
0.00202880637
0.00189151091
0.00180894963
0.0468972512
0.0442920402
0.0412724651
0.0386655666
0.0362012871
0.0341704972
0.032229919
0.0298624467
0.0277754217
0.025893297
0.0242046248
0.0225986708
0.0210467372
0.0197339039
0.0185423363
0.0176763497
0.0166382249
0.0153630376
0.0143378302
0.0134359207
0.0125823859
0.0117313666
0.010955859
0.0102607599
0.00975715928
0.00915609952
0.00843155198
0.00794681627
0.0075593614
0.00715263281
0.00666732993
0.00615392951
0.00570486207
0.00538637303
0.00503941579
0.00465101749
0.00436002854
0.00412872387
0.00388223189
0.00363003742
0.00340245198
0.0031885698
0.00297004031
0.00279129948
0.00266485009
0.00250796485
0.0023242624
0.00217673741
0.00204030913
0.00195792574
0.0501394235
0.0471873209
0.0441300571
0.0414460823
0.0388576239
0.0367163494
0.0342665911
0.0318166502
0.0296734553
0.027742384
0.0259068701
0.0242346432
0.0226470623
0.0212835893
0.0199094918
0.0189019796
0.0177404191
0.01640613
0.0153490473
0.0144193498
0.0135423783
0.0126093868
0.0117628118
0.0110094082
0.0104271928
0.00976899918
0.00902082771
0.00851474889
0.00809721462
0.00766693521
0.00714111794
0.00659865048
0.00611568475
0.00575686526
0.00537207862
0.00496549578
0.00467204861
0.00443533435
0.00416518748
0.00389608368
0.00366562488
0.00344149675
0.00320698298
0.00300989347
0.00286991335
0.00270438264
0.00249685068
0.00232703332
0.00219073147
0.00210788404
0.0532160811
0.0500644967
0.0469603464
0.0441650897
0.0414940491
0.0390167572
0.0362604856
0.0337696336
0.0315748528
0.0295427032
0.0275977664
0.0258308314
0.0242272038
0.0227640402
0.0212739743
0.0201141145
0.0188380908
0.0174610559
0.0163507275
0.015396771
0.0144985989
0.0135103185
0.0125824297
0.0117696207
0.0111005846
0.0103831412
0.00961409882
0.00906693097
0.00861977134
0.00817055721
0.00761868106
0.00704656402
0.00653714547
0.00613042805
0.00570892589
0.00528805656
0.00498551084
0.00473986706
0.00444872584
0.00416092854
0.00392056303
0.00367416651
0.00342107005
0.00322137983
0.00307419174
0.00289518386
0.00267196517
0.0024869144
0.00234139385
0.00225500879
0.0561445355
0.0529285073
0.0497538149
0.0468233116
0.0440803058
0.0410999544
0.0382430665
0.035723228
0.0334747285
0.0312982313
0.0292786155
0.0273919255
0.0257781129
0.0241733063
0.0226326399
0.0213120114
0.0199375972
0.0185312871
0.0173480567
0.0163676813
0.0154487016
0.0144287329
0.0134149501
0.0125397667
0.0117815547
0.0110060154
0.0102152154
0.00960893463
0.0091318367
0.00866604503
0.00810014363
0.00749889761
0.00696854759
0.00650972128
0.00605499372
0.00562205119
0.00530303363
0.00504345261
0.00473359879
0.00442620274
0.00416851928
0.00388930272
0.00361628062
0.0034267134
0.00327661121
0.0030790125
0.00284767849
0.00265451916
0.00249158964
0.0023984171
0.0590337515
0.0557268783
0.0524381399
0.0494182631
0.0464068986
0.043134056
0.0402326807
0.0376675874
0.0353230275
0.0330375917
0.0309190154
0.0289446674
0.0272454191
0.0255413167
0.0239616726
0.0224970486
0.0210608356
0.0196412187
0.0183768254
0.0173071884
0.0163551811
0.0152943535
0.0142216338
0.0132843358
0.0124625452
0.0116401929
0.0108283041
0.010167405
0.00964333396
0.0091515854
0.00856659655
0.00794532336
0.00738829095
0.00689168554
0.00641617598
0.00597532559
0.00563868787
0.00535015389
0.00501701469
0.00469451724
0.00441026362
0.00409797393
0.00381157664
0.00362447929
0.00346318819
0.00324981217
0.00301928585
0.00282048061
0.0026378443
0.0025320868
0.061903622
0.0584605373
0.0550292805
0.0519405119
0.0484990329
0.0451532006
0.0422280319
0.0395978838
0.0371214673
0.0347631276
0.0325216912
0.0304885879
0.0286394563
0.0268776156
0.0252585784
0.0236719158
0.0222067349
0.0207852963
0.0194373559
0.0182254575
0.017222859
0.0161092877
0.0150028346
0.0140058938
0.0131432237
0.0122842956
0.0114516299
0.0107437503
0.0101581085
0.00962960068
0.00901904702
0.00838591345
0.00779705495
0.00727603864
0.00678900164
0.00634249439
0.00598769216
0.00565871783
0.0052989847
0.00496427063
0.00464578578
0.0043040379
0.00401062379
0.00381567096
0.00363460835
0.00340959709
0.00318674836
0.00298376125
0.00278143771
0.00265920069
0.0647384003
0.0611312352
0.0576288179
0.0542436764
0.0505431667
0.0471773259
0.0442037061
0.041476205
0.0388908647
0.036440663
0.0341025107
0.031976454
0.0300225616
0.0281783994
0.0265002232
0.0248427894
0.0233639088
0.0219313949
0.0205217283
0.0192045942
0.0180892404
0.0169221573
0.015781194
0.0147422077
0.013829506
0.0129364086
0.0120777478
0.0113334805
0.0106957359
0.010111955
0.00947293732
0.00882595964
0.00821478572
0.00766468095
0.00715284096
0.0066884933
0.00631254725
0.00595765887
0.00558036985
0.00522092683
0.00486746524
0.00451641949
0.00422041444
0.00400081463
0.00379472366
0.00356630492
0.0033504325
0.00314474059
0.00293280394
0.00280224788
0.0675372109
0.0637442693
0.0602274016
0.0563458167
0.0525763668
0.0492050424
0.0461549647
0.0433034264
0.0406349376
0.0380713381
0.035662923
0.0334108807
0.0313979611
0.0294437502
0.0276914872
0.0260091126
0.0245231893
0.0230672937
0.0216151215
0.0202348288
0.0189562328
0.0177363008
0.016557049
0.0154909166
0.0145174693
0.0135906236
0.0127013391
0.0119293556
0.0112507278
0.0105976546
0.00992860459
0.00926463772
0.00864043552
0.00805521384
0.00750472955
0.00701060472
0.00661175838
0.00624664733
0.00586039945
0.00546458689
0.00507712737
0.00473339856
0.00443719514
0.00418011937
0.00394657301
0.00372121017
0.00351027376
0.00330374809
0.00309201004
0.00296111125
0.0702807084
0.0662819222
0.0625979006
0.0584113337
0.0546100363
0.051199384
0.0480545387
0.0450905748
0.0423295237
0.039669089
0.0371700674
0.034829922
0.0326914154
0.0306448862
0.0288556311
0.0271522515
0.0256300997
0.0241318364
0.0226174202
0.0211668089
0.0197851844
0.0185071807
0.0172966029
0.0161891207
0.0151677551
0.0142044416
0.0132879382
0.0124843121
0.0117670782
0.0110657327
0.0103670796
0.00968587957
0.00904231332
0.00842879806
0.00783920195
0.00731515931
0.00690083951
0.00652690465
0.00612970395
0.00570513587
0.0052859406
0.00493142661
0.00462855864
0.00434977515
0.00409863796
0.00387059804
0.0036611231
0.00346041122
0.00325295865
0.003120573
0.072968401
0.0687357113
0.0647368953
0.0604738556
0.0566434413
0.0531555191
0.0499020442
0.0468418002
0.0439750254
0.0412372388
0.038625434
0.036237292
0.0339028165
0.0317858532
0.0299968049
0.0282688774
0.0266822353
0.0251257773
0.0235283412
0.0219945945
0.0205760188
0.019235732
0.0180002581
0.0168363173
0.0157806575
0.0147783458
0.0138383619
0.0129980352
0.0122428508
0.0115161417
0.0107887229
0.0100902477
0.00941972807
0.00878577027
0.00815919135
0.00760683045
0.0071835313
0.0067997314
0.00638806308
0.0059439498
0.00549510401
0.00510969525
0.00479429215
0.00451201992
0.00425264519
0.00401462475
0.00380309043
0.0036132182
0.00341163389
0.00327558303
0.0755821466
0.0709891841
0.0668169111
0.0625446141
0.0586510152
0.0550627969
0.0516975448
0.0485448502
0.0455764942
0.0427535251
0.0400551632
0.037591815
0.0350934118
0.0329016149
0.0310912523
0.0293395519
0.0277071595
0.0261029992
0.0244442094
0.022838749
0.0213608313
0.0199740883
0.0187007692
0.0174950287
0.016394835
0.015358286
0.0143888816
0.0135151455
0.0127238696
0.0119682709
0.0112162195
0.0104952939
0.00980119873
0.00914473366
0.00848813727
0.00790383387
0.00746085169
0.0070681856
0.00663910666
0.00617085956
0.00569739286
0.00528485002
0.00496202288
0.00468303123
0.00441137422
0.00415632594
0.00393616315
0.00374455727
0.00354000344
0.00340216933
0.0781157538
0.0730499178
0.0688793063
0.0646212921
0.0606286004
0.0569217391
0.0534448475
0.0501998253
0.0471370257
0.044217933
0.0414626487
0.0388919525
0.0362775996
0.0340027325
0.0321420468
0.0303655379
0.0287093893
0.0270698592
0.0253749005
0.0237124506
0.022142427
0.0207252633
0.0194005892
0.0181716457
0.0170152672
0.0159497801
0.0149446726
0.0140405474
0.0132145174
0.0124231661
0.0116511527
0.0109026888
0.0101894271
0.00950684026
0.0088277692
0.00820808951
0.00773426052
0.00733302766
0.00688325195
0.00638523139
0.00589355407
0.00546248443
0.00513770338
0.00486374367
0.00457397103
0.00429612957
0.00406059809
0.00385333877
0.00363689312
0.00349951582
0.0804910213
0.0751102716
0.0709704235
0.0666612387
0.0625674799
0.058726497
0.0551493615
0.0518008918
0.0486493744
0.0456424914
0.0428123809
0.0401738286
0.0374667756
0.0351107568
0.0331988893
0.0313685574
0.0296607055
0.0279695652
0.0262291487
0.0245161746
0.0228817146
0.0214192159
0.0200552884
0.0188091062
0.0176174603
0.0165196583
0.0154858772
0.014535306
0.0136695253
0.0128525253
0.0120659461
0.0112948595
0.0105548818
0.00984769128
0.00915084034
0.00850728992
0.00801244657
0.00759081775
0.00711233355
0.00659221318
0.00609814515
0.00566518726
0.00532759679
0.00503732078
0.0047291494
0.0044303122
0.00417350559
0.003948153
0.00372246699
0.00358518027
0.0827107355
0.0772064477
0.0730879083
0.0686554909
0.0644638687
0.0604789779
0.0568121746
0.05334967
0.0501135699
0.0470299125
0.044101458
0.0414412022
0.0386600308
0.0362273976
0.0342670567
0.0323521607
0.0305592716
0.0287974812
0.026997624
0.0252386313
0.0235756561
0.0220496263
0.0206610262
0.0193999503
0.0181981549
0.017064197
0.0160103813
0.0149965221
0.0140849166
0.0132536404
0.0124573521
0.0116702365
0.0108949542
0.0101653785
0.00945402309
0.0087997606
0.0082954457
0.00784047786
0.00732674729
0.0067939437
0.00631244294
0.0058930805
0.00552933943
0.0052006999
0.00487531256
0.0045584403
0.00427543744
0.00403206004
0.00380154466
0.00366352568
0.0849335492
0.0792883113
0.0751019865
0.0705878437
0.0662772432
0.0621919185
0.0584137887
0.0548569113
0.0515274033
0.0483644791
0.0453591906
0.0426390655
0.0398213565
0.0373231582
0.0352884717
0.0332942009
0.0314330459
0.0296123028
0.0277660564
0.0259642601
0.024266284
0.022691166
0.0212620534
0.0199834965
0.0187727101
0.0176153798
0.0165357664
0.0154764056
0.0145110805
0.0136535633
0.0128472922
0.012047465
0.0112443976
0.0104870209
0.0097582778
0.00908926222
0.00856302306
0.00807742029
0.00754186418
0.00699642999
0.00651640119
0.00610164227
0.00571370311
0.00535347452
0.00501270825
0.00468020095
0.00437439792
0.00411400897
0.00387766352
0.00373717351
0.0871905088
0.0813433975
0.0769860521
0.0724504963
0.0680013597
0.0638648197
0.0599522963
0.0563240387
0.0528913476
0.0496442206
0.0465899557
0.0437595323
0.0409408212
0.0383878388
0.036251422
0.0341913663
0.0322872885
0.0304237306
0.0285481233
0.0267064534
0.0249594077
0.0233559236
0.0218663327
0.020566199
0.0193415657
0.0181754138
0.0170620345
0.0159816369
0.0149561549
0.0140562402
0.0132381646
0.0124278655
0.0116077755
0.0108167082
0.0100673875
0.00937668234
0.0088126976
0.00830249581
0.00776114361
0.00720116729
0.006706635
0.00628259033
0.00587595114
0.00549580343
0.00514105661
0.00479573524
0.00447271857
0.00419616327
0.00395095488
0.00380605413
0.0894140005
0.0833590329
0.078763023
0.0741788968
0.0696622953
0.0654442906
0.06145145
0.0577315353
0.0542102158
0.0508815236
0.0477586575
0.0448537134
0.0419908725
0.0393720008
0.0371698141
0.0350616165
0.0331024714
0.0311802365
0.0292651188
0.0273881424
0.0256056283
0.023978604
0.0224461947
0.0211129393
0.0198636632
0.0186768267
0.0175368078
0.0164420903
0.015377936
0.0144317066
0.0135941012
0.0127720684
0.0119394427
0.0111289071
0.0103677819
0.0096643921
0.00906969141
0.00853171851
0.00798164774
0.00740983011
0.00689332699
0.0064493129
0.00602403143
0.00562389055
0.00525389519
0.0049029612
0.00457323948
0.00427696807
0.00401336653
0.00386475376
0.0915829465
0.0853350982
0.0804416761
0.0757611245
0.0712645948
0.0669192225
0.0629131272
0.0590750799
0.0554838069
0.0520779341
0.0488581024
0.0459311493
0.0429654904
0.0402663201
0.0380470641
0.0359085947
0.0338746347
0.0318716168
0.0299018603
0.0279942658
0.0261953231
0.0245458409
0.0229960531
0.0216166321
0.0203307904
0.0191057455
0.0179497041
0.0168428943
0.0157676283
0.0147749772
0.0139083331
0.0130719487
0.0122297751
0.011418445
0.010656409
0.00995234586
0.00933884457
0.00876822416
0.00820238981
0.00762218097
0.00707811862
0.00660469476
0.00615973445
0.00573819131
0.00535185402
0.00500230212
0.0046759746
0.00435496448
0.00406309869
0.00391221652
0.0936424807
0.0873222798
0.0820879564
0.0772854462
0.072792463
0.0683386624
0.0642861277
0.0603747368
0.0567012914
0.0532175153
0.0499269068
0.0469495244
0.0438934974
0.0411312543
0.0388904996
0.0367243625
0.0346241966
0.0325474069
0.03053765
0.0285998154
0.0267796572
0.0251105987
0.0235410836
0.0221119188
0.0207832493
0.0195178501
0.018350048
0.0172339324
0.0161531027
0.0151318479
0.0142210899
0.013361943
0.0125127053
0.0117038153
0.0109403124
0.0102285529
0.0095978342
0.00900269207
0.00841970649
0.00782469753
0.00728536351
0.00677961158
0.00632057898
0.00589030283
0.00549023738
0.00513115199
0.00479864469
0.00443906616
0.00411415193
0.00393993454
0.0955662057
0.0893218517
0.083718501
0.0787717253
0.074237071
0.069712013
0.0655557439
0.0616319664
0.0578578152
0.0542947575
0.0509719513
0.0478972159
0.0447810069
0.041979894
0.0397005118
0.0375058129
0.035354685
0.0332180262
0.0311897844
0.0292213205
0.0273691881
0.0256831199
0.0240846202
0.0226054825
0.0212300681
0.0199266393
0.0187491216
0.0176270753
0.0165402647
0.0155121908
0.0145412218
0.0136503782
0.0127965072
0.0119888801
0.011219928
0.0104887681
0.00984047167
0.00923238881
0.00863187574
0.00801309291
0.00758424681
0.00705508655
0.00658912957
0.00616525486
0.00575277256
0.00536680408
0.00501065515
0.00457674544
0.0041975202
0.00392215326
0.0972424746
0.0911261663
0.0853412673
0.0801964775
0.0755772516
0.0710158572
0.06677223
0.0628148541
0.0589649267
0.0553306453
0.0519580655
0.0488151796
0.0456341356
0.0427804776
0.0404770263
0.0382617936
0.0360502712
0.0338453464
0.0317901634
0.0297971591
0.0279128831
0.0261992533
0.0245763864
0.0230615772
0.0216509197
0.0203141719
0.0191223789
0.0179992747
0.0169031657
0.0158594586
0.014838296
0.0139251351
0.0130720362
0.0122582726
0.0114764618
0.0107292384
0.0100703193
0.00945234392
0.00882714521
0.00818376802
0.00780949462
0.00727217318
0.00680285133
0.00638966495
0.00596729666
0.00554824248
0.00512262573
0.00462739449
0.00424099015
0.00392708229
0.0986366794
0.0926678404
0.0869498327
0.0815479755
0.0768033788
0.0722397566
0.0679441839
0.0639103651
0.0600218922
0.0563275851
0.0528729595
0.0497115441
0.0464518741
0.0435220264
0.0412177928
0.03899239
0.0367043763
0.0344168134
0.0323181301
0.0303086862
0.0283954218
0.0266402327
0.0250010528
0.0234689824
0.0220388472
0.0206744634
0.019461615
0.0183424465
0.0172327552
0.0161562804
0.0151032349
0.014182345
0.0133362832
0.0125070252
0.0117042512
0.0109484084
0.0102874609
0.00965998601
0.00900115166
0.00833544414
0.00797416642
0.00744593143
0.00697150361
0.00655681686
0.00612611463
0.00566988159
0.0051086382
0.0045893467
0.00425116112
0.00394393271
0.100038387
0.0940818936
0.0883941501
0.082818903
0.0779862627
0.0734139904
0.0690255761
0.0649500936
0.0610193014
0.0572708771
0.0537595525
0.050554499
0.0472276919
0.0442395434
0.0419239774
0.0396849476
0.0373279154
0.0349651501
0.0328322127
0.0308082085
0.028873371
0.0270803832
0.0254162885
0.0238662846
0.022412084
0.0210251324
0.0197877809
0.0186592489
0.0175353419
0.0164351035
0.0153620197
0.0144357653
0.0135946563
0.0127548883
0.0119334254
0.0111642769
0.010495021
0.00985625759
0.0091722291
0.00849010143
0.00813744962
0.00763162225
0.00714727724
0.00671209814
0.00626583304
0.00571402442
0.00507191103
0.00456575537
0.00425468618
0.00394054363
0.101533845
0.0954002589
0.0896166041
0.0840004608
0.0791463405
0.0745450705
0.0699959174
0.0659379214
0.0619491339
0.0581509843
0.0546262711
0.0513298996
0.0479558855
0.0449401513
0.0425923169
0.0403320417
0.0379210711
0.0354975462
0.0333476998
0.0313092321
0.0293616354
0.0275405124
0.0258373767
0.0242627598
0.0227736998
0.0213699378
0.0201056059
0.0189482477
0.0178111233
0.0167049412
0.0156220403
0.0146889435
0.0138479285
0.0130073428
0.0121727865
0.0113817817
0.01069309
0.0100407414
0.00934615545
0.0086549148
0.00831360649
0.00781794917
0.00732015958
0.00684582116
0.00637725927
0.00571063114
0.00505960314
0.00456269179
0.00425313134
0.0039074365
0.102979548
0.0966548622
0.0907497257
0.0851267129
0.0803273097
0.0756746829
0.0709250048
0.0668600202
0.0628324971
0.0589799695
0.0554214492
0.0520684272
0.0486484841
0.0455889478
0.0432193093
0.0409423411
0.0384789594
0.0359938778
0.0338188037
0.031766355
0.0298040733
0.027957432
0.0262177214
0.0246153958
0.0230991468
0.0216870718
0.0204018019
0.0192232914
0.0180794932
0.0169693418
0.015876472
0.0149349775
0.0140940659
0.0132519417
0.0124029974
0.0115911718
0.0108861327
0.0102208816
0.00951840635
0.00882720109
0.00849111006
0.00799157005
0.00747479266
0.00696938951
0.00642736163
0.00570155168
0.00506836176
0.00456704153
0.00423593773
0.00386211253
0.104317017
0.0978511572
0.0918312073
0.0862013996
0.0815365836
0.0768084973
0.0718304217
0.0677041486
0.0636710599
0.0597566403
0.0561201274
0.0527743995
0.0493043475
0.0461685844
0.0437984169
0.0415134095
0.038995035
0.0364432484
0.0342253931
0.0321596935
0.0301772226
0.0283055957
0.0265376456
0.0249057561
0.0233767275
0.0219662096
0.0206696205
0.0194872785
0.0183454175
0.0172281731
0.0161218084
0.0151703823
0.0143310055
0.0134827299
0.0126157301
0.0117877135
0.0110747442
0.0103981793
0.0096867606
0.00900677592
0.0086605642
0.00815627724
0.00762178982
0.00709156739
0.00643551024
0.00569927134
0.00509966584
0.00458661374
0.00418938277
0.0038142351
0.105503716
0.0990633294
0.0929353014
0.0872072428
0.082530424
0.0777503103
0.0726817772
0.0685006529
0.0644759834
0.060511604
0.0567801259
0.0534127653
0.0499083214
0.046718277
0.0443317145
0.042029608
0.0394670889
0.0368641093
0.0346139446
0.0325323269
0.0305328406
0.0286378264
0.0268467981
0.0251898393
0.0236448627
0.0222314335
0.0209260285
0.0197390467
0.0185914841
0.0174687337
0.016358478
0.0153959161
0.0145481909
0.0136915818
0.0128134508
0.0119749792
0.0112533513
0.0105679706
0.00985863339
0.0091940714
0.00883173849
0.00831254013
0.00776767731
0.00720672216
0.00649584923
0.00574911991
0.00511868997
0.00458900491
0.00410291553
0.00374186761
0.106502548
0.100313887
0.0940909907
0.0881266966
0.0831880197
0.0784002393
0.0734584406
0.0692517757
0.0652444735
0.0612514988
0.0574168302
0.0539611243
0.0504475087
0.0472478531
0.0448137037
0.0424770266
0.0398877822
0.0372584313
0.0349981524
0.0328964069
0.0308867525
0.0289706755
0.0271611996
0.0254866071
0.023915749
0.0224893317
0.0211750921
0.0199759919
0.0188080594
0.0176835787
0.0165847782
0.0156097086
0.0147383306
0.0138722602
0.0129947262
0.0121523757
0.01141755
0.01072687
0.010037628
0.00938934647
0.00900420174
0.00845608488
0.00790382922
0.00731308898
0.00662375474
0.00585348485
0.00514644943
0.00456110947
0.00398898544
0.00360958953
0.107394986
0.101394035
0.0952390954
0.0889643133
0.0836745501
0.0789090544
0.0741543546
0.0699207038
0.0659379959
0.0619402602
0.0580223426
0.0544722229
0.050957635
0.047750257
0.0452744216
0.0428839773
0.0402702577
0.0376175717
0.0353462994
0.0332279429
0.0312082693
0.0292759053
0.0274497755
0.0257596504
0.0241667386
0.0227314737
0.0214042775
0.0201922227
0.0190103576
0.0178825166
0.0167875122
0.0158004258
0.0149113555
0.0140378047
0.0131582217
0.0123109519
0.0115668923
0.0108779101
0.0102093704
0.00957121328
0.00914122164
0.00858988985
0.00802881178
0.00741757732
0.00676767202
0.00596276438
0.00518156262
0.00447457843
0.00387150515
0.00343006477
0.108195864
0.102187544
0.0963444859
0.0897085443
0.0840329751
0.0793165639
0.0747535303
0.0704781041
0.0665259063
0.0625522882
0.0585871153
0.0549603924
0.0514478609
0.0482179224
0.0457211286
0.0432536751
0.0406122133
0.0379313827
0.0356389098
0.0335111916
0.0314790606
0.0295369644
0.0276951883
0.0259898752
0.0243851617
0.022951385
0.0216046739
0.0203813743
0.0192019064
0.0180666354
0.0169570185
0.0159594268
0.0150682703
0.0141903898
0.0132996729
0.0124435211
0.0116988402
0.0110204741
0.0103638172
0.00972578302
0.0092672836
0.00872117188
0.00815624744
0.00755094551
0.00692883413
0.0060462323
0.00517343637
0.00433779741
0.00373315229
0.00324124726
0.108965345
0.102793612
0.0971284658
0.0904319584
0.0845003277
0.0797677264
0.0753217191
0.0709847137
0.0670047998
0.0630668849
0.0591127314
0.0554196648
0.0519232824
0.0486772358
0.0461248234
0.0435682125
0.0409070179
0.0382112674
0.0359025076
0.0337653644
0.0317234285
0.029773986
0.0279211476
0.0262040254
0.0245919414
0.0231497828
0.0217816401
0.0205503032
0.0193770844
0.0182361063
0.0171128176
0.0161036756
0.0152065782
0.0143234041
0.0134267546
0.012566722
0.0118253902
0.0111577008
0.0105085224
0.00986990239
0.00939783268
0.0088648051
0.00834018178
0.00775433565
0.00712093757
0.00615051063
0.00514892954
0.00422264077
0.0035634879
0.00305401813
0.10972026
0.1032179
0.0974054486
0.0911598951
0.0852012858
0.0803338736
0.0758795291
0.0714551285
0.0673509613
0.0634542927
0.0595904589
0.0558408424
0.0523818657
0.0491360836
0.0464627407
0.0438078381
0.0411416776
0.0384548083
0.0361424983
0.0339926109
0.0319465548
0.0299907085
0.0281338971
0.0264104139
0.0247934405
0.0233222656
0.0219326932
0.0206980184
0.0195299461
0.0183876678
0.0172603521
0.0162371695
0.0153206866
0.014429735
0.0135400044
0.0126862545
0.0119501017
0.0112891356
0.0106449882
0.0100099286
0.00953299832
0.00904131215
0.00855523441
0.00799660105
0.00736410962
0.00625714939
0.00509316614
0.00409337785
0.00326923514
0.00277942535
0.110361323
0.103579126
0.0976245403
0.0918063521
0.0859304518
0.0809089392
0.0763638914
0.0718449578
0.0676574036
0.0637757331
0.0600019917
0.0562352091
0.0527941622
0.049519714
0.046740409
0.0440111496
0.0413440317
0.0386708416
0.0363556854
0.0341944918
0.0321455263
0.0301843174
0.0283253826
0.0265961848
0.0249705557
0.0234739669
0.0220693331
0.020834567
0.019671537
0.0185234044
0.0173850805
0.0163476951
0.0154171353
0.0145227043
0.013640333
0.0127943829
0.0120660486
0.0114111649
0.0107680243
0.010143063
0.00969547313
0.00923590455
0.00875994563
0.0082952613
0.0076966784
0.00640455587
0.0050558839
0.00381300133
0.00287034689
0.00238206261
0.110812075
0.103918374
0.0979879498
0.0923081785
0.0865914524
0.0814413205
0.0767254829
0.0721131861
0.0679583549
0.0640440062
0.0603210144
0.0565998517
0.0531336069
0.0497736447
0.046945855
0.0441876352
0.0415194109
0.0388565697
0.0365335383
0.0343651325
0.0323125385
0.0303476136
0.0284862313
0.0267499108
0.0251081455
0.023602521
0.0221936647
0.020961944
0.0198040716
0.0186404157
0.0174748786
0.0164246671
0.0154957892
0.0146059683
0.0137252612
0.0128843738
0.0121677816
0.0115203047
0.0108730877
0.0102664502
0.00986939203
0.00943031535
0.00900312606
0.00863657519
0.00808398705
0.00671270583
0.0049572913
0.00333496626
0.00239090226
0.00195882726
0.111168899
0.104247533
0.0983578265
0.0926995203
0.087090537
0.0818703622
0.0770152733
0.0723504648
0.068223767
0.0642692298
0.0605495684
0.0568773374
0.0533953607
0.0499731004
0.0471163504
0.0443352535
0.0416682065
0.0390147604
0.0366812684
0.0345024653
0.0324471295
0.0304813609
0.0286195315
0.0268809367
0.0252275411
0.0237186626
0.0223064627
0.0210736264
0.0199035592
0.0187260509
0.0175458044
0.0164894368
0.0155612007
0.0146735255
0.013796987
0.0129620805
0.0122522898
0.0116070155
0.0109605389
0.0103753591
0.00998900644
0.00960084703
0.00929659791
0.00899895001
0.0086376816
0.00723480061
0.00468958169
0.00271696132
0.00179887458
0.00139922334
0.111455046
0.104567274
0.0986591056
0.0929664299
0.0873332545
0.082134515
0.0772392079
0.0725947693
0.0684262887
0.0644432232
0.0606629401
0.0570124425
0.0535546057
0.0501419716
0.0472609214
0.0444440544
0.0417825319
0.0391385257
0.0367926583
0.0345955901
0.0325395912
0.0305772908
0.0287188608
0.0269874521
0.0253344867
0.023824133
0.02240468
0.021161871
0.0199485905
0.0187652186
0.0176010747
0.0165497009
0.0156121617
0.0147185307
0.0138533302
0.0130274873
0.0123142479
0.0116612054
0.0110258395
0.0104631474
0.0100686736
0.00975653715
0.0095499726
0.0094355531
0.00942511018
0.00817244593
0.00411239918
0.00193444337
0.00118135568
0.000827076496
0.111645199
0.104794607
0.0988597721
0.0931308717
0.0874510929
0.0822877213
0.0773856491
0.07277181
0.0685576871
0.0645568371
0.0607190579
0.0570779666
0.0536463484
0.0502565689
0.0473590121
0.0445136093
0.041856952
0.0392197371
0.0368645824
0.0346526168
0.0325965993
0.0306377746
0.0287825931
0.0270584039
0.0254083816
0.0238973573
0.0224718451
0.0212199613
0.01996875
0.0187828895
0.0176370814
0.0165917613
0.0156453196
0.0147455996
0.0138898883
0.0130710797
0.0123531641
0.0116922734
0.0110670365
0.010520285
0.0100276116
0.0098175304
0.00964753795
0.00980844628
0.0103113176
0.0103632677
0.00258325203
0.000878215709
0.000482312724
0.000352362491
